10000
1489 842
978 1066
682 844
1091 1677
1549 1823
593 386
900 1982
1200 708
1893 1540
1322 730
1312 1578
1 1643
808 345
494 946
728 703
1376 846
1541 1487
1248 431
1777 1908
1293 1402
569 1739
1578 1304
626 267
1914 620
137 495
1348 142
1672 786
1824 1803
1603 801
1960 1802
1175 1420
1090 663
909 974
700 949
398 1832
1562 1574
1023 428
1204 861
1 81
127 948
1380 919
89 998
1973 166
578 892
545 1330
1116 165
1071 625
975 571
1901 217
1167 545
790 262
454 301
137 851
241 1948
1785 1233
1855 35
557 1321
1454 1987
379 1504
1991 661
400 388
73 1584
592 920
131 272
1607 1622
430 1699
738 1136
1695 58
1056 1777
36 1256
1792 157
220 1394
1502 426
1874 181
76 994
611 112
629 1920
1550 210
930 1562
385 1057
1847 1220
1239 1481
1063 1746
1176 855
1124 1380
574 1107
408 324
548 501
1463 1536
746 1642
478 1809
1964 1796
1298 1612
1278 17
1179 740
928 911
1060 1047
881 1546
222 373
1006 195
895 1490
1561 1615
924 610
689 433
1996 90
1477 1991
1640 1275
1456 647
444 272
1065 1558
1504 337
347 830
1155 1683
1057 1745
1695 995
1035 1902
1727 1430
928 158
1655 725
1589 346
1096 244
1252 1988
1006 1732
605 1053
1989 423
619 49
1651 70
1487 47
363 923
1144 264
835 567
1811 1740
762 1090
244 787
1673 1498
1252 1295
112 1109
1368 1980
101 1606
500 1647
1655 1531
1961 1110
564 673
74 79
1154 807
77 734
1190 1244
1281 838
1539 1601
151 687
654 1089
1770 11
1756 693
1212 1942
242 125
1407 742
178 1223
1041 593
1099 1493
934 1941
975 899
1323 379
1905 222
1841 350
1983 1500
438 106
1446 1749
127 1720
6 739
1438 1811
295 513
1753 381
1508 553
989 260
1238 1401
780 1953
870 1185
431 94
1976 258
1271 122
632 93
1967 788
1585 1484
93 54
1957 1804
1844 469
1553 91
1645 82
1756 1646
188 25
1033 974
213 1863
1935 782
1091 463
411 1678
1887 72
547 34
1607 968
1513 861
1921 1286
219 604
908 1406
751 80
566 364
1094 1916
1475 601
1482 1468
1333 1319
959 1390
701 1537
358 466
132 193
1304 1924
620 894
830 208
1690 1265
1118 31
1514 1386
115 1909
407 1782
1738 1773
167 1290
661 1956
1440 170
1976 1826
1047 255
1383 1111
1869 1439
448 40
866 920
1095 670
171 595
1987 271
1156 1828
1871 361
1724 1337
141 1387
45 138
1065 553
184 274
249 1924
359 525
1652 485
521 1151
40 490
1105 293
1548 1489
920 1068
1152 687
1847 1908
1783 1982
844 613
544 1070
621 737
733 810
763 1916
311 329
1246 1436
514 225
127 1145
1251 1273
1685 1825
950 414
772 567
921 1362
566 326
1145 476
1519 496
1524 36
398 485
849 1256
410 1852
1483 1264
1389 1158
1626 1191
1571 928
1311 1166
1535 167
1239 380
235 1108
1944 1698
836 1928
1728 1603
1702 444
153 1297
1730 1711
1527 295
1326 96
134 677
784 204
517 943
697 448
955 1612
1828 935
379 573
264 1158
840 1027
641 431
1248 232
1814 1741
46 834
176 1278
1270 471
804 1726
133 1469
217 706
54 1730
1880 893
890 432
1490 1391
1961 1056
154 240
1118 328
720 1561
1227 1878
915 785
417 599
1424 1829
1454 1720
2000 103
1810 1038
521 387
1044 1734
553 1071
238 1942
285 1494
1743 1734
669 605
135 29
447 6
1610 922
1946 1813
836 525
1302 1859
1192 1739
1671 1417
1590 1263
1816 513
367 193
1183 1717
927 144
436 1555
1785 1833
1007 125
1879 539
1604 979
1026 1094
1384 1545
1227 1706
471 188
1255 1125
1481 1502
807 1089
878 674
1223 485
991 1177
1142 1336
509 343
823 998
51 1086
123 204
802 596
871 1094
876 1583
4 809
381 1684
1721 1682
1835 912
749 1567
154 1928
832 1226
1638 1393
1738 808
741 137
1620 674
1520 1950
1294 1156
1710 357
1070 1905
1939 122
1985 1546
611 718
1741 896
659 405
1853 899
1901 906
155 467
1061 985
326 1274
680 1393
1077 1776
41 1226
1438 126
580 871
626 475
117 1271
1251 1073
1547 267
1420 144
61 393
60 1655
510 1428
440 363
972 411
85 650
745 703
997 30
93 520
1109 1144
321 577
421 739
1849 7
14 919
640 1267
1940 832
488 748
1588 947
457 1667
1667 1357
1836 1401
1616 1267
1242 1985
8 1086
358 1087
1712 94
891 846
408 48
57 1922
1665 1750
1795 290
655 524
689 1382
1654 1113
1149 1247
1028 348
1802 1880
61 139
516 1944
178 1971
155 56
524 598
1278 1199
296 509
398 1383
1669 32
1197 277
1754 1576
1262 94
713 1701
706 1037
1191 1862
1103 635
459 281
595 941
1494 1133
1098 250
724 1285
1468 1990
466 1979
361 214
746 1365
1183 251
491 1133
57 1559
1617 216
1037 1530
431 1252
352 1627
1168 1672
430 10
1913 447
566 1035
1200 143
1995 323
1325 1856
1506 1100
592 1580
742 372
1234 809
781 753
971 571
299 1578
783 197
1374 934
682 1389
1834 20
1384 1233
342 1631
444 1937
1407 468
1239 279
1801 215
1941 1607
468 447
1794 219
515 337
138 1327
503 768
697 1574
487 1914
628 308
1451 1023
1780 861
1255 162
1206 1277
1933 800
174 1758
1050 501
65 35
622 872
986 1635
1884 1653
1318 1951
983 118
332 475
1904 1019
1331 147
1568 1558
1897 1398
252 1463
1655 1141
1044 1523
1484 1852
577 1481
1810 1531
1285 670
210 443
1252 1338
1883 1181
1613 564
519 792
1956 899
711 1897
505 1265
486 1390
760 1248
1160 97
275 1567
122 1494
368 1746
957 5
267 2000
1001 1077
1530 1938
1765 568
241 1299
175 702
1101 491
1565 610
687 1892
1489 1170
1844 850
631 798
1641 2
164 1720
452 756
934 1819
482 571
1233 1209
1072 1061
606 354
168 1345
91 702
308 1927
1020 98
1716 484
1288 1694
1594 1777
904 1908
1235 988
557 24
480 707
989 1927
967 1743
1429 275
1535 547
456 1702
1984 1055
1316 1963
1820 1546
585 635
471 1756
1157 1719
1153 830
184 1060
583 1936
1302 592
1287 101
851 1608
1818 303
1978 1998
685 518
268 407
1952 150
1215 916
1115 764
587 55
812 440
1607 210
1816 578
1023 975
690 1593
717 433
788 1415
1184 1359
865 65
1846 1552
648 191
1886 1185
621 565
623 224
1307 1814
1569 1846
880 44
549 1407
688 1081
1472 312
1157 1791
626 1081
1413 969
1658 55
1349 979
608 1961
806 716
1042 1832
943 391
1765 1488
22 1510
1515 178
330 993
1363 982
1569 824
1262 1472
594 1716
1209 1405
246 1721
1335 1546
683 1932
1260 323
106 258
394 1072
1377 1406
284 1296
1668 341
1374 306
940 1097
1087 987
80 1447
1184 719
751 8
1951 653
1120 1041
1029 44
198 1073
1356 736
830 1840
1739 350
1964 669
1407 1185
1050 124
1481 722
1892 1015
399 1995
1523 1529
340 137
738 1103
272 12
510 1930
66 1078
1888 52
579 1200
566 330
1671 1923
1102 1838
1053 754
413 1826
454 1547
111 487
843 1372
930 1024
1741 345
1955 1350
1631 1742
1141 1575
1870 261
1508 1606
186 546
958 1592
1933 681
321 1127
317 353
545 1374
461 1005
1399 870
699 1327
1398 808
980 974
267 1702
830 857
1079 1460
509 1686
1161 836
1403 766
1297 997
927 1549
1327 931
1006 1785
792 1083
45 1999
937 1364
261 664
223 1801
415 1843
1669 1800
128 1293
1785 292
385 128
1228 1427
791 889
1617 938
1568 951
952 1976
1588 502
1364 1638
1312 1123
1898 1936
861 1945
505 710
101 1417
1919 1597
892 1087
681 1823
1683 1810
988 1774
977 171
183 219
710 1334
1494 512
1061 356
1264 1369
900 1849
1182 1048
1442 163
1330 1066
566 664
1603 1828
1599 1230
1643 1229
795 1244
1537 497
862 1023
1517 764
1601 1687
1368 474
1917 873
48 791
1851 288
547 644
45 783
887 14
1853 203
531 403
87 159
1327 1153
1376 716
834 939
1994 1950
625 289
1148 864
1 135
389 1002
220 89
31 1460
46 1240
594 1593
815 3
1517 173
1249 460
520 720
865 839
549 1793
1263 1104
1133 1765
1380 782
470 1827
1147 1988
36 162
866 312
717 635
1260 740
960 748
550 59
227 814
1259 1087
1627 725
348 503
1389 610
1396 569
1221 208
649 200
1126 42
774 1570
1234 895
1820 1889
876 1611
195 189
1196 1430
1385 1527
1736 428
910 1506
1502 954
39 885
1748 1109
512 409
258 802
226 1067
764 1179
1625 587
863 1261
1701 388
920 110
1993 1058
1145 1692
1758 1139
1804 376
1656 1107
1936 1216
1806 489
1235 1504
119 1657
994 57
701 621
896 1774
1775 1160
1214 1392
1655 461
1534 60
1498 2000
1731 1121
388 83
16 1405
576 998
1366 1912
488 329
134 1623
1077 1214
1994 1043
659 978
703 741
570 1772
1452 285
287 613
246 1094
280 288
939 1582
783 1029
1712 848
892 1955
760 840
1239 1370
708 431
1935 885
220 269
1241 188
1131 756
422 186
503 396
444 495
696 1896
405 1273
1986 1516
1564 599
856 670
104 1616
287 359
226 1354
768 750
1292 1608
1463 260
344 513
1661 1647
1412 849
185 334
169 959
116 1934
346 884
1399 37
632 1033
269 849
1147 1785
82 1615
414 1461
1507 1279
605 495
935 1709
97 1564
1161 1702
1083 609
201 1279
1219 241
297 828
936 1771
1038 463
1001 170
1562 1097
145 1161
249 1738
542 869
584 906
433 1765
826 1062
1172 433
1646 651
904 20
1663 1588
434 793
702 696
448 202
366 1898
1818 314
352 382
1269 1023
1152 1335
1684 639
540 1370
1428 1572
477 1127
254 437
363 1104
1108 35
874 671
1952 1783
1708 1837
1667 1727
1708 1211
1388 666
1358 1013
1008 267
1036 1046
441 648
671 864
792 1173
1952 1819
1279 397
1443 1364
1103 1726
1339 80
1139 131
1830 1772
548 1275
322 612
1680 474
1612 1979
303 623
1217 428
1668 689
112 1835
335 1319
112 147
1194 1390
534 1564
49 1295
1353 1247
1172 507
955 1291
296 1088
1489 1413
1955 49
45 459
1617 922
129 1509
1727 1424
1106 994
1118 1078
1460 118
857 822
1246 1271
459 1674
1832 1044
510 109
822 1799
1900 498
302 1023
1107 1182
1725 908
1958 720
724 205
257 916
1332 1752
363 728
1978 1318
1406 1802
483 1825
683 1937
1194 1299
1163 1217
1126 830
857 1754
1253 1890
1793 1395
638 129
705 933
1441 1308
814 678
1915 63
305 746
810 1766
1154 136
389 900
1824 1246
1056 1296
1714 1260
507 501
403 1184
657 748
1938 527
233 1987
1278 527
1661 1848
694 1272
1181 1426
1594 930
1237 1249
1199 1078
1683 263
552 392
1695 325
208 1435
1782 1957
1823 1153
35 334
1290 1898
329 619
1043 1063
1616 814
1838 245
590 767
1083 448
1755 433
939 237
614 1843
1302 1151
1628 1533
1753 1656
1705 987
1231 179
606 480
196 1015
1938 1050
606 1686
359 1258
1388 1034
976 1294
755 1815
1826 1310
643 102
1942 1143
411 903
1547 1963
643 1433
201 1793
1036 918
273 101
1214 922
704 1924
38 776
997 338
1464 356
456 1079
1619 288
71 288
1046 857
546 270
680 126
109 869
836 1837
361 173
1575 1620
759 451
283 594
573 52
643 1997
1108 713
305 732
1602 604
1560 191
569 451
569 1444
1820 1054
1024 1763
1279 1954
1942 1653
1060 1065
194 1095
1175 1762
1434 1228
1822 1440
1031 1120
319 964
609 1963
1605 1424
1776 1664
1967 312
590 1840
251 1516
865 245
1567 475
522 1108
1715 37
1436 1232
1210 847
970 898
463 1449
1274 360
703 609
476 1178
279 522
1345 850
721 536
1089 1057
1143 308
1347 1204
1794 473
473 1185
226 637
1148 1870
164 1942
533 971
96 275
678 993
798 1886
1072 1335
570 244
543 268
739 624
307 122
1087 1236
1302 1409
1709 919
582 1887
1030 535
491 359
1198 1789
849 1507
1611 1893
764 1044
1016 877
583 1408
1818 571
960 738
1044 467
1102 648
18 1686
936 163
1241 1946
70 1511
905 977
1366 521
1143 1762
661 287
1754 1494
157 1393
1689 9
1706 1918
1114 1361
397 847
400 1530
978 1940
117 95
1655 276
1513 1494
972 1265
735 1031
277 1002
1306 1784
1438 176
493 1909
951 299
507 737
1528 351
635 673
1074 1869
1533 759
874 1625
1390 702
633 508
1798 1242
546 402
1085 1639
350 1679
1133 1027
81 1283
399 1085
261 996
1302 223
1553 1205
678 290
550 549
696 32
847 1582
1957 1465
623 250
797 318
811 1190
701 1797
46 590
1872 1327
1814 1398
1856 896
1335 1123
706 675
414 11
824 18
384 183
1331 1077
1594 1101
1277 1924
1437 196
1993 80
1950 1029
1180 129
748 503
1887 1646
954 1388
113 807
263 868
379 1824
123 1750
1614 1365
945 1038
1657 1771
52 1557
1965 1536
978 1546
424 161
113 185
75 1311
1008 1365
581 1315
1214 683
1252 134
29 835
31 379
529 485
1318 550
446 774
542 692
1656 1168
774 1676
1941 243
1696 971
563 1191
15 1171
1034 934
1014 48
460 528
1137 1701
801 1345
1969 595
368 202
1279 90
292 1579
1370 1265
1394 1395
1586 1939
191 1233
135 1647
1775 483
1823 655
1871 132
513 1064
1529 755
1457 1677
486 400
316 974
1992 1359
1855 681
1278 1125
1040 463
1061 1283
1095 1187
1212 736
239 1580
102 705
513 779
427 1006
1241 356
1424 941
1830 1838
1753 1826
77 1309
1385 1028
812 50
1161 485
317 631
167 1860
904 1587
254 1448
1582 68
1901 1947
40 648
1687 1872
882 397
1469 54
1231 1084
273 1476
1963 1470
1163 1783
1025 1571
762 14
1360 584
22 740
1185 1788
906 1671
1329 1717
361 630
759 1689
1762 413
935 306
1400 1128
1720 611
31 256
1519 1991
613 1790
538 502
403 668
1754 496
1837 1132
1298 695
1601 642
1661 1146
492 791
957 1983
878 721
204 718
1336 1852
1808 666
1358 26
1375 1487
1032 677
547 252
1967 1398
1348 263
1016 581
1449 1996
920 1018
1932 667
538 523
1208 1141
1676 1118
305 1452
839 334
1778 1236
443 1071
1826 508
1539 1231
1290 1932
19 1106
226 254
128 92
1067 383
1982 608
1536 1448
720 1914
181 625
68 72
271 98
1000 935
863 1149
573 1259
1358 1902
489 1067
762 1403
786 1229
765 200
281 1172
295 1562
1491 150
1142 1444
277 1469
1690 243
1160 348
263 1554
749 1539
994 1456
1199 14
1929 809
1818 1198
1922 595
151 1725
1447 587
1771 954
26 590
1978 1188
1026 1449
686 249
1811 825
1066 1735
1543 189
366 541
1413 1538
930 1527
450 1253
1917 1064
1783 1926
341 18
700 1041
850 679
1503 444
1592 43
1148 1082
1239 165
654 1214
1827 815
943 1979
1742 926
819 1006
1173 1280
637 361
301 247
871 487
24 1872
1994 394
1499 1659
562 1249
1628 1403
1082 943
1277 44
1519 216
548 1282
1701 764
191 1001
230 1465
1845 1965
269 80
220 1435
466 15
1716 1929
528 624
912 256
1725 881
656 1074
600 189
93 1018
720 31
623 650
918 1816
419 1423
592 1227
1003 1857
1552 826
86 990
1765 213
459 1005
871 503
1859 638
1282 1518
375 1621
1309 362
1160 1079
1297 80
1557 623
1067 1632
965 1921
1920 380
1045 1972
1498 1177
1345 1561
1012 744
1828 505
1083 752
7 1485
367 420
1435 466
1012 1189
498 1873
841 756
1765 142
777 205
89 1727
266 232
10 1223
1901 1559
207 448
1438 1776
1102 444
1551 1850
1072 199
146 623
488 454
1670 118
1084 181
1397 834
1520 1057
984 559
1911 602
820 1895
170 323
929 464
570 950
13 52
104 354
1018 1312
1100 347
129 550
1614 1170
1187 1438
390 1482
1827 659
292 147
1397 1831
1985 1033
221 795
213 399
1540 925
152 1698
866 1352
478 314
895 263
1985 522
73 982
281 759
776 243
174 1823
1784 1501
818 1569
1673 566
964 782
456 1776
1408 207
1132 1218
12 1033
1025 1938
1550 1298
1015 356
1787 748
704 66
1798 1167
635 1090
1793 1667
1384 386
703 1173
307 1990
1598 1672
69 1171
1821 122
1744 942
999 1629
283 1732
687 148
615 644
314 829
1114 1233
1781 877
555 400
957 1375
21 128
844 842
286 1694
461 1434
4 1305
836 1061
1750 175
878 268
668 912
1765 1941
1696 567
1222 1747
626 754
1682 1116
258 1166
1042 392
1457 1351
312 873
1602 624
1326 444
75 1516
1277 357
1918 1528
1339 1263
680 361
255 1740
850 1223
441 1971
358 1968
93 1404
1810 1783
828 1711
364 1595
1700 1081
122 1985
502 1370
988 1456
870 957
684 70
1048 1566
1426 1172
1443 1361
627 1713
1650 1055
791 118
75 1257
133 600
1048 406
701 617
1297 442
147 1528
1912 1844
1565 1134
991 1487
1424 1008
75 26
475 218
1980 1544
471 1010
177 1048
1335 619
1993 753
1344 1666
516 1594
680 495
1692 1758
180 745
1060 1099
528 1461
65 1797
1638 496
1370 379
1336 1383
1564 1323
727 293
874 138
823 1264
557 1195
1354 1769
548 1445
10 17
246 360
1747 330
1251 1910
1658 906
1426 839
661 772
945 424
1213 165
23 615
1610 1848
1505 1164
1481 296
281 1995
784 1410
1418 796
470 281
1045 1185
1426 1867
381 1035
1420 354
280 900
1157 30
274 1470
119 757
1545 372
1575 201
1914 1199
155 1720
1654 1407
1832 424
682 836
568 781
905 816
1617 1859
220 297
738 976
670 1739
1017 166
348 1835
15 1251
1422 1910
1695 929
838 61
1607 770
1256 101
1094 290
1555 1556
1197 1080
1447 719
222 420
1957 644
1855 646
957 1084
698 1054
342 230
576 559
1762 1600
1447 1326
837 1942
285 1008
1627 1608
179 233
833 1509
1774 168
1868 1710
1690 1574
1006 489
1896 327
631 29
480 1608
1321 349
1584 1616
303 1059
1398 1999
1506 1645
239 1325
345 1440
1189 123
930 1559
1539 151
45 40
1346 21
1814 1933
195 1715
496 543
54 450
1127 1178
840 1922
10 450
1630 229
1958 1474
997 177
1024 1864
1653 347
1738 1077
541 1231
221 53
289 1936
802 565
637 1005
320 1209
416 102
1965 1120
1601 1582
1101 843
1567 1483
1317 1402
1376 1179
1369 1673
1390 1372
670 1662
773 1262
1064 1539
623 1733
759 1079
1739 108
13 123
560 109
1966 1161
358 624
1400 23
1742 1088
1257 1878
1698 939
684 995
1770 338
152 873
228 1231
1885 409
315 864
1005 1735
916 1321
1163 939
1064 1544
1041 89
181 1243
443 1314
1957 750
327 1529
622 654
47 532
749 1385
1486 753
1755 1448
1791 5
63 1871
708 1825
487 1062
1207 776
1792 524
978 1635
1246 957
1073 1968
715 1511
834 184
1006 1747
1204 297
1226 1701
704 1900
119 33
767 554
984 1310
362 1018
1688 1677
170 1140
1117 1603
1502 1574
1736 1784
271 1987
1465 653
1564 1031
1396 1175
666 509
1556 119
1494 436
1647 1297
1689 1162
139 582
1786 1195
1549 1789
232 319
152 998
1816 1018
358 625
1586 568
581 25
1842 688
1069 417
1353 1108
169 810
1756 126
462 1899
1231 15
905 294
1319 241
747 804
758 169
1468 1155
1099 1501
1006 1774
124 354
380 659
1977 1570
1256 1285
428 1847
1471 624
1755 229
1612 823
1299 602
22 1003
519 755
1767 1154
431 1548
1521 1945
1835 220
670 1635
1326 1365
67 979
692 1736
1546 699
134 1708
1987 1689
1773 476
674 1305
76 1138
1940 1969
1858 283
719 151
544 1767
621 159
586 1266
1403 1530
1834 691
667 1925
26 1976
812 1384
229 93
107 1550
318 336
634 313
1559 981
1413 896
127 441
1067 352
1151 314
1406 55
217 1810
1804 1038
1189 1263
1229 1068
35 622
302 819
1007 671
554 1658
511 1789
125 695
1748 1192
1377 1199
1996 853
329 1045
139 1735
1106 1171
898 781
332 164
1416 1646
327 252
1439 1978
1749 1835
1197 218
1637 108
1166 937
1521 199
1893 1023
469 703
1466 1453
342 1173
1527 565
1838 1988
365 44
220 1148
977 872
189 1825
243 188
362 1154
32 836
313 1274
1858 957
1689 241
1480 1492
118 1366
1583 556
1700 552
1134 1844
1629 1271
729 120
510 811
1564 931
1305 71
288 828
401 957
1858 1068
1790 1932
1447 1194
1888 300
1800 1942
1137 1717
1315 241
151 1717
123 832
252 1838
495 1849
167 338
1567 1237
532 1642
527 882
1012 178
1361 1788
677 391
213 1029
349 21
116 1288
1910 1293
15 1258
676 969
129 1969
1107 52
1280 1342
1335 1447
1182 703
953 1429
235 1937
686 1135
1923 1660
458 1986
1647 1667
1362 767
1360 798
1445 358
1932 379
1520 1205
1757 665
431 238
1747 335
1516 1866
1311 1604
337 703
952 160
456 1734
1335 1958
1433 1192
580 1373
1193 1596
356 1981
1031 674
610 1472
1409 1161
461 575
1367 824
147 1674
731 1918
482 117
1231 1812
366 1352
234 79
354 318
654 35
1280 133
45 157
995 1067
739 853
1475 317
938 975
891 681
1761 524
991 256
235 10
604 871
993 1159
959 1824
1070 1455
1779 1490
1652 1461
1745 1048
1771 641
264 1608
609 1062
829 506
499 1924
494 896
850 237
1168 1597
511 322
544 1262
1200 954
406 1430
843 905
1865 728
292 942
571 775
526 1660
528 409
1419 369
625 1473
402 876
857 1968
1375 165
7 307
1098 275
1704 1011
1217 1314
516 1215
439 379
112 453
1240 1059
732 117
260 29
1179 1359
1468 1029
1994 1297
1112 643
1883 1914
1093 1776
1784 1510
1343 1723
149 1172
527 1436
63 1633
841 1581
1865 918
790 147
697 1710
1272 1206
222 276
549 68
1874 625
1566 1281
410 981
1311 1668
740 535
1706 1237
1080 907
550 155
1396 1625
140 29
1043 1861
1330 310
1316 717
345 624
207 722
1932 1026
1543 1292
1993 1092
217 1170
523 981
1490 553
1448 1905
1276 1993
822 1359
105 1995
851 1216
1169 587
1253 1378
784 306
905 1207
1480 893
779 1946
1057 1158
1427 468
601 165
620 1557
901 913
952 1540
1574 1247
1271 1903
1220 1584
1497 1167
1368 1359
1786 793
1132 1809
1630 1747
1160 569
800 1606
1678 1782
385 1934
1464 1660
1958 439
1587 857
1025 219
648 1956
1828 1306
1361 705
571 836
1312 1411
1480 393
1061 1984
1229 517
510 1141
1043 1573
1101 1954
360 206
1872 617
1011 595
804 155
1046 617
331 513
1143 1930
1716 617
1505 918
1543 1435
1562 283
1861 140
1851 616
1117 1980
1128 1303
947 1647
618 1980
1856 640
801 1391
1930 819
8 1762
868 1082
1211 940
443 372
161 1539
1845 635
1922 473
376 1078
1825 1123
222 1766
41 1294
260 527
1450 1980
731 533
981 181
1340 1980
1907 233
1469 219
1415 579
1244 1859
133 49
1700 1772
329 214
197 654
1681 1037
887 1812
1123 395
1698 1767
592 1472
473 812
7 1900
1118 249
1368 266
1146 1210
1629 1007
216 441
1221 1411
773 1508
165 824
1768 1988
224 1240
1999 1404
1088 83
1179 1021
1103 210
1802 504
441 1942
1373 1217
1625 779
631 954
1673 1366
1117 995
824 1360
1606 419
520 1684
1208 526
615 1294
111 1345
1815 1288
608 1075
1163 713
999 268
818 540
594 1699
1036 1262
585 200
1704 136
1672 1108
1362 880
972 380
97 1269
870 1226
812 1492
893 1778
674 129
544 1324
148 491
1794 1286
151 1561
882 1715
1806 984
1352 1556
1869 1098
757 1921
1020 1100
866 830
735 1032
690 1148
652 1879
1051 1859
1513 1754
1800 1421
636 1684
962 85
1160 1289
457 1759
578 299
1277 1614
253 63
299 1507
23 1039
543 630
35 390
1985 1390
860 1959
455 1084
1646 1019
1589 669
1097 830
1901 1892
1170 472
1451 252
1062 84
1643 1497
857 652
386 1628
375 1876
689 70
1840 1317
1281 1243
1683 1477
122 124
1880 759
1284 1450
814 605
1306 1923
1724 1419
943 459
200 702
1140 853
1866 1399
1333 448
844 1044
1016 1666
1794 1238
691 456
1830 478
71 1399
359 972
754 1358
825 14
609 1914
329 1995
1075 793
99 508
1610 185
1230 221
742 703
988 1835
1255 1747
1315 207
856 24
1212 881
138 622
311 1256
211 1809
1441 1460
1252 1986
151 1863
332 397
445 1759
412 934
101 1276
1309 1398
249 623
949 1178
1032 180
418 37
1340 345
1000 494
1984 253
1057 245
558 448
564 1186
1163 1096
271 1031
1184 1817
1294 418
1109 1849
414 750
536 975
759 1251
294 978
118 210
441 910
1110 1536
1 806
1284 1348
1101 970
405 107
1419 634
373 673
774 1970
1766 1590
891 268
1339 157
1381 1124
1667 198
1929 1193
1895 896
1829 846
1678 284
1903 1851
1312 511
182 1573
1439 1037
730 1784
172 1103
110 1043
1169 121
178 189
545 1731
402 1717
686 1092
731 506
683 1389
568 1924
590 1639
1397 1814
913 1738
1931 24
888 724
1432 1951
245 1807
1790 1011
244 806
277 614
40 522
1970 507
1457 1569
799 929
1991 1829
896 825
812 1911
83 1182
1199 916
1363 1052
1599 741
382 469
761 66
1552 29
1064 782
537 1219
548 623
1849 620
743 617
1512 1852
1064 678
512 560
1603 1979
1675 182
406 1270
736 1615
1168 39
249 1194
1773 1841
741 583
1282 813
215 446
584 595
30 1089
37 1224
604 1110
210 399
373 1450
427 792
1750 146
945 1595
1107 73
1710 830
415 1159
115 174
898 359
629 159
60 1109
688 1854
26 785
1409 339
855 308
628 165
436 907
16 1744
1825 824
166 357
80 1356
1833 21
1286 703
515 556
825 217
785 449
840 1457
47 718
652 1567
967 1652
1512 1143
1399 1213
616 1631
1138 1623
1858 832
493 1728
1369 105
336 586
1752 200
672 510
561 11
1440 1346
334 1177
22 1387
1503 1734
1455 198
418 1122
1592 1822
986 407
988 638
1822 1365
1224 211
701 1510
804 797
1534 48
1900 511
1327 987
1694 1307
1246 1959
1766 1566
1730 491
1434 866
157 1628
1929 1819
1373 697
1442 1650
1629 1306
1643 1801
1805 1158
249 1981
1432 1783
1145 1894
78 1352
1624 875
871 26
381 1055
967 938
1822 563
1534 817
1541 592
733 823
1611 1825
860 830
1736 670
1667 304
1256 1002
1799 694
1916 607
1687 1368
790 1593
819 581
1558 1482
900 151
26 630
1825 1197
206 1372
1505 983
1608 1681
1581 1039
647 599
462 689
1151 1050
506 1948
211 172
1662 977
1383 56
1762 1414
1035 418
633 1632
1629 1813
1885 384
510 1038
1820 145
1096 1363
687 1854
506 729
1416 154
394 1580
1065 945
845 1207
1402 317
1627 1410
1583 135
1813 476
1716 61
1150 182
532 1258
1723 266
1137 1928
377 734
571 1522
1216 972
1217 67
1189 1416
559 1571
1815 947
1406 353
671 1480
1829 419
1570 981
1715 548
727 1965
1035 1410
1565 349
324 720
1116 859
897 295
1093 1649
1276 874
1278 1548
847 145
1607 982
36 1750
44 951
1404 1701
282 219
1550 1912
361 38
251 1574
209 148
423 719
341 698
925 271
960 851
1016 687
923 761
887 636
1520 683
61 143
756 803
1452 1153
1029 393
1186 990
215 1812
73 1072
1812 462
139 1240
1814 587
1107 280
784 753
1274 402
300 1954
816 271
1709 1592
457 1161
309 1517
220 176
1440 269
1893 906
1825 110
1900 1259
226 274
552 923
298 845
533 1274
543 284
1240 839
1025 1849
900 435
893 250
373 1326
331 1177
1207 164
940 728
1123 659
1423 470
800 647
21 31
961 535
1129 1644
1854 585
917 1903
449 1589
586 830
1278 1547
208 1516
655 468
408 1623
1027 1038
291 327
1971 1541
1481 1529
830 1634
1462 1264
1147 27
1623 1450
910 1046
1968 1599
1284 75
1940 1580
555 237
1064 591
1165 1999
164 1631
511 1135
1673 321
1420 1745
1252 1423
1532 1724
691 806
1617 1
1788 315
186 1341
1947 376
371 365
29 1084
266 1939
1060 385
1805 137
1007 577
1151 365
20 943
1879 383
324 250
1834 484
849 589
1270 1054
869 1933
1713 1792
995 310
615 1407
1322 1594
1181 776
1173 138
974 206
671 849
169 1010
101 1571
1636 952
429 1120
445 320
1116 1199
1978 1468
1211 498
716 1401
372 866
29 80
1945 1738
900 901
1509 1452
1817 1721
1761 782
501 505
1616 42
1242 273
737 1636
1069 1278
810 1463
732 1312
234 117
1274 1307
773 1958
1197 88
913 1055
1632 1093
1546 252
1299 638
499 761
361 641
404 469
994 847
1323 1218
471 278
460 43
912 240
1333 1807
726 808
1109 1608
885 206
1990 1648
1915 606
462 362
475 815
1452 1567
1688 738
301 83
1449 1240
1524 1455
352 1080
443 881
664 816
1548 337
1711 1358
1658 1561
663 1970
1846 529
1113 479
825 918
67 654
1503 1808
1430 1492
1553 1140
1559 1711
745 655
575 1604
273 1338
218 426
237 225
702 1718
339 1004
425 147
1529 1678
1352 992
1408 1123
1411 1598
1289 86
671 948
1284 1846
1950 834
590 1869
156 1200
1731 981
507 1818
732 1584
416 1982
195 435
994 340
945 298
21 560
1837 391
56 926
1411 1913
1761 509
925 1364
1121 921
1976 385
35 1261
1536 875
1541 1338
734 917
1524 953
1443 1527
143 400
85 199
1425 150
1732 113
238 1657
311 1046
666 1900
285 344
1088 338
655 65
491 736
57 350
84 1400
349 118
674 1128
975 1174
212 693
987 869
80 365
1152 833
525 1756
1714 1512
449 1482
1990 654
799 904
792 608
467 1593
8 1463
643 1124
1186 312
843 651
1133 1234
1880 1585
254 1127
784 500
143 1238
1733 791
1107 956
137 1311
1393 1076
457 362
854 999
801 691
1 1578
356 567
25 445
1022 1842
1952 565
84 578
287 245
1589 572
1850 77
1000 336
218 697
959 527
384 28
580 1380
642 1068
365 685
1129 90
1206 490
1335 197
1266 1824
1316 314
1905 586
847 1146
1790 1056
129 1569
170 974
1169 477
243 765
437 970
1112 276
787 941
801 46
281 1647
768 519
1919 1468
519 367
823 16
1045 957
174 321
27 1949
643 723
97 1833
284 1361
1374 475
1048 717
733 576
403 319
1764 1165
1736 307
155 166
351 187
1709 977
493 1817
1741 1048
412 461
1702 1763
196 935
567 1858
867 1719
1771 605
634 1120
1940 113
1950 779
1679 1035
674 1196
418 1933
933 1257
1717 1307
315 1465
1407 1306
1204 71
425 110
678 1940
1231 1603
487 680
1404 1047
942 1967
1929 1673
1273 1802
1539 145
57 1685
1849 1815
709 1873
1237 1757
1124 1206
218 1266
982 1081
1220 1839
852 1336
1867 1168
1217 179
1319 1971
151 1081
887 1735
1659 1716
678 1540
1178 948
1776 1212
825 759
1206 1862
1060 1712
270 836
97 779
89 1656
991 1182
1253 1975
1913 998
478 1527
220 42
1269 757
1019 1102
1668 50
1375 1361
17 987
915 996
335 929
53 228
647 1800
34 1918
112 270
824 674
756 101
1849 1784
373 54
1916 966
1489 27
1457 1906
623 1625
845 404
1046 196
1721 751
1218 1179
61 522
1690 1754
1703 333
18 1729
1410 23
526 1045
1237 963
945 1059
935 1436
490 8
1192 1087
161 874
1445 955
1258 1406
31 901
918 1091
654 538
1721 1853
1920 1176
650 840
955 1067
1497 891
1885 462
495 72
1981 1330
1045 298
1526 1634
1808 949
716 1483
1620 273
1 936
111 1199
83 1668
1063 822
1188 1971
1272 1833
1915 1566
177 535
1200 386
735 820
445 952
1889 751
297 1691
355 237
570 1938
1912 471
1672 1934
300 1545
402 459
314 1761
1791 1530
138 1288
963 1052
1636 901
1287 939
71 41
1430 1202
1799 905
1520 73
107 1437
756 1054
944 965
986 24
1188 810
1970 1960
1321 927
411 766
1910 1107
1096 1116
1689 338
1966 1371
204 1083
330 843
1973 830
1739 3
1181 521
245 1342
1487 1858
537 1386
1594 352
1107 1112
197 807
1645 628
872 1199
663 1864
236 1054
652 438
1559 647
214 331
458 1552
1851 1346
907 1494
271 1857
547 451
1523 525
126 1035
1887 384
1950 947
897 1780
243 1482
1943 1965
1145 1015
626 761
225 1267
203 116
1892 731
647 808
468 695
297 439
237 94
811 1597
1667 1152
1587 716
1403 1641
250 1746
930 1551
916 1303
218 1648
1444 215
1380 1347
931 1576
754 1431
1780 1053
931 458
1012 1061
4 1296
1280 217
450 371
843 1892
1537 1461
15 652
890 1159
673 465
1314 708
147 1961
1093 508
764 876
1447 1292
541 539
332 504
665 703
1746 168
598 744
616 1376
921 487
168 1514
169 1696
356 276
499 898
987 476
483 1801
283 501
231 1560
195 1813
1364 283
396 613
1435 1346
28 404
1319 537
1669 463
1408 898
738 1587
1024 17
1824 1351
104 1442
861 829
764 123
1947 607
1424 861
1071 1237
1938 1186
385 1489
238 1194
1850 1402
1631 1334
1433 183
1048 1290
1415 566
124 1690
160 274
306 1754
684 830
1903 384
127 1241
53 1280
1529 1992
1322 1911
1364 1588
822 74
285 334
543 1878
82 808
1812 1878
908 1954
182 961
34 592
1526 1978
399 911
589 743
47 50
768 1599
833 967
1733 650
737 151
1639 1026
1141 1381
416 118
1789 26
1321 636
1063 1787
319 1432
46 1591
693 1597
1226 704
1396 479
1427 527
256 655
1546 204
685 859
1123 1456
1846 1966
985 1888
1442 317
931 769
1229 1765
1952 1767
397 1127
704 763
350 1303
1667 1655
1575 1137
783 594
814 1091
1391 1121
1529 993
107 584
1237 1213
80 992
1040 526
815 955
1700 844
759 943
1355 1458
665 1839
895 414
1631 1115
1559 1513
1897 124
1253 548
1353 1301
80 1946
213 1368
924 1974
519 274
275 687
792 395
1618 1157
1151 455
262 1953
1112 1984
661 1167
210 823
1338 391
1322 297
1410 1398
216 1213
1347 651
1522 1167
1752 113
1901 465
259 653
359 1071
193 62
21 1707
1779 562
229 73
210 1456
1610 1903
376 1773
523 676
388 1490
299 1563
1455 1777
1457 1529
350 1559
1526 1471
1802 173
975 575
1126 1264
960 176
1612 678
493 585
10 1535
1288 62
767 523
554 848
292 851
1198 177
917 38
534 1052
1053 1141
1723 1749
1169 1820
207 971
1800 1147
301 517
667 1714
601 586
137 699
141 1538
1544 1490
1387 301
358 361
1372 1126
514 1832
481 1381
589 753
211 5
1947 117
813 1920
327 1218
601 1508
1501 1757
1549 1460
294 1088
58 90
1676 564
110 249
1439 1572
85 1234
176 1941
109 1821
490 1531
1602 1095
273 1300
1501 1452
1333 1382
979 275
30 1305
1116 1396
1205 1053
1595 483
113 748
1453 570
1764 1252
821 1705
1747 1695
542 1577
1857 526
1999 1332
1690 637
346 1976
918 305
406 196
1082 1232
1205 1373
12 1215
861 1595
461 41
318 580
12 391
1451 385
104 1564
667 53
1618 449
1321 1062
1627 1928
108 9
680 318
1638 1929
1314 761
1021 179
992 1436
1028 1101
692 953
87 1557
986 548
1772 1252
1744 1046
620 185
343 874
1213 1599
1448 841
804 1890
1091 430
740 1068
729 216
767 247
1087 1899
741 89
1793 6
1889 545
1652 961
1216 1710
480 1563
351 823
666 1062
819 233
476 1393
228 1862
964 1570
1081 1824
1938 1475
1071 1596
755 252
86 1677
1539 1186
1890 272
1978 901
377 1999
1263 629
1809 1527
1252 184
1208 1531
481 1741
87 982
332 800
1961 1993
1548 394
1199 1163
1861 1121
141 1511
952 1441
66 579
138 507
1151 941
381 1465
124 787
547 137
566 900
627 1023
1638 1725
840 423
197 441
1800 1065
86 1494
1382 1873
1578 1191
1758 1582
398 77
871 1000
1036 1715
1932 1275
1749 778
484 812
1751 92
1507 194
149 948
1920 93
609 1346
1272 936
75 1994
709 1154
729 771
294 1493
300 655
818 1619
377 1679
1317 752
440 809
365 805
1435 344
1109 1156
1862 209
1101 1672
801 181
402 1135
999 684
1158 896
945 154
1521 1822
237 352
1818 1308
10 1299
1218 702
254 480
1385 1708
804 1862
1480 1559
721 418
578 1974
1392 351
1344 1707
738 1415
1341 663
1287 997
711 1486
1741 1070
1448 801
1540 805
871 1039
928 223
144 1504
1935 1494
618 1651
1626 824
515 1804
1023 444
1492 390
1749 1529
1955 36
528 1274
155 329
206 45
777 1165
1118 1790
1773 1587
1942 1037
939 110
1378 420
338 1289
360 270
843 1792
1331 11
644 768
1031 419
413 296
994 903
1673 1903
989 61
1037 1036
1091 685
1228 80
1635 1070
552 1648
1145 1869
1991 1900
1429 1728
1951 1622
314 1671
1300 1765
1141 1331
1621 1640
1634 1312
759 1943
601 72
1224 317
461 568
1466 1388
1133 1804
772 817
885 21
875 1698
185 1266
683 1691
201 386
1445 1798
298 134
1246 1549
1142 1794
1872 1804
1319 1651
1261 1791
1366 1418
662 1185
364 1142
881 643
1375 1279
1767 732
524 1184
1875 1382
1412 437
1051 13
1318 1989
1019 1789
837 562
1533 1451
96 808
519 997
1110 1668
877 579
708 1057
1931 176
1660 79
71 456
719 735
488 1297
801 1812
639 820
570 1883
585 853
65 1791
622 1217
619 1983
1012 149
1306 1526
51 1388
1018 443
1892 411
1022 1514
58 1707
1283 1454
579 270
1746 64
1537 1414
209 612
567 545
723 797
1884 1395
1282 382
1581 1258
699 474
1531 1838
363 915
1688 23
750 1468
865 480
959 847
381 1832
1220 92
1492 1011
1414 1984
464 155
1746 232
784 1838
1171 397
681 1974
1858 147
1766 704
1014 73
983 1687
237 590
548 1078
1780 334
343 744
1643 492
888 895
1013 232
370 1216
646 1908
1264 116
28 1518
317 630
1019 279
362 73
437 1344
762 29
1735 824
1016 1397
1521 1069
95 1916
1245 981
213 948
204 616
1841 216
299 555
1370 737
1404 73
1495 1895
124 35
582 442
180 1314
836 744
535 1666
299 1547
1022 1784
868 933
386 413
1792 837
1612 1678
157 1364
1323 0
1508 495
1871 912
778 790
927 958
1903 1021
1444 960
244 216
3 1291
1610 1023
360 1896
906 856
1715 1335
1440 1763
1035 1995
1682 591
412 35
652 1890
1283 1918
628 550
201 1895
1391 162
1989 1785
1949 10
1885 1381
1925 324
239 213
1426 1247
24 1756
1341 1855
765 9
1033 744
1096 278
1323 1631
1891 831
1418 1294
78 230
271 1848
1370 10
1534 207
1799 581
1579 1297
1884 1084
1900 1569
1953 1664
662 1150
1366 1446
626 395
1683 1350
1505 1002
1692 1067
220 77
588 1178
397 1016
1332 393
76 675
376 1517
103 1796
1083 821
1476 896
584 544
1188 1885
766 1101
609 726
1932 953
1886 726
1535 874
1862 1158
1125 583
388 159
1222 599
1629 586
1371 706
932 120
472 1895
821 1421
989 810
705 187
1223 191
195 7
240 1157
217 1683
321 881
1338 905
1441 342
1823 1883
568 500
659 773
1122 160
1913 807
575 1725
280 413
1524 318
580 1608
364 45
1862 65
613 36
461 1493
1526 1967
793 773
1522 842
199 1776
1060 1212
203 46
946 205
1885 690
1124 1369
707 522
1106 155
671 757
1869 45
682 1449
1148 430
935 730
872 1416
1401 1083
1995 396
274 1889
356 1080
1282 1365
1011 422
78 1145
1803 1535
475 510
583 1084
1264 446
654 24
33 1564
1747 122
926 400
246 165
488 1118
1523 829
539 871
620 1140
695 38
1725 366
716 772
1685 55
1713 1306
1058 1090
1325 1843
1080 358
1385 145
940 588
1911 936
1850 1737
1017 1648
180 20
1830 80
1089 369
351 954
864 1335
1766 1499
83 193
331 906
1455 1104
1925 857
483 1189
1526 1640
393 1399
1815 1484
1687 22
503 1628
733 953
156 663
1155 1671
53 392
1689 893
1404 411
564 1244
1183 907
1541 1160
587 574
1281 1160
777 254
53 695
1313 1296
178 276
646 1204
740 1029
1921 779
3 1350
1495 1578
366 1437
1771 725
1928 393
1756 529
674 1845
1349 451
1615 168
189 1542
1152 1330
1492 331
1775 236
85 412
1606 1996
968 1047
342 173
1681 683
1936 161
640 1236
1243 1701
1529 87
1769 268
1822 561
1344 1373
1433 1983
1923 256
895 1509
132 1293
1944 716
197 1683
554 518
1276 1559
1660 1667
1226 1985
1620 1739
135 1429
252 1686
1610 1944
1390 485
860 1626
1173 1398
763 388
1325 1382
797 642
720 916
1740 454
28 1763
34 1684
103 1663
1171 102
1014 1963
1455 1710
1862 1430
163 1559
489 113
350 1557
248 1037
311 96
1762 1644
79 77
263 1493
641 1665
1538 1028
1247 1731
241 1961
1983 995
741 1072
278 2000
777 1214
362 1811
479 814
1854 802
1448 1049
341 1118
280 176
1997 1731
1918 490
64 1633
1641 1049
1671 231
34 728
36 135
112 78
1778 1580
1731 706
1239 864
1255 893
1852 396
371 526
837 123
1131 1787
1955 301
1441 1817
1561 594
1751 1983
267 191
345 1310
1060 196
105 1131
497 274
845 803
883 250
1778 1460
1069 1764
1833 1303
869 1709
115 560
282 577
189 353
150 275
1140 1534
1286 337
1554 1041
1383 919
123 796
1320 826
566 1648
1968 1767
1425 80
48 1195
1089 1648
1451 162
1909 1008
1026 80
1144 1060
51 975
1952 67
865 576
896 1638
1159 1862
1360 1475
1191 425
1449 971
517 356
1498 1946
41 1418
521 1525
1531 186
1356 1745
1899 1972
115 861
1539 1947
1653 657
1590 1100
1593 1074
1096 459
1810 467
335 834
1326 1226
554 93
1346 750
125 248
5 1733
76 170
1612 624
209 1965
1670 1890
263 833
1318 98
1043 418
81 470
381 427
97 87
300 1531
1399 1281
1776 1541
268 334
1370 54
1836 1419
470 1233
1160 94
194 1224
1742 1652
734 587
832 1244
1619 1935
1725 406
583 675
482 928
1015 1719
112 589
128 161
1607 1541
981 1290
533 1369
1565 1299
870 1746
1039 1095
488 451
1907 168
42 1464
570 1985
1343 1782
1015 1322
999 232
11 738
1396 1800
1029 147
780 470
810 1487
106 723
1002 548
18 864
725 1506
1675 1220
1774 13
125 351
330 999
500 236
1523 1011
1991 250
1181 1781
1180 997
1269 235
615 1990
1937 492
1793 802
1327 616
1521 554
326 1983
1609 1467
1749 308
1038 425
450 646
64 1288
286 697
977 746
1272 1102
154 1832
1319 1921
1307 1970
919 1291
1253 317
1861 1166
859 1921
1851 1599
873 752
1051 1563
1168 1682
1952 518
676 570
1031 715
805 1922
1117 1700
1383 1750
155 749
902 790
1045 61
1812 469
1251 551
1627 1803
708 235
973 1765
1482 1037
1582 617
1727 151
436 1097
986 1157
1509 1662
322 167
1860 1032
76 357
146 103
1403 819
105 916
1278 688
56 341
1683 1204
1905 1924
77 419
822 895
832 907
1647 146
340 301
1015 1681
1019 1723
178 1304
413 302
1132 1089
451 1977
1321 1903
930 1249
1004 1546
176 420
301 1825
1694 1205
919 962
1229 330
1449 877
1313 1710
364 857
1102 1131
1282 873
637 1628
772 828
1473 110
175 696
1349 363
1380 1863
1876 712
589 1684
1679 1029
1534 1046
80 1066
232 402
83 23
1799 330
1968 831
134 223
606 337
1926 1604
514 277
1080 915
615 828
442 288
224 1705
921 983
1936 1573
1165 253
1912 1256
1545 1141
1324 1413
1396 1421
1144 1356
1550 230
1512 1346
127 26
419 1046
1934 1906
1210 971
1490 36
1723 208
1718 1726
1698 1313
759 997
609 1159
1242 1013
1502 1296
1359 530
1488 840
1905 1985
1950 1171
1575 1652
343 1059
1711 1672
158 352
1658 810
825 849
1683 396
75 1699
1222 515
1885 361
151 1443
274 1125
454 1098
416 1222
1 677
1391 41
1868 293
1313 1943
1841 887
226 845
581 1434
487 1195
1307 44
915 1366
778 1757
676 815
262 1993
279 41
1662 1277
203 1152
1571 1440
1188 886
1389 671
103 992
1349 1201
1923 382
1189 1500
980 254
1786 913
541 1970
1351 762
591 1823
1667 1213
1988 1393
1162 1165
1945 1097
665 1156
420 1274
1534 15
1970 19
236 131
684 515
1836 321
659 84
39 1748
165 1516
1167 1389
743 1413
1551 1292
1942 1306
1136 1561
1232 1718
1146 1117
826 808
1761 1147
1070 1435
794 1074
272 533
1598 1630
1298 1646
1759 1074
625 1525
775 1790
730 1607
1902 1115
1023 372
1848 881
1446 500
1043 1650
548 1922
66 1056
143 1904
1779 1763
1292 1649
802 1972
898 1460
1636 1131
227 1553
1589 586
1497 81
370 473
111 1836
1357 1278
1316 1450
1347 589
447 727
1095 408
1363 614
364 1734
480 564
1686 708
1085 1323
5 958
1807 1845
326 352
1845 1650
1171 67
1680 1252
381 1850
499 1211
1015 1533
1580 773
222 125
1535 1167
1868 483
288 1345
1361 1675
1065 1860
152 1878
1177 1618
1509 328
570 1282
1125 138
817 834
26 1284
771 209
1132 1103
1834 1002
1713 172
1414 429
544 354
1400 1784
781 1170
347 1004
1538 993
1560 1146
417 1153
398 301
895 1002
863 1429
1558 768
1521 470
372 1595
616 694
1460 1002
455 754
340 1598
1655 444
982 1547
612 1996
1192 571
152 296
1909 860
424 98
1825 972
654 724
1163 1435
1132 746
1575 644
1258 1482
1459 1396
978 1130
464 1730
142 995
439 993
1747 1409
1084 1349
652 307
582 122
303 644
1283 511
1628 1166
1491 1775
320 737
1641 1910
329 76
154 1688
280 1644
1816 1696
484 460
1305 390
460 1663
1441 1933
1124 312
540 1881
932 870
706 682
763 514
1929 814
553 1741
1081 182
1740 1700
548 1423
30 1486
222 1306
1582 1981
448 387
332 923
1491 1652
195 1823
1215 384
629 1917
1728 1071
1274 1433
508 1222
258 379
194 1702
822 420
1958 1967
1959 1692
1115 1827
778 1298
1226 1615
869 1324
1534 1135
631 970
191 948
1789 986
1062 1545
1621 1544
670 1729
1613 354
780 940
1091 513
933 1298
1045 1203
1425 1575
1727 116
909 94
340 1797
445 1740
1591 319
1412 993
446 593
242 1261
1642 1377
1083 150
1885 1541
1756 846
247 991
664 318
1137 1908
680 1098
711 668
1824 299
1237 550
1504 998
574 52
89 90
1205 1814
828 485
981 1495
622 31
1469 225
1674 595
1607 1678
1043 268
242 1101
151 379
1196 204
295 1164
1011 190
1616 818
65 132
706 507
1200 1918
569 1607
364 1122
1603 861
1750 657
1223 1979
1389 334
1163 1125
1534 1322
1477 1560
1666 347
1400 621
1104 1569
1717 647
927 701
1683 1272
1166 1565
431 1781
1136 1528
1669 238
522 1837
435 768
780 351
1651 1694
1736 1388
677 521
880 1330
528 1291
487 1223
680 863
314 550
1975 775
1531 1585
968 314
739 358
1009 1446
1700 538
1819 1040
206 1139
1974 1943
1823 1520
329 1250
749 1881
1986 1784
1083 553
740 43
883 1408
1719 204
856 1687
1694 795
565 1925
1587 1093
1310 1577
985 4
739 1735
1984 445
679 167
861 1405
82 829
771 293
215 284
712 327
1438 139
872 798
612 1396
796 1424
887 1287
1093 398
1803 278
1522 1353
1468 1422
1879 353
751 1964
689 1067
1428 284
594 1369
526 1376
1931 1755
1818 1560
377 1229
92 628
89 453
1922 272
1781 1268
224 1259
1541 1004
910 974
274 1788
1254 1295
357 1369
1875 1112
1099 807
578 935
342 1779
1874 1420
8 242
1952 1847
1521 84
129 143
1148 1712
1706 1438
60 92
1928 1391
609 1117
1543 1739
1591 1303
1691 1840
1907 1325
630 981
1903 421
842 1430
516 1205
67 608
113 743
1774 634
1444 636
338 1126
1637 631
1056 1217
1961 133
113 716
1294 1435
987 651
1100 775
965 1641
1552 1901
1088 1557
621 259
285 1019
1969 1664
783 736
1621 1412
1971 1965
1085 701
1415 1790
388 1638
1960 641
442 1428
80 147
1609 1825
1397 66
1867 370
1221 1944
78 933
1818 1917
1378 1675
1578 1364
989 1627
548 456
623 854
1997 1940
1504 854
908 357
1032 114
3 1112
136 827
1242 575
1798 528
1644 1520
1341 1820
322 809
513 1303
1996 1913
891 1873
634 412
248 695
572 1723
1707 890
1925 564
324 1152
1989 30
1487 1654
959 1960
379 347
701 983
153 1659
1790 68
83 1360
1784 1428
523 777
267 1877
1492 664
1646 547
1769 7
900 1607
858 1413
1675 244
1415 1344
799 1757
448 259
229 1358
1093 1933
264 34
172 630
287 1291
792 983
1394 644
1726 1990
1564 1081
1799 474
1988 997
1394 1825
1288 786
1138 1995
1484 834
971 700
510 1130
1135 1958
1903 1024
1893 884
1914 803
976 1789
1667 1500
728 1008
1473 270
703 670
669 1133
1259 1822
1838 114
1478 1937
1203 1685
1384 1166
1710 1295
48 1222
773 1205
781 1519
1972 1321
1780 1680
1435 94
116 1903
1529 17
850 714
1231 1649
1445 668
1713 147
699 621
616 1974
572 1503
752 1506
622 905
913 1610
1158 1385
1890 1380
1668 1252
453 1527
1649 1371
940 1885
1485 416
84 518
1577 1690
1680 833
308 1030
854 226
1454 1410
1826 31
689 1597
370 579
1777 675
1352 92
774 1680
584 1290
672 347
1524 601
1225 574
719 281
2000 1336
1973 179
1531 680
318 1843
262 1255
83 1372
1863 235
1903 703
1047 1646
1268 1330
929 238
905 1192
1534 1420
1730 1258
269 1963
1874 982
201 983
1473 1798
1953 1468
1528 58
173 1808
125 1007
1214 771
712 1795
529 1576
1229 999
562 960
435 835
566 1151
1902 372
394 1157
1613 169
848 1451
1788 451
1520 1359
481 478
743 1356
83 165
1124 452
1567 313
1523 1941
1930 1560
346 29
1047 1152
10 1872
157 1624
1204 835
1580 817
1011 172
1913 789
1012 500
941 1308
663 13
384 1104
435 1201
328 1373
215 1699
325 965
816 0
22 1284
1822 401
1090 1838
1067 925
331 1739
892 1055
1973 1987
1871 1542
115 719
293 131
1045 1497
1722 1518
1931 1530
136 1779
1357 154
1104 1084
675 1292
181 1502
1052 105
448 30
907 863
831 833
1224 308
679 1563
515 426
597 935
227 996
283 58
894 935
1319 562
522 1814
1713 1253
1892 391
1736 614
400 1316
1754 1821
962 663
97 992
1594 516
1577 1743
987 405
625 674
1295 853
1499 422
371 94
911 834
1510 1128
1321 228
1058 1917
1561 261
1243 1119
1384 1304
1232 1657
1527 655
1014 1734
1957 220
1283 117
1029 311
6 1376
309 665
419 272
233 1509
1295 1235
228 977
762 374
1115 144
1105 811
561 1732
438 1496
1058 1986
1353 213
1147 550
752 1909
425 1729
1879 950
1189 692
1029 848
744 1609
1738 1744
228 253
85 842
1532 1403
208 1126
1063 1640
1950 1851
1161 1115
1368 418
320 156
596 150
1183 1745
1726 179
988 956
1890 110
651 32
1636 771
1176 935
845 1939
251 1718
523 799
1338 1347
1520 801
529 974
1472 997
753 1660
1778 942
889 232
1710 266
299 259
54 183
970 777
1768 1813
330 1552
234 1056
1086 1317
1003 1705
619 1418
768 777
268 311
988 1025
1725 445
265 499
745 742
1301 41
710 1614
1608 475
926 81
56 1626
792 1154
598 1824
355 3
1682 1546
1394 1205
606 102
1279 172
1526 402
319 1359
488 1517
504 549
504 506
154 879
497 1058
681 1680
284 722
239 767
336 1109
1054 1656
1927 1008
1263 1468
189 1322
402 591
1053 1634
1202 1741
1640 1674
828 1473
714 1278
1405 1152
1001 961
401 660
1395 1668
1932 1027
1953 304
1775 1535
213 1280
1882 1432
94 1257
1736 1307
1266 1398
648 1503
802 1818
1675 1132
1232 192
1461 1565
1518 1849
1577 384
304 30
524 255
1639 1129
292 952
1965 1154
858 1404
1649 256
441 827
1257 247
634 522
1036 70
910 1128
391 1616
1530 641
1837 1649
591 595
1641 1466
1009 1747
1771 1419
1545 1069
423 782
717 1710
339 546
1042 207
979 334
1106 513
84 784
885 1060
139 1121
1596 1434
625 1261
1267 1976
541 699
1208 403
1158 306
1926 50
903 1486
768 37
574 1500
41 1819
999 1647
1672 797
1111 1709
1017 1272
263 1766
199 216
679 841
228 135
954 47
1765 309
174 656
499 902
136 460
1362 269
1548 550
365 1844
1313 778
210 778
1192 1234
353 340
175 1344
744 839
382 1673
1238 1960
24 427
97 1206
482 1737
1211 753
1226 1181
10 854
486 779
642 527
1548 1700
120 149
1712 1451
889 426
378 362
876 1174
675 206
1943 1116
1963 1387
1408 1432
19 1947
900 835
1073 115
32 806
1739 309
534 551
1913 1548
431 1643
1224 401
582 1123
1067 386
1747 1394
1851 511
1016 1433
512 1018
1920 1342
155 1307
1242 1478
1912 1449
1394 1925
738 523
775 1221
931 1427
646 871
663 1114
326 1708
1701 930
383 323
1496 798
1982 647
450 211
501 1509
1879 1055
1927 1837
26 1277
1347 1997
1240 605
1404 122
936 1675
1135 1231
1169 1269
1190 1664
1230 108
559 1210
1695 981
1375 207
1631 1559
652 61
398 1101
303 437
1274 1090
1849 1108
1618 1359
1804 1598
793 28
1709 1893
343 1011
1809 773
1940 336
1396 1959
1396 541
1007 1043
226 1601
37 181
1012 164
670 903
245 1758
297 1460
275 1880
721 131
137 138
1144 1612
1831 1809
627 1326
943 1829
1264 473
480 778
1228 745
639 303
1617 176
807 1879
1852 1091
1079 961
1595 136
1376 1317
1267 350
532 1399
581 842
1671 281
600 1656
9 956
1672 488
280 1435
1699 292
461 1906
713 778
1646 399
730 1386
1531 949
1232 464
671 938
733 413
537 928
1857 73
1140 1211
477 798
1027 1507
1447 1964
361 939
1235 100
721 1297
1882 901
161 741
278 1930
1600 1711
1866 1348
972 914
215 659
1153 1397
574 963
1635 1817
1643 1589
241 1137
768 573
1756 1372
1515 1818
1249 1829
270 108
246 277
512 955
9 229
219 851
391 1837
1354 1902
306 429
1041 272
1951 790
1310 1555
1957 1523
1032 30
931 486
269 1833
1827 310
134 598
1909 691
921 1890
969 1520
1901 1606
984 907
57 1210
1087 136
814 108
5 1609
314 288
1372 1728
1271 409
451 728
1160 203
1803 1584
603 215
1486 537
827 732
1469 1563
1554 402
1275 1000
1617 1077
969 524
732 823
1029 901
1064 161
1013 646
1457 1151
1853 1038
1560 1650
1971 1275
1929 1440
1761 665
1256 1740
142 1163
1059 526
1240 832
867 67
1648 1067
39 243
1183 205
1337 1435
1803 1438
1035 1892
175 1527
1534 963
365 1719
1294 1317
1217 343
1796 1500
1869 908
306 921
895 1162
295 297
1904 851
1605 1245
543 1277
1785 1858
685 279
50 910
1893 29
1456 961
1768 634
1248 192
313 1475
1673 421
77 105
1243 1808
213 1902
323 449
1464 1439
1804 1094
876 1978
1220 629
1710 1680
412 330
1289 1107
1731 1090
218 696
443 1813
790 316
1089 499
34 1774
1926 861
443 954
526 1911
1053 323
424 1009
121 495
1063 476
1107 634
1076 326
672 1843
74 1172
1714 1302
717 1377
726 1476
1053 46
1477 1884
245 93
1083 128
1466 1967
126 1281
779 542
1805 448
382 715
769 54
969 156
1321 327
858 853
1229 67
1046 552
400 1068
465 360
1046 597
355 170
690 113
525 1068
1560 1862
1373 798
1343 1196
1209 1804
1057 500
1410 285
506 701
1792 414
1449 1823
1855 1172
406 1463
1138 600
424 674
318 1406
1540 268
688 1614
774 1772
484 1607
759 856
1609 1171
618 1164
1599 1385
1998 315
1006 1107
1777 83
425 301
586 1240
1396 878
611 721
1208 866
1762 577
394 414
428 40
1509 1793
71 123
1231 273
410 1018
688 317
1592 593
540 1856
886 430
769 256
924 661
1658 1840
421 1260
1864 1142
247 1542
1672 1851
335 1095
1950 995
816 609
833 258
1176 871
755 125
355 1076
16 1962
934 1932
41 906
1222 1875
1253 542
1638 142
822 1491
1927 1297
1217 1208
1220 510
483 124
777 1864
1234 814
1385 1544
560 175
242 446
349 391
1329 138
1538 1133
25 879
211 926
1849 1064
1105 986
324 1832
616 195
1269 1920
1461 1316
907 722
1916 809
1804 1378
1880 896
1715 604
1734 1895
1138 35
1021 1455
25 1760
94 796
272 868
264 107
177 1155
156 856
797 508
262 810
1581 659
621 1796
1692 1839
216 73
1085 1344
1834 1373
1719 978
1990 706
870 173
1595 1815
548 1692
510 1367
585 1161
45 575
1366 719
321 1744
1171 575
1413 1094
1936 778
1857 1641
883 301
281 282
1918 638
1144 850
239 1828
801 377
302 106
1694 306
997 942
1082 367
1464 281
1299 1920
1047 935
1173 1029
1456 885
1660 372
1166 867
1175 461
682 1938
1571 1589
337 1744
992 1025
1736 1394
23 322
982 208
1862 781
988 332
1024 1616
1403 1546
313 688
289 1709
963 95
1777 1554
1929 1520
1011 697
1171 1195
1753 44
1871 1082
204 1692
948 596
810 453
379 170
212 1971
661 659
1570 718
1436 543
1340 1712
1243 162
1930 650
363 1546
1414 1703
795 424
1148 258
322 1662
1683 1691
160 309
1578 813
1987 1156
1738 1447
790 704
1786 626
259 1479
1131 892
1507 710
1819 1283
213 454
312 1495
908 1564
1038 593
861 1436
1636 1048
1962 569
1731 1212
441 1301
133 1132
1120 1093
1119 1311
1632 13
39 78
1319 1598
1018 476
1267 1914
382 819
1765 413
1670 304
201 911
1079 462
1877 454
725 1395
381 495
770 1597
236 119
1089 480
1622 1858
869 1540
520 1054
1918 1571
898 1218
238 183
564 119
1753 1739
1081 1627
1319 707
315 1186
1008 63
856 1522
568 1467
445 1000
1134 1350
1979 264
734 1999
1870 1342
1874 1103
1950 114
1467 516
1817 158
789 888
218 1167
1581 1975
1319 1618
839 589
252 1285
649 991
514 1857
740 212
35 1084
1527 511
1111 741
1292 1996
380 1599
1847 1368
232 1885
1276 1492
667 672
216 1606
459 1987
1227 234
139 334
1257 1833
1660 1424
375 145
1958 1217
1774 786
353 685
126 982
1529 1037
1609 219
1060 111
96 1691
1495 759
1728 1010
511 172
1567 461
1424 276
1440 1428
919 20
1555 29
1930 539
144 1242
1536 1603
293 1395
1035 1797
1772 700
1513 1813
481 1866
958 250
1735 1696
1379 480
650 616
975 283
1660 1485
1960 380
1129 1614
1550 1913
174 1849
854 1273
1201 1833
51 1179
962 268
564 1374
1297 228
619 1858
444 44
1436 16
1369 1231
1917 238
468 1528
851 607
1709 1570
1919 454
1136 279
72 1815
1579 1795
75 1040
1523 1488
279 1303
13 1806
394 1486
1279 633
804 1321
1470 1935
218 217
214 586
483 457
1723 1655
1973 673
1210 514
511 1679
177 1171
1322 1434
455 688
1698 1132
1946 578
482 1198
893 557
367 543
1717 234
174 536
1874 1913
1854 1755
368 364
4 12
363 1486
1522 502
533 710
1920 297
937 314
1782 1007
1925 1868
1599 1236
88 758
1803 1641
1560 148
447 947
1629 1564
1274 538
1641 1913
754 434
1304 1236
1077 467
1627 397
1472 619
1444 1712
132 1900
844 706
1844 1829
1970 491
498 504
753 1275
1676 1437
335 1220
267 1676
1757 181
1891 1260
524 34
1434 916
1718 1600
813 1109
1742 1534
1776 1319
533 891
1934 287
1419 16
1074 1349
271 1170
1874 1077
1907 259
1384 566
837 654
629 937
1335 804
2 351
1139 478
1528 1439
365 1328
1327 806
165 536
1474 165
643 297
1698 255
821 965
938 1718
353 1710
1433 580
518 1287
1071 266
24 1658
1313 591
23 422
1984 26
1604 1900
376 443
244 752
987 0
1088 1908
1730 1701
1534 1733
1253 1837
500 738
764 1839
770 1373
744 1753
1822 1609
1291 682
193 1765
304 945
1160 903
763 1698
942 93
114 144
1871 1399
1461 527
730 1023
346 1277
376 274
135 1030
1276 1725
1644 405
908 811
561 1243
854 638
680 474
1620 709
768 126
1847 788
78 1330
665 24
209 1277
1845 729
1287 1198
1770 1876
848 1356
107 1931
1246 1078
78 1946
795 604
1036 49
532 997
280 1031
1331 1980
941 1672
252 1303
1470 421
397 1526
1851 1359
1520 190
805 1282
507 696
418 1225
791 1638
63 915
84 1945
482 835
741 1420
770 475
1552 1040
469 279
1558 1986
1846 1241
1447 1439
1521 1100
1427 368
1910 1279
1193 1015
676 812
1653 1094
14 209
1893 475
880 1395
1078 714
1420 1062
853 1438
223 335
865 170
1018 1212
1034 419
683 1176
675 1058
1469 1667
409 1870
1694 170
479 1304
1150 1882
464 1778
472 1455
1663 1270
460 434
1423 1522
890 1603
1698 1416
916 1350
1031 1591
565 1475
476 674
277 1471
1681 986
430 1159
409 1497
439 168
841 1245
515 730
18 1922
1345 644
98 1494
1030 126
86 1712
1674 743
1523 802
772 1507
335 1252
1716 1380
1184 1091
1850 780
1680 516
327 1549
1304 1385
1788 1734
302 1804
198 287
1253 1198
1294 1254
1902 616
217 783
10 325
1064 1282
1209 1318
937 843
1713 312
353 1102
95 1138
863 437
884 591
1901 127
989 383
629 1263
1981 1965
491 618
892 735
1908 890
151 1428
36 1099
1786 633
229 1941
595 1308
496 553
1973 58
911 1891
231 316
1772 1832
1074 869
303 546
615 1565
304 869
1667 977
1107 81
244 438
492 1239
1507 1789
1046 985
1519 1280
874 432
1427 1227
258 760
1602 644
797 1096
1206 718
486 19
104 792
634 1355
822 316
504 1093
1815 1032
1771 960
1391 112
105 1522
147 1592
1816 946
1552 1506
242 688
75 761
1563 852
236 1206
231 1953
871 1307
1114 57
713 344
175 1419
1835 1022
779 600
1699 1710
1651 192
564 766
854 727
1147 47
276 251
835 220
1125 1153
1595 1448
1337 492
1724 1307
1718 1997
1629 1947
549 673
1762 1719
1779 1942
852 1881
1235 710
7 1338
1352 1675
1404 462
604 303
1145 1521
1834 1519
1633 470
818 689
234 21
898 211
431 1200
300 1280
1758 64
1692 1350
111 1287
904 285
1373 703
343 350
1588 1835
984 27
613 1620
1839 758
249 309
932 1399
1658 428
66 130
441 1668
525 1963
1120 908
1107 547
1760 1815
1697 46
813 316
1855 412
152 1369
1873 56
137 622
155 1706
1391 460
341 1061
1107 520
1479 1722
1419 618
1910 1220
222 1597
357 662
159 1894
1002 1838
260 1250
1561 1836
1335 1092
1732 168
1430 1009
456 1860
25 1778
812 1516
318 444
1530 705
149 450
577 1908
855 741
325 1668
566 1317
1019 1132
824 1556
643 407
1725 1642
1317 1263
1927 1707
1678 668
1383 85
1693 570
1851 341
138 188
1483 1307
1053 1906
662 1818
489 327
230 1682
1162 1283
548 650
1129 1750
1726 1344
1519 1183
1803 918
992 36
1275 1913
673 1824
1904 862
187 206
1117 1469
1200 100
49 1857
268 1191
233 1412
1646 255
1107 1095
1900 1184
627 751
377 563
983 1488
1248 1352
913 1720
1588 1495
51 1944
787 506
1265 843
269 956
252 1718
90 1452
668 1217
485 269
1144 1619
252 1412
228 1328
1328 607
913 1798
1203 1636
373 1269
1253 1271
727 1346
226 1034
1451 998
1976 1832
927 898
489 206
797 608
1220 928
129 782
1787 1180
301 488
1517 1675
1422 1243
1124 1249
515 1152
634 1373
586 1448
71 1941
967 1936
960 521
842 326
111 656
685 476
587 193
325 532
1355 814
1867 1642
1935 1275
452 916
843 1966
280 1497
1505 734
870 515
1551 489
1114 1055
1162 172
1893 1195
1948 762
1254 518
1714 938
266 149
766 1237
1588 873
709 1500
26 956
1193 173
1837 647
1934 1745
87 1066
1345 364
1449 1661
73 1829
1389 1451
1039 1622
247 1518
1488 300
1589 1893
1426 1617
1870 557
1976 1451
1432 1316
809 1274
15 1561
1197 1795
513 1948
339 127
951 1813
793 72
382 328
652 1465
1980 669
192 412
534 205
448 117
761 1346
547 1617
1793 1505
223 817
1862 1240
1530 1570
1759 977
1643 23
206 132
581 1814
1536 1371
790 301
466 1274
1744 371
605 988
290 504
1124 13
1198 380
799 647
995 1437
225 159
11 307
471 1546
158 389
1649 961
1523 1769
379 1376
100 1344
919 1301
1142 1520
1158 1823
927 552
1738 814
973 1083
1061 1347
310 738
1362 1274
1306 210
309 1814
1017 472
955 988
1622 1355
537 1009
1561 127
630 1762
1941 489
273 96
1740 370
1796 216
1356 1095
1197 20
656 816
470 1381
1965 1001
962 1242
1654 1826
54 215
538 805
914 1095
1146 811
855 1885
1347 1215
1019 551
1423 1757
245 657
207 1138
1874 786
878 1344
1212 321
26 347
511 1837
1056 837
1549 1608
1851 233
1104 1929
522 374
228 1753
1030 606
171 171
1990 1009
91 1218
1 32
1237 945
202 337
128 686
264 590
1635 1257
312 450
503 1286
1757 1863
374 1871
1108 1195
1845 464
1535 1900
1170 752
1315 1333
1450 1992
1284 573
1669 527
1172 1392
162 571
451 648
1178 505
1961 1277
706 1845
1190 290
987 680
1442 1453
257 1348
701 1319
1850 163
452 991
272 241
5 1902
631 1216
891 1640
1707 1963
248 1134
1269 917
113 614
969 452
1221 663
566 496
1264 1069
88 988
1775 1479
210 1953
1326 587
1650 358
1097 1386
1505 1287
359 445
263 1514
1380 1899
1074 1646
348 1876
687 1763
624 631
1742 1433
1562 1715
1957 1174
1383 765
1410 1357
1131 1477
1671 215
205 298
1027 671
125 183
1347 270
132 317
149 653
355 1407
408 1383
65 1306
756 817
1225 1320
1938 1436
946 200
1521 481
906 1002
1791 1699
791 1854
522 932
750 823
439 859
454 830
414 1515
1449 1780
1930 1945
883 362
404 120
1818 218
712 1987
223 810
432 1598
567 1043
1106 80
139 434
727 1163
1378 1224
1741 650
1598 347
1180 336
720 346
45 1550
89 999
265 732
1952 813
1034 187
1215 966
735 1668
73 1591
1393 317
311 1358
360 441
207 1995
398 167
1547 1195
1470 614
1157 957
730 1689
368 1370
204 976
127 608
1510 1332
822 387
1400 1235
1775 200
1023 4
1548 911
568 1740
985 16
522 946
174 346
844 993
1925 79
516 712
1642 433
400 1802
1421 1311
176 1320
1374 1495
1025 960
1315 1739
1630 1703
1543 1014
1315 1720
1868 432
1131 204
327 1394
45 853
614 974
883 115
956 819
421 298
1658 1361
521 27
255 384
955 221
1297 1521
1158 474
1970 1085
925 1617
1414 494
1892 209
238 1179
1521 1778
489 1177
1940 751
126 1928
654 1925
624 1004
655 302
530 29
1882 1409
363 1503
254 1320
488 1417
1455 1847
29 1244
1955 1257
357 1426
658 1553
227 364
1871 1263
1435 1047
175 57
1254 1725
801 1477
1975 1617
713 657
173 1048
1241 1580
779 57
1841 1387
1282 415
164 1159
891 1451
652 1995
1995 1370
68 1347
1124 64
1805 952
738 321
244 1539
603 1095
1380 847
1802 698
1433 568
693 1024
956 596
615 951
1166 371
1084 745
1856 700
1785 1431
161 867
438 45
726 641
1300 776
1548 1210
1467 1045
1286 65
674 1829
922 1407
1716 463
1041 1741
1707 342
1654 1239
560 1280
1916 1755
585 1558
889 1287
1982 658
1086 489
1544 1297
1680 54
829 1131
1100 1489
1149 1407
1248 835
34 64
1785 1617
257 1752
1319 1237
1366 376
1112 944
1536 1372
888 1754
1804 1595
990 80
1221 1839
753 1840
1208 1351
1258 1827
1757 1400
1856 1474
1034 979
1188 730
65 338
31 413
1768 1053
917 145
436 481
772 667
815 1776
1375 1100
1827 1268
1361 1584
1035 346
1848 1919
1239 1535
1667 705
1527 103
440 1476
146 1447
16 1865
1665 386
1138 85
1547 1936
1895 1574
277 1167
233 552
1408 1990
1138 1213
1110 1130
1479 1173
1892 85
783 158
1856 1450
862 1054
1683 1044
721 508
1342 1151
801 991
863 1215
39 48
1883 548
558 918
1430 1218
1842 1040
1919 1505
1530 1073
1840 1087
1853 1460
1698 336
370 1552
671 1405
702 861
190 1081
1686 920
1250 429
1715 868
1296 392
1467 913
1103 378
1188 205
385 1366
1496 101
1098 663
1618 409
707 1039
887 947
22 1891
465 1720
1109 1255
1823 714
764 747
1543 214
564 1695
515 1638
785 1259
1974 698
1645 597
1794 134
1349 1579
791 606
1609 1294
1170 578
200 1484
124 895
426 614
862 1118
1694 1751
1848 441
1553 461
1201 1127
1791 1048
514 1872
612 82
1486 120
1330 1503
1528 258
1276 250
535 1835
471 152
1504 1586
1947 1489
1940 1478
241 72
581 1609
1287 413
280 1040
38 118
1554 1471
1084 1630
1039 566
270 1854
1452 484
1575 1116
1960 1817
1473 1974
50 1456
193 1083
299 586
1678 8
1843 666
1396 1794
969 814
1581 305
1033 1128
1533 913
93 198
477 596
1590 1887
518 718
1675 1506
1068 96
1449 680
320 1937
1141 1260
356 1552
215 1304
399 1141
382 1876
95 1662
1053 1202
496 1394
1913 1192
50 956
1362 398
1549 1297
828 209
618 1984
491 908
581 1809
634 1546
152 1421
965 189
1074 1037
388 687
1793 754
1328 1456
1608 904
155 1
1626 899
1866 1016
494 778
1563 538
278 1264
886 1513
160 211
1196 1589
58 1813
1025 1357
402 1936
510 1137
723 1947
1333 1378
376 1257
1089 388
870 1329
1536 1008
1193 1893
272 873
1805 1588
1281 1473
1339 880
427 1662
1935 1976
68 1735
725 119
381 70
1954 492
305 68
891 1248
303 978
1333 1520
473 590
863 621
429 1440
714 733
601 781
1246 386
1027 257
321 1938
424 1548
1048 1831
1792 1640
1228 321
1345 1836
1970 1314
1353 1477
236 104
1979 179
868 930
1612 434
322 1860
1465 1141
397 63
442 1132
974 1169
990 592
1602 1557
821 522
1727 1889
822 711
263 148
1769 314
1687 1177
764 11
104 1894
1187 1570
429 817
129 1592
1229 86
1947 1377
1038 622
1439 976
1190 162
1453 1467
1067 1941
112 744
477 782
489 784
1546 850
1151 1418
781 813
692 905
473 1029
385 350
1839 357
223 772
972 50
725 1174
1971 784
1577 1718
894 217
122 1345
1835 49
1093 925
869 1736
16 1585
939 1065
1280 1049
413 984
792 265
107 627
1087 1459
659 1095
1308 1846
463 794
967 1493
1578 1159
1459 703
1044 1661
1166 284
72 795
422 515
1134 1312
494 192
345 1236
476 765
1532 1995
1334 1262
1302 1650
221 991
1314 336
527 1792
1824 457
878 588
631 3
1683 1114
391 505
428 884
1671 596
634 1774
1065 736
1760 660
433 828
1872 111
759 1239
1196 494
1012 1887
1296 447
1376 617
182 1698
171 1866
1356 346
1160 1595
1848 1177
1161 693
1068 110
1863 1947
1726 522
1671 1446
1586 1366
573 1728
1839 930
1209 275
1111 1356
383 1349
989 993
229 1110
47 1969
1697 768
1348 1138
1276 719
916 1998
330 700
1615 698
1282 423
435 368
509 1951
1452 997
356 673
579 1763
1650 1941
443 217
86 1656
756 667
1854 298
1647 796
1094 790
1112 1735
1127 90
1079 1184
1534 225
1328 1156
1892 1486
1099 1670
875 1335
295 1073
577 163
528 1793
1660 1735
657 1567
909 1809
380 1856
1765 1051
523 98
188 314
1717 551
1691 651
558 1861
1129 1178
1208 1230
415 1391
20 1395
229 225
100 486
1530 1489
319 106
1840 783
385 1605
1670 1145
1700 369
1519 1222
1746 490
1125 39
1525 1564
1714 746
437 1895
504 511
986 1972
1077 1737
1459 299
1484 1063
1059 1183
1170 1698
485 1760
639 1403
599 1038
476 1485
1675 363
311 1080
1416 1031
1151 1379
1546 64
628 706
1978 1532
1622 1543
794 1373
1048 71
1789 937
397 37
727 82
713 649
265 1813
86 245
1993 1828
1855 1398
651 477
31 689
1175 1647
312 1467
537 426
145 630
527 960
967 1826
296 1382
1412 985
179 637
1157 1575
125 948
252 65
1351 1163
1547 825
725 1498
448 1189
1562 1265
48 1870
1360 529
1220 1551
381 74
1529 131
969 335
782 1723
106 1643
1894 781
170 1536
969 1050
552 606
1154 67
590 23
829 1162
300 1441
546 1356
513 410
1968 515
929 1065
1370 678
1029 485
1039 1979
544 1435
699 927
1123 1729
1174 1228
974 665
793 175
239 1625
1414 936
1358 363
709 1089
839 1111
1145 1847
143 777
775 1742
385 545
649 1883
670 353
1138 998
501 1630
23 255
155 1517
1774 645
1097 997
285 1557
1485 314
1092 519
1348 771
1995 1092
574 1308
1101 1541
1716 1184
864 1301
1415 754
1904 1339
1063 1807
1583 1021
974 801
1156 635
1033 1402
1330 1605
714 315
1758 1516
1429 1656
1595 1207
1812 510
1262 827
103 1074
1264 1890
1448 1792
218 79
1900 450
80 29
1044 79
418 1919
786 602
796 227
1497 714
110 1621
925 152
998 220
840 330
684 782
1558 98
125 1106
669 1215
831 1960
1286 1974
1754 1063
1967 1426
308 1127
477 551
1202 1744
1539 936
913 1559
1054 993
151 1128
1211 1648
1573 118
823 713
1836 68
54 1988
926 750
556 1812
1168 788
1111 230
1252 1408
773 1087
1548 1963
612 542
1987 1572
297 706
234 877
858 938
821 1646
167 403
1655 990
17 1083
1812 1718
1987 321
1737 1507
622 1984
1096 1884
1394 420
1367 1384
1079 1416
588 1764
494 481
502 281
149 477
20 1414
1788 1821
1579 555
1454 793
1961 1959
1114 978
641 1181
198 493
1452 253
11 582
835 1661
1646 1414
1149 170
1986 689
1921 336
116 827
1228 125
216 1677
1645 1690
584 1466
364 1664
921 716
472 1312
502 806
224 799
1351 381
1721 528
1162 1724
683 1700
1308 2
1210 1684
244 1560
1605 134
927 310
259 1610
563 177
832 103
632 1934
1467 159
1175 698
346 1
1556 243
1397 1323
1983 1200
1865 1598
677 544
1555 51
1566 967
665 807
1675 66
1002 711
1714 1037
53 1703
1364 1567
446 672
1019 1033
1356 1889
960 1233
1822 220
1997 745
994 232
1210 1581
1934 1392
265 129
1342 795
1530 660
4 943
1437 805
1838 1169
404 495
429 1383
977 470
558 493
1820 604
1433 410
924 1858
1338 1648
1635 1132
311 1954
1682 1316
955 196
1090 804
1804 65
1340 1302
1649 517
112 189
367 165
813 1587
1728 424
684 265
1077 535
214 1801
1586 1968
1203 652
533 906
1989 1203
783 389
774 1819
56 363
1963 187
609 1480
32 378
1482 53
1062 440
299 1771
1558 950
417 1669
1613 43
731 1514
544 712
235 1567
1819 1226
665 1508
1586 1110
1025 10
319 34
40 1039
1330 1101
539 1449
1803 1311
1136 1721
842 1606
272 1124
42 1564
790 448
1695 92
152 758
953 62
282 59
1068 1222
470 626
1904 1138
908 404
1612 1930
1343 963
269 890
1660 879
461 857
826 206
1365 936
420 0
409 161
937 1391
1380 622
1175 1046
1336 1975
197 1022
1297 1859
1744 798
1883 1340
804 38
1918 27
1477 885
209 742
1967 1185
709 11
1396 1906
173 17
1821 1716
1267 918
113 745
634 1139
596 1377
1704 509
231 630
1810 1066
499 1361
1183 330
910 1910
1489 536
999 216
1809 402
918 1577
1331 424
906 1557
1131 1541
1092 1208
1592 1781
631 340
1764 1171
1837 623
730 1431
434 1455
1874 1541
1716 977
723 1786
415 57
145 1987
1673 1177
60 591
1584 186
1914 1204
734 1111
473 769
1545 358
486 1724
220 977
1074 1485
1251 1636
94 1014
1889 1164
340 522
1256 1501
246 949
1264 100
1044 1173
688 966
1426 757
1417 137
397 1478
1451 168
1002 1634
1531 1507
422 1521
430 806
1706 1928
1636 888
1778 1383
831 1278
1354 1679
843 1864
1276 1617
562 690
1702 1868
221 1965
1352 1028
1245 932
1160 1253
1646 953
1564 824
1686 1272
735 3
1183 1289
1441 1586
843 1250
21 1682
150 1611
283 1096
1537 1389
408 1788
183 1931
289 642
772 1430
614 450
420 1249
1650 1282
889 977
937 1405
1322 1051
231 1252
1314 1571
961 1726
55 303
1028 1156
520 721
1685 813
1910 833
493 895
1768 1075
710 245
1756 1658
901 511
699 342
981 1693
1809 12
22 626
809 1469
149 987
1430 1592
21 30
1313 1059
714 1054
704 539
712 1839
829 269
1049 849
89 1520
618 1536
1498 1815
482 1803
1246 1122
1071 826
85 1726
324 957
284 1803
1168 1594
353 186
1116 1778
1141 1917
505 1121
1251 1335
190 38
800 965
1945 909
1603 1612
1855 760
1711 374
171 373
1427 1694
444 1266
1963 1038
1135 317
45 1922
1651 774
1925 1987
1877 157
1725 1843
450 1638
1704 733
410 1716
381 1888
62 1287
1087 1678
1100 1869
1947 1099
1586 1456
1276 692
721 338
903 225
1913 138
532 1276
992 598
1341 718
1492 919
1324 1065
931 960
1488 1936
1351 431
1681 372
1034 1972
1836 1509
230 130
61 913
967 1023
1186 1254
640 623
1853 837
1810 11
840 445
48 1234
77 1888
81 1505
1861 1482
488 126
404 1489
179 45
1936 1620
1442 562
1181 1812
1358 298
1280 790
732 130
374 445
1481 1232
1053 636
1537 1835
329 289
1168 1857
1321 1163
1228 1441
1591 1982
1421 1941
468 142
807 1846
666 1189
241 820
1445 142
622 1728
677 1139
1377 674
1425 311
477 227
1331 1704
1874 1992
1496 561
354 1055
199 119
1579 1703
754 1893
977 1125
219 630
1423 1606
1139 1433
839 1578
1864 1144
53 1129
778 623
253 1436
93 1676
1542 925
479 776
1278 134
1859 599
84 475
1979 1614
257 1842
1788 319
533 1670
1727 1110
1518 1244
1656 603
1806 1911
324 1233
722 691
1197 775
401 836
793 1999
987 80
1866 842
1425 1110
483 392
690 246
1117 11
1142 1206
429 122
1928 1083
552 1236
396 619
1504 1324
132 1754
573 579
406 818
533 889
1400 619
104 517
1714 846
919 614
932 58
1442 1283
187 622
1153 750
658 933
962 1004
1128 256
1432 55
445 8
541 554
1060 1856
447 285
216 1988
912 780
117 30
461 328
339 234
440 688
306 250
1911 1607
1474 1947
1986 1450
654 1346
1027 1029
1817 836
1923 1453
1592 1602
1345 1114
1244 526
1930 958
975 1046
588 9
1597 889
644 1677
740 160
740 1495
1282 1482
600 488
175 1054
632 614
1381 672
788 1306
847 712
229 1091
1796 1956
322 1402
871 764
267 1394
654 776
1334 577
1147 1421
1227 1743
754 451
1015 76
197 58
122 473
1390 102
1620 1796
923 1436
850 1035
175 873
905 279
88 1570
473 1700
507 941
1777 1285
208 194
1425 1970
1894 1408
112 314
25 597
1164 62
844 1904
631 1720
494 753
1652 1268
45 1145
393 5
53 1375
1058 1677
1724 1685
785 1843
210 78
1349 970
1262 291
890 1150
348 1641
54 709
53 1293
1768 1430
210 359
1745 1073
869 1399
940 934
1855 473
1307 41
608 938
1644 1856
1568 1003
1342 1
529 1750
50 1817
1976 443
1301 210
1468 609
1894 551
1205 337
1630 681
1705 573
863 687
1439 1691
1697 506
706 1841
1090 862
1036 1003
521 1606
909 1170
395 163
1375 594
16 620
1144 1282
1029 729
627 4
1008 1333
699 1380
1703 359
327 1331
1336 879
224 148
1179 564
1919 1134
1438 54
754 518
1082 1517
1 1215
603 1011
64 1044
231 455
317 1697
1834 1286
1638 1193
1109 666
1234 656
1366 1597
453 1759
376 307
1616 1632
104 131
797 1587
1228 431
1271 1653
1877 182
669 1375
702 821
1215 1284
1072 1717
1738 981
229 1409
565 1290
1490 1717
708 143
1228 1869
1244 686
1842 1384
1213 1202
1573 113
183 1582
0 1336
867 1012
1414 1482
1912 1053
514 756
18 1048
1953 1967
1446 907
109 1221
1564 384
1307 464
879 1391
1498 742
899 1493
1617 825
1092 115
942 518
1952 1012
147 225
547 1845
1542 1252
1378 50
519 1904
1163 638
57 201
1793 763
1487 598
886 1815
1576 1944
1130 683
248 559
224 507
243 1164
653 1459
1594 291
189 1902
1721 607
1434 0
1831 4
1880 419
1598 1013
1401 319
1683 991
1453 1314
889 630
236 693
1958 229
1556 679
250 1685
53 575
1635 718
973 1379
714 124
556 115
462 580
1533 672
924 1188
652 1288
200 556
659 1538
191 890
1454 1970
1675 992
1549 1539
216 1466
1765 1766
517 1601
980 1651
420 222
592 1852
1695 888
404 305
1430 1813
1439 1281
1031 815
1323 40
497 212
569 1548
1401 1911
1372 1194
469 1813
780 1761
177 1744
436 227
1322 1599
909 1009
1801 1854
887 1340
141 1888
1765 515
1907 1754
64 1762
880 1386
956 1904
679 1424
1194 1290
738 1782
703 550
1659 199
415 673
30 996
94 1774
1356 141
1026 174
1504 1023
860 1909
405 1967
1991 904
55 1626
561 1024
163 948
1500 1975
684 1713
1354 567
1610 279
1211 1857
1789 1892
789 692
749 30
863 752
1980 969
1022 37
1379 1037
1907 1720
713 1277
1812 1864
77 69
1271 218
433 1384
1128 22
334 1859
380 1970
1528 1490
393 1633
1516 1089
1551 1199
294 1623
614 1089
124 1034
1033 1359
361 1394
237 636
498 1611
1790 1253
181 718
703 1905
1058 1951
105 1719
328 1216
1021 1104
837 991
1936 790
959 567
1867 987
1245 1686
1412 114
630 667
672 1368
1468 732
1526 1831
1139 150
683 1341
1613 616
1166 213
1346 289
443 1613
500 1577
1895 986
1179 61
484 1697
1128 849
1009 843
1064 1560
235 471
1839 864
1702 654
1010 639
1789 882
380 1540
1441 828
983 152
1198 1649
1264 1023
1123 1605
1315 1765
1121 1700
266 1329
975 1404
1876 1860
690 329
1864 1584
822 1177
1176 1065
1395 571
1843 598
1222 1921
675 995
818 1845
800 434
1932 1380
1244 1355
1145 490
406 246
1883 396
1543 929
1653 1305
1181 1075
1114 609
318 517
130 1083
1920 1588
467 1195
1559 1527
1074 1570
661 1248
554 701
1479 111
775 1003
1203 1818
587 111
870 1811
1778 1927
1437 297
603 1002
1681 1657
61 904
1052 358
1567 999
240 476
1734 1592
144 476
806 94
1893 1076
1965 1839
1319 1838
1905 10
162 939
1756 881
342 692
26 674
401 1495
1500 467
535 637
1841 426
1447 475
1948 510
1460 1858
1855 548
1499 580
521 1167
1157 464
880 453
1101 793
1973 1348
1749 1346
1085 1762
1640 489
506 1455
1103 184
1918 1523
364 4
395 402
1946 368
1198 1019
1718 226
370 135
1059 1784
1948 1385
976 1486
702 1663
1611 30
1680 925
940 1102
1345 529
1136 738
1574 1615
80 1974
852 813
1616 187
1734 463
1839 1472
1097 158
674 472
754 1412
1856 940
861 747
1668 1484
501 1478
1449 1862
404 296
1314 829
701 1594
1643 403
1439 1534
1959 465
1620 982
1938 1155
1637 1950
1863 1834
239 415
1537 884
354 585
856 1771
300 930
934 1535
544 771
1131 1430
1449 1621
943 1215
1932 1363
1340 760
828 894
1362 7
1504 330
1000 1439
1147 1579
130 806
1201 253
1863 526
861 320
1695 974
876 464
868 1591
127 212
429 1672
1360 482
11 1145
1674 119
1054 835
1065 1016
763 1888
1295 682
1665 1645
497 206
1075 67
1676 1643
1438 1501
1006 312
1058 1833
1513 1057
20 1591
1433 1284
1983 357
767 1475
53 1702
1011 1370
1305 1897
1819 29
1131 365
1785 551
5 1470
1000 158
597 1791
1491 1898
896 1766
1474 1291
238 414
362 792
649 268
962 369
231 1375
760 1623
861 1419
1099 983
1691 1025
1119 955
1677 543
1150 410
1537 728
1078 1148
750 665
1992 1411
1360 117
1284 1517
1324 1969
578 1843
99 696
894 1213
649 676
1589 1041
1326 1001
1811 650
1401 1657
1957 1489
1962 1018
851 1955
468 446
1645 694
214 1638
1447 1714
1700 78
795 1930
1465 813
828 229
1622 215
1204 1538
558 743
582 1246
535 536
733 785
626 616
190 1689
1930 366
1014 1587
124 1012
1985 1256
305 58
863 1934
1984 1540
1859 546
1570 499
575 327
1316 537
177 516
1182 268
617 1031
1915 926
1893 1695
773 1910
1261 483
181 244
1675 1781
276 1152
1783 1274
1267 1542
345 663
357 672
1311 133
209 1368
1964 729
113 1841
689 1334
1626 165
534 1040
713 1069
423 504
158 1745
1893 1352
1762 841
805 643
421 1319
686 1141
1984 1210
413 1356
1122 1905
1208 1431
1664 28
1690 1178
800 1899
1185 1252
1572 976
1116 1315
295 120
264 1933
746 1367
870 947
689 206
1963 1032
1074 399
1648 426
841 860
915 394
1325 893
1825 1912
1650 1693
1955 427
9 1160
1672 1052
1630 1675
1708 1335
1078 1132
694 381
204 1387
790 34
1433 671
1469 1574
1726 1605
1391 1054
1332 1145
170 642
169 244
1267 529
1033 1559
1241 1290
1347 199
1428 1655
1567 1095
1365 1788
439 1866
557 914
717 954
1185 503
1077 1710
758 181
853 316
1096 1443
1435 1822
340 1924
1646 301
245 1630
1212 1937
1533 1978
591 1769
1573 1217
449 1223
1168 1045
1710 1339
1162 1219
108 499
219 1525
1395 1551
739 1652
147 656
513 1865
193 401
1114 1740
1886 1907
470 1096
640 1735
794 1874
98 1670
1990 804
315 963
1189 1055
531 1042
1022 1766
630 557
1775 133
560 1181
1390 1913
602 1216
726 1846
1872 1665
1729 940
1003 46
1895 555
1975 159
1835 1539
1703 1348
808 1920
1804 1396
843 1983
1436 1464
1102 442
188 600
1447 829
1433 1300
1882 1472
1718 145
1374 839
1175 1734
1038 1654
65 1485
1990 432
476 622
420 1539
653 1597
1031 331
312 0
1885 356
1463 1613
1061 342
1811 1283
1401 696
1429 679
109 200
1199 101
1811 1019
1139 1361
1726 1332
1847 1893
1848 1722
1799 1910
1220 137
1434 1018
874 1590
1739 609
607 1839
675 1660
660 70
79 1029
132 872
1829 840
1895 1709
1968 1180
263 924
1005 658
920 1468
833 1949
524 1832
507 729
94 714
1838 643
1544 1700
749 388
793 966
871 1474
1895 1954
967 805
1883 749
1891 778
1089 974
1295 1787
1352 48
1304 1039
957 1941
1641 1032
1727 653
1343 927
1902 277
946 663
1576 914
40 898
1931 302
922 1790
1205 1673
118 527
40 1358
1499 182
1512 746
1335 203
1739 800
1809 1822
1157 355
1590 1032
1725 199
1729 1637
290 1336
1316 446
776 1134
456 115
1006 298
1654 533
1736 715
684 967
1801 1458
1501 36
1801 1343
575 323
564 1211
553 828
739 1683
1073 1208
1540 192
1553 1436
1738 1475
121 1440
1463 73
537 294
1185 1730
690 1126
1831 1094
15 1890
1954 985
800 706
728 1714
83 1980
703 1295
1561 805
496 1641
1131 116
1533 11
406 1687
1053 169
1285 713
990 950
1694 878
220 147
440 1833
117 1911
1843 808
1929 1664
1948 1538
1163 1490
1409 1137
1647 329
1845 809
1059 1340
1354 432
1386 832
241 1955
261 1953
924 737
1749 465
1038 604
910 909
1030 1879
682 491
47 1273
99 796
1559 251
6 421
1989 1562
495 1717
1434 1716
459 1192
917 1939
507 1942
1502 1242
967 386
1737 329
1059 1187
382 1163
1087 749
476 235
1354 1040
663 921
601 1132
1649 88
400 258
1210 1162
1428 799
2 1098
150 875
1142 1016
58 1526
1063 459
1395 701
551 362
1622 457
1702 71
1979 1264
41 1794
500 1195
773 1137
815 722
630 263
112 1570
475 1258
1733 615
1558 195
1836 1769
1531 1555
1102 73
1143 421
1409 33
1451 131
641 1303
1356 1847
1792 1297
1026 780
1956 1232
1773 1622
932 1470
1398 823
855 268
1570 162
253 1280
759 693
997 407
495 1560
8 496
381 1554
1939 1373
96 507
1891 1576
327 1137
970 472
940 1386
642 27
526 1400
780 1401
1156 1587
1392 373
1363 831
740 345
997 961
806 93
99 1446
637 1025
1443 858
165 1229
241 1762
1750 1767
142 196
1828 1601
1339 662
863 1042
1981 979
11 638
1687 134
286 1976
976 158
1303 670
1678 1812
1324 742
533 158
930 460
470 1155
415 254
643 1261
1162 1366
1415 1646
498 1326
235 1122
190 1124
207 1555
229 1423
587 1162
1961 190
486 390
80 865
1849 1434
253 195
963 821
1069 567
1642 893
598 1937
649 347
1618 493
84 990
874 1357
1929 1347
126 1871
1896 1164
1622 96
1060 1507
1104 578
1369 1543
813 1581
1923 387
1830 901
1752 1345
1203 194
1545 879
1701 661
322 738
1274 576
369 1779
991 1397
623 880
1 1217
1852 1297
1981 1706
1878 181
22 55
1503 951
1715 1664
1848 1693
870 699
1719 411
747 1966
1956 735
1402 188
1641 404
1495 201
678 1966
114 974
1601 1060
679 632
667 1645
1776 554
1608 1554
640 579
453 66
1728 845
592 1041
1659 1920
1152 517
1638 1913
1039 167
15 1058
467 1278
271 1716
1107 326
1587 1509
1713 1047
1692 341
796 1758
1041 260
65 1807
1411 995
1391 934
1245 1878
109 163
1301 1847
1491 568
666 1455
828 1134
841 638
410 1759
1559 409
2000 1593
1016 253
369 186
759 1855
397 807
1020 1067
378 1148
1410 335
1390 961
1642 1236
320 177
645 1784
929 1312
1214 1951
1217 168
1657 1753
771 77
1439 643
928 700
1755 1873
652 129
844 353
264 1516
388 562
1244 786
1915 1217
1671 517
1779 1687
1072 1097
1013 1155
1568 22
1768 1565
477 467
671 473
1180 1938
1444 818
1442 824
728 640
616 1743
1043 1512
1047 1296
1407 221
1098 64
1662 842
196 1436
21 1798
511 1198
1802 657
1577 1005
1352 1477
599 675
1262 440
1197 1097
633 300
1194 818
1154 937
62 1756
824 1245
921 38
1364 1210
1037 1284
1462 1935
983 905
1843 1269
110 978
981 139
18 1003
1586 754
184 1416
1557 99
1557 1104
1882 1868
1395 523
430 1047
269 453
1578 1053
558 563
101 303
1043 937
143 1164
1248 719
1735 534
717 624
1007 1431
343 1726
476 1535
1541 419
1829 1114
1259 1054
1545 264
124 1264
1548 1018
1669 468
1809 961
37 693
1488 417
1973 1580
144 48
1389 1639
1736 951
840 1150
626 1380
1050 831
185 483
98 1403
709 433
1297 964
297 850
1609 1720
147 1834
1577 1364
578 1007
24 641
1457 1692
150 904
478 964
1368 1536
752 1980
1797 843
891 700
538 331
1733 676
756 826
1193 884
378 420
1468 1248
1107 1940
962 1176
1407 1587
996 1848
1066 926
616 380
1234 1885
1380 369
564 723
0 1784
1543 74
698 1860
1928 254
282 1391
651 1275
275 1793
943 121
591 903
1905 609
97 817
1133 1829
146 948
1700 997
1204 1145
700 1981
1971 295
608 534
1940 1073
784 1263
827 313
279 1181
949 601
1024 1600
524 86
1183 716
1982 432
1244 1631
60 269
1513 1234
1224 354
941 1915
567 1981
853 1039
691 151
1986 886
877 298
125 1017
1441 230
1918 1276
1438 317
899 403
1248 1430
321 923
1906 925
1964 894
1618 788
465 339
811 1958
20 1365
1136 679
624 1267
906 1622
953 1304
924 708
1136 1510
346 1039
1292 1873
1848 1101
1502 1536
54 788
1108 154
1077 198
541 956
738 884
1404 221
1100 970
1036 602
346 1318
835 296
1042 1166
1620 1883
1547 976
519 581
1482 1031
483 1474
423 31
291 1504
1999 649
606 163
1937 919
373 464
1625 763
1248 1623
42 801
182 606
1912 1846
1014 227
177 1772
816 330
1034 87
121 619
1034 1788
648 1160
1167 1321
478 221
1409 45
1729 1738
1282 1480
645 1350
526 654
21 861
999 496
1541 1247
1271 18
274 227
418 1166
755 1030
1768 171
1727 124
512 123
1002 1072
590 945
1090 917
1103 369
1136 1596
1153 1102
386 27
1438 985
280 203
1298 798
118 1903
1662 1571
849 1607
1650 781
1814 784
1357 295
596 1084
1725 1663
665 1057
1773 1123
361 418
1434 279
907 1137
1556 1321
1047 174
1125 1008
1645 126
1883 585
1323 1423
472 236
1628 1259
1885 636
1006 700
438 100
15 406
151 1570
189 444
993 1588
836 992
53 1879
645 361
1809 1035
194 1072
1844 46
857 381
1327 1882
473 514
64 411
34 1330
501 1007
1471 1170
1599 325
1193 94
1365 939
1533 402
1041 1822
207 647
29 540
1497 812
1511 1531
1932 215
505 1273
1851 1248
1909 189
1040 1797
374 1981
386 1639
1033 900
1708 1877
1941 6
480 1989
652 1439
1091 216
987 335
634 451
1398 1605
350 1259
1616 168
897 1537
520 1173
1762 117
1859 1681
686 1045
1718 1517
1406 1685
400 1117
1146 393
136 1675
216 542
480 218
546 1849
1577 1167
160 442
994 1195
1442 487
1875 564
869 1657
1920 193
560 1045
1453 331
741 553
1371 1137
619 1504
24 596
1708 1486
118 179
1793 1379
2 108
326 633
1110 180
425 1989
1781 1098
1247 1805
1364 115
1435 1764
143 1447
46 722
1447 1327
1761 1725
1554 222
330 1083
803 615
945 1101
1442 432
668 1602
46 1767
780 763
319 928
524 1374
1053 601
347 1396
440 447
1819 471
1122 1327
900 3
302 1492
1838 280
1800 1225
1812 1456
847 335
1642 1076
1871 750
520 1992
1006 1274
756 900
1852 499
386 1924
1868 304
353 774
1081 1944
1605 863
911 1268
523 1607
1471 401
1399 438
1589 1286
15 528
1457 1215
1498 499
787 122
46 38
1962 1959
1109 1226
855 1571
497 1129
856 1740
1903 1420
1554 306
1210 1001
275 1941
543 1607
1052 1206
1311 1542
1615 1793
156 1778
1956 1811
618 1477
58 1209
1089 356
704 287
1416 670
592 1667
1393 988
491 1725
705 11
1188 1532
1010 451
763 475
50 551
600 829
1890 1673
509 681
1323 74
1296 1154
259 1950
146 878
1728 469
55 1592
1039 1523
903 496
1452 665
1504 455
822 1037
1934 1690
280 682
1071 1253
514 1417
1980 1847
800 1551
260 86
576 510
369 694
991 930
424 938
1397 625
1663 305
1347 509
1390 943
1288 598
1780 1396
732 484
1757 802
5 143
401 918
1880 1296
1160 54
223 1445
1306 1151
1924 220
749 516
1630 35
295 1677
1681 598
1540 1679
0 1913
1335 1721
963 839
415 621
959 630
1954 458
1364 1220
1633 843
1827 1583
717 690
1991 1935
812 1805
242 1153
1982 347
1713 166
413 116
1770 948
305 1360
763 1940
79 290
1955 707
924 406
26 233
693 714
225 539
892 794
1033 714
1 691
484 1838
673 388
51 1674
1459 520
875 1525
604 956
732 1334
1587 1456
260 531
1343 1874
892 1435
1207 0
986 137
1897 733
1861 50
1539 591
424 687
1365 389
395 1985
593 1523
972 140
1832 6
173 418
603 1702
1772 1860
191 245
898 433
753 330
1390 1772
1130 413
562 179
1544 1032
250 747
57 204
865 1811
1061 1086
1821 1539
1663 202
417 1439
551 182
901 1276
389 117
715 71
1726 1547
674 1107
1780 585
187 1071
295 50
628 778
120 1804
1563 1695
1909 1832
807 168
19 723
1258 1951
654 84
1665 637
443 1702
1740 1451
115 1050
364 715
1437 1559
144 1801
836 1598
1203 1097
844 1189
1399 842
439 1360
1886 1756
847 991
1037 1179
1333 1892
808 885
1169 335
1143 1911
387 489
1661 1704
1206 127
465 1620
501 1327
1126 1186
1141 44
1442 15
919 817
375 982
1757 1131
606 1588
269 303
669 645
1703 443
1882 1832
1053 992
1502 1280
1304 1588
1304 1237
1346 1932
1 546
987 1213
1607 1711
498 1462
1671 812
212 1763
518 412
925 633
1727 1056
1784 630
857 1892
1006 641
1935 957
1008 1587
538 1453
259 1847
1356 1130
1277 1252
1597 900
333 1240
72 514
660 1326
345 653
773 1245
686 537
1244 872
1953 818
1396 1655
615 1840
182 330
347 604
1566 280
419 1088
1863 1955
1912 398
513 1616
258 1662
830 1137
310 473
433 928
640 1704
536 1472
665 1126
1350 245
326 1059
1487 153
327 1762
78 1275
609 1424
698 140
223 1443
1323 1504
1636 1612
146 1815
1201 730
1123 1887
1258 1045
512 791
1315 451
1909 407
449 424
242 1427
734 1949
880 211
1435 500
1727 1201
1049 863
1053 1469
743 39
1079 580
1265 362
1985 636
1563 600
279 118
478 976
1944 1675
1956 1064
437 1726
967 1888
19 780
1763 510
954 1415
1676 879
430 1405
1898 254
1130 1103
620 1531
1701 571
1777 355
1585 1024
1185 1012
830 1492
222 1102
431 1483
828 1960
38 1470
669 1820
1185 1122
918 11
1035 333
1486 526
903 1736
751 20
1593 1292
1101 537
1830 1153
1983 334
1252 1809
509 1133
259 1804
598 1412
597 1239
655 211
1565 329
1154 1384
1644 567
731 226
1669 510
1578 1463
114 1230
1686 1264
511 354
1608 107
1350 879
1433 807
1889 812
1920 1157
1882 1083
426 318
1673 1301
1531 1754
1769 398
1721 235
1808 1382
1068 736
1769 1713
1432 974
349 1951
452 1513
1521 650
871 970
809 181
626 1016
950 70
559 1789
427 530
992 893
185 781
705 823
881 510
464 405
969 1013
1450 1196
1190 1134
879 1721
1992 1610
680 68
843 311
1990 461
989 999
348 1786
1169 227
1199 1705
1911 1044
1815 183
223 703
722 1956
1006 1048
509 1119
141 1456
1160 298
1942 1955
1205 1182
1526 798
982 799
375 1301
278 237
760 363
1235 1586
6 273
1292 784
1722 1685
1565 703
1982 1495
169 23
1540 288
698 1756
1660 1100
1635 76
807 1355
1520 1481
231 1191
131 254
1943 171
1943 609
465 896
92 159
1314 1529
456 1660
976 838
1678 1224
912 450
1562 98
188 122
1680 1075
1824 1458
1208 1880
558 1089
1255 190
836 476
78 374
957 1166
1732 1012
1224 174
136 1352
1764 1022
1634 1989
1175 1804
142 1350
1214 1265
1303 1609
1616 939
1453 1219
1756 397
831 842
21 1955
1277 16
1064 535
2 1719
1405 283
571 762
91 1978
1225 1450
1218 1957
780 285
975 276
1844 1633
1832 1457
365 1846
557 532
807 1839
294 695
1946 893
1111 1560
73 1349
1679 834
1288 689
1550 1096
653 869
1857 324
1913 188
469 260
51 408
919 1446
265 1238
1543 16
1431 1824
1984 628
1546 1716
1548 119
721 234
96 490
1921 761
1209 670
80 1201
1506 426
576 334
1672 1167
988 1491
1139 394
565 480
14 1079
1380 548
1713 601
1462 914
1104 640
1652 3
1117 25
1337 1563
854 1409
1046 224
1385 737
194 112
1357 1495
284 206
1 861
1546 1425
143 1477
1280 1840
1997 861
1613 24
845 1403
1709 1062
1623 812
596 1219
1431 1814
266 38
49 1438
661 1220
388 1385
1637 418
1447 1955
1446 48
705 1061
1245 16
921 261
250 270
762 140
1850 1780
95 1868
1454 1280
1702 1987
1906 56
957 1220
1989 1906
1423 776
284 1256
780 1256
678 254
64 891
1512 1969
458 1983
474 261
179 482
1844 1024
1985 793
964 1012
1777 698
1209 758
0 833
285 1833
1185 221
1669 1402
1027 1783
1606 171
601 1462
1102 562
1709 1848
830 1527
1831 1197
1950 1053
582 649
1498 1502
1885 1729
1822 1347
1852 109
1808 711
918 1796
959 737
1305 994
198 273
515 1540
1697 1009
158 1833
239 188
644 1889
1611 1761
489 1244
1113 524
497 1942
183 1772
1059 655
1244 1006
1234 1786
503 701
1608 866
810 434
1348 1967
1686 780
1044 1743
338 1419
1554 1284
1450 122
4 439
1649 1529
661 1216
1587 1988
856 1218
371 864
1728 109
1270 925
1587 443
1930 496
1836 1862
99 1595
621 815
314 108
1764 1715
720 1642
1806 153
342 344
103 1439
385 1269
675 1036
1296 1730
1963 745
483 1013
1592 1713
765 1772
887 1634
204 1865
1187 136
400 1535
1646 494
87 904
1205 1449
1389 732
1737 1713
1239 379
986 373
1900 1045
89 1972
584 506
1879 844
2000 450
1080 1558
920 873
729 592
704 617
609 1049
1171 1263
34 645
1594 362
277 1449
1940 591
4 1003
1519 594
161 893
1273 1727
1452 498
1134 1648
776 1443
1652 1849
294 156
867 1838
1184 468
265 334
1969 1312
260 566
911 409
330 1599
331 1799
1284 587
1058 33
312 1049
1899 1848
1903 1108
1708 1859
729 405
717 21
234 1844
363 1801
1247 1644
668 1144
751 581
323 513
917 937
1940 184
360 1627
732 104
1771 1778
315 1838
1995 218
1442 300
1953 160
1695 769
23 431
164 1789
1510 518
723 1841
256 545
694 1141
1019 1744
270 20
1825 1486
1124 431
1799 110
1482 444
1331 1860
1418 1385
1859 384
1861 1279
853 181
878 1740
1163 742
679 1864
1454 298
499 712
315 263
1085 1764
128 1802
185 1586
791 593
274 781
1685 1227
1957 1445
1498 1278
676 668
1193 1036
1417 122
962 595
1937 1322
637 61
382 1494
894 1665
588 1278
169 1420
890 1744
523 1243
1040 345
479 1235
1490 1231
829 579
927 1956
1106 338
9 264
202 887
1413 1757
947 1794
1835 1584
1439 567
1983 1472
1959 1994
1618 1561
904 1142
1796 1211
1072 524
1913 22
1171 1953
1099 191
1878 948
530 1679
1764 991
633 1881
988 1674
1743 80
1270 1442
1763 1882
164 309
1910 1682
1462 1770
905 1051
1691 929
106 1650
590 435
177 1465
574 1923
778 123
1603 493
1955 807
853 936
1770 993
1624 806
1408 1637
1976 1346
1731 505
1605 843
272 921
527 589
1526 840
1692 1676
1531 1870
709 1973
879 1387
360 1749
241 727
1172 1643
1129 326
1138 1024
96 797
307 74
1217 172
294 455
365 1868
564 485
1098 1873
396 609
1288 159
1439 139
587 722
482 679
1477 1367
1215 733
1542 454
391 1317
274 1375
1284 132
1264 1217
393 272
1542 1362
417 265
1121 1251
297 75
1582 1433
1686 1576
1647 1384
805 844
115 767
1422 1658
76 1609
953 14
532 1295
1497 250
1307 1600
348 249
1811 498
1411 327
1577 1591
1545 1711
1371 665
79 1321
689 1306
1296 1647
1768 890
1367 503
286 1679
451 1366
1986 606
176 469
1868 1041
1654 1897
96 1835
616 1350
991 340
1335 1068
1420 568
943 848
441 1100
1741 771
1142 1666
1937 557
509 221
1956 470
1523 1608
469 509
1049 142
1981 1656
208 1698
480 1294
143 336
1818 1327
1319 1053
247 1310
474 428
331 909
743 855
1227 818
1960 1558
1986 397
1703 1840
1356 213
729 1861
232 1719
322 595
955 1072
1411 487
713 280
451 1134
911 221
1265 398
927 1615
575 1578
41 796
1223 1408
1086 497
1620 160
638 268
467 993
1255 0
246 1835
1359 306
1212 768
237 1364
1949 700
1663 1736
885 723
1300 641
252 1572
504 1613
267 417
1517 689
1404 1247
763 1263
908 1224
161 693
1677 1025
797 937
1542 303
1264 634
148 929
157 1236
633 319
389 585
364 548
698 1251
1033 259
1336 338
303 1653
204 14
1126 409
1988 1311
1526 405
1798 1710
848 1632
586 660
1828 1310
772 975
288 50
216 89
731 1348
616 1105
1841 1307
359 486
1204 1652
1020 1801
162 63
1468 157
554 1206
899 1656
638 886
1937 1194
1266 432
1756 1634
1673 101
1320 613
686 1550
1888 1942
1697 408
1398 286
1413 564
1645 1841
659 1656
420 375
698 749
321 1428
549 140
272 1431
804 1788
1257 1641
1035 736
713 750
254 406
1565 1780
240 1435
941 1837
315 188
48 1193
741 895
1253 1889
1711 1159
544 1570
5 1864
1938 274
1241 1014
803 1054
1771 1197
1415 497
1224 1409
1401 1461
907 1433
809 1361
376 208
202 1008
457 1270
596 115
615 413
1358 477
998 154
1258 846
1043 528
827 1616
1659 1540
688 1092
654 197
124 1011
785 1362
1838 1215
1630 464
1192 1643
113 1914
53 543
1336 297
498 1283
3 1240
1013 1359
1598 1965
123 1439
1264 1832
1617 1814
1576 1576
1194 1667
1222 76
26 100
46 1705
1661 1992
1796 1259
411 922
1686 1408
885 587
223 93
236 562
1970 985
1074 37
1874 457
297 1962
701 739
311 1069
615 328
214 266
1061 761
512 171
822 242
594 1187
1446 1913
1320 1801
1183 1625
1524 403
987 1263
879 1908
105 834
1900 1936
30 1900
1399 1645
946 275
1788 1135
1616 276
1451 1138
540 1197
1980 1949
308 75
461 190
897 1074
1323 1578
1306 328
812 288
57 616
871 459
1745 1356
576 1577
1270 449
1716 1451
1879 502
1548 1024
1842 89
1554 1083
778 27
200 1914
757 46
593 1864
161 748
1735 950
513 847
1996 1611
1374 495
1182 984
1946 102
1277 218
1001 1205
610 780
1335 1188
750 543
1127 1332
239 1396
1910 1632
1882 962
1170 224
1026 1649
1863 1712
1223 1006
1997 40
790 795
20 161
1511 1684
78 926
556 962
1825 989
598 1049
1461 1479
1894 194
1553 46
1260 496
939 1078
531 1291
1434 1559
1409 1082
1815 1373
1068 267
743 789
84 1775
1627 1757
1737 335
613 1507
675 654
73 1531
162 652
879 1199
1105 169
657 222
1036 1774
1430 696
1821 1505
1236 923
256 572
1908 1137
1423 1601
1775 415
360 882
126 899
454 1022
679 956
198 1847
1220 882
1539 1779
1856 119
888 1027
649 1907
1183 525
1269 222
215 731
1228 1147
1455 681
898 852
197 1678
221 1020
667 33
578 1384
943 884
69 606
485 1759
543 1498
415 853
876 520
458 322
1157 339
107 573
677 607
17 1780
1025 1591
1619 1088
825 188
1438 249
1588 417
1539 611
791 965
1223 1833
1167 1448
403 1758
78 1754
