10000
834 729
1063 1901
155 1800
706 1914
1015 234
925 971
1953 43
864 291
699 595
387 1583
997 1102
1994 311
362 1692
1420 456
466 1788
751 62
1385 1583
1622 881
1098 1567
355 1517
727 1596
1354 1391
1343 1790
636 413
342 389
1549 381
202 1228
73 1971
1443 1419
874 1510
758 1872
91 1562
52 127
1698 684
66 1853
667 1879
1738 52
929 923
1836 543
590 1628
1941 1689
1971 1072
1052 1128
324 1821
848 50
807 704
1058 296
1406 1346
587 1838
1775 112
819 1467
1942 111
1881 926
1921 741
1111 1774
516 1961
1540 1114
1222 961
1051 1475
184 695
453 1651
1811 1576
1750 1031
312 1030
1619 1172
1060 8
273 274
552 1365
792 1611
975 345
14 847
1420 295
527 102
1580 1437
615 1751
504 882
1231 728
740 1371
368 1181
997 1627
1976 1992
667 616
67 872
1699 215
1514 351
631 137
994 1023
915 1206
970 729
69 446
1041 1066
159 1963
1107 109
1571 1477
638 749
1507 1654
1339 673
1219 1805
1094 129
66 1974
493 1410
240 1284
1645 1426
477 1724
39 1683
657 384
1955 1719
875 148
876 1220
1530 1668
687 715
1444 742
5 1147
70 782
1270 213
795 1308
1750 1137
8 270
1426 1845
380 353
1806 250
706 1946
819 1504
1732 475
303 431
1712 1377
630 397
748 1351
1570 51
655 1865
126 546
1495 620
141 809
223 1862
1907 1086
1902 1396
748 983
1556 339
1813 652
39 1689
1503 799
842 1314
510 1010
1581 1077
359 1609
1381 457
1735 133
953 673
1772 124
1999 925
327 343
849 279
1523 1543
1532 1663
241 410
234 325
675 1155
548 334
1411 1217
1961 1244
845 1262
1435 1158
1472 713
1201 1173
1651 1941
1943 847
834 1109
850 805
820 927
1515 303
1106 1724
987 1605
814 95
1503 1135
1143 51
442 1054
1266 1356
762 487
1610 1383
1778 529
1413 790
508 893
1750 1913
634 1537
687 1438
89 812
1479 1924
706 292
1743 135
170 1510
1066 236
1480 209
1214 348
293 1579
603 1961
1473 1589
974 1150
1353 1634
309 1965
1687 1897
1197 1234
1516 1105
132 1308
1580 1590
1390 1991
765 210
1127 975
1475 462
1347 360
1148 105
1524 319
1035 1370
1813 1940
761 805
604 1760
821 712
1308 114
970 829
1637 1364
409 191
38 1939
93 782
1896 35
865 1133
1439 1580
784 1874
1580 168
1752 573
838 1808
1121 892
1838 646
314 1563
1591 880
1669 628
823 1688
1385 625
1196 1439
1009 823
1868 1079
304 824
1433 1526
619 1507
1736 1686
288 1229
311 180
969 429
942 1047
246 672
187 1161
1200 1240
1067 171
1037 881
662 1741
1365 1793
122 737
1119 20
331 749
1143 979
990 1896
1610 1836
755 1152
724 1556
440 561
784 1557
1071 1388
110 1684
784 375
1017 791
1969 1325
1545 1608
1416 1866
431 1514
1389 1881
1608 25
1373 1918
1137 366
1368 1433
62 962
1371 522
364 439
217 1368
273 1839
603 89
469 1846
1294 757
1443 1341
718 1649
907 568
307 326
1500 187
1639 27
640 758
181 565
137 1891
1659 731
1240 1198
396 653
39 447
1151 1465
1803 900
1731 20
1486 1116
461 278
1871 1856
1354 1187
1026 1891
885 122
277 451
1380 971
945 301
1528 1636
650 242
1209 658
896 1100
1275 387
1289 1659
533 858
330 545
1332 1276
1634 75
533 503
1259 815
1228 644
1545 1489
36 1032
889 1112
1533 1855
992 931
763 1538
1807 413
1189 1340
1036 668
1466 68
1496 481
825 1943
31 1378
676 858
774 1701
428 1570
1759 25
1312 1934
851 348
1171 1583
1382 1874
187 445
38 10
287 1046
1934 99
858 837
1259 1619
85 1253
1777 213
469 1066
628 1376
275 257
373 759
1909 26
1369 280
612 906
433 925
2 754
875 187
1462 1975
851 178
892 275
1603 1232
1474 221
719 1463
924 849
1227 537
420 1031
717 1238
990 1382
873 752
826 1404
1798 499
1741 148
567 795
1901 777
346 460
900 785
700 1678
217 1072
1580 1906
943 185
858 349
1079 1634
1307 1446
771 756
1966 0
1609 1159
1212 171
158 997
384 763
24 1789
301 1199
1765 941
1600 746
1713 734
1878 1155
1929 1665
1008 1391
1890 1144
1272 471
501 1802
1982 1908
1403 63
1914 1942
857 386
1432 1815
1679 523
471 666
805 285
1191 730
1702 1446
1932 858
1006 1655
316 1945
1086 1476
681 624
407 709
131 434
130 1232
1562 171
1586 1934
659 793
1733 646
1313 1550
1414 329
327 1825
1046 1534
671 1854
402 487
1367 527
565 614
1308 1102
684 563
207 560
1809 1688
1437 22
1590 1066
988 205
602 81
300 100
1723 823
1735 817
1726 1638
1413 362
1611 1157
1839 1561
656 1494
1053 1967
4 1974
1104 1253
619 2000
1979 1577
600 1678
169 1902
30 855
74 1070
816 1075
360 838
718 951
972 1940
226 659
530 1142
1105 1378
608 1533
1231 1323
394 1124
640 1954
1552 911
1687 1337
576 1344
930 93
928 390
643 125
883 585
681 1828
1584 799
304 1478
1490 103
4 1523
1408 396
551 903
1288 770
782 1713
1991 681
951 1740
916 201
154 1492
1487 917
863 1562
969 1820
863 1359
766 486
343 787
490 1135
76 369
1473 629
1005 1901
160 650
1356 1822
303 1861
1711 1201
662 1502
1109 176
898 469
1589 1474
538 227
1273 291
1187 1304
583 1553
1999 1365
766 1907
1556 1621
1696 687
1252 569
1413 1780
884 1787
1303 1050
204 483
1292 8
1019 448
365 1440
804 1522
381 381
1706 261
1520 908
1950 1803
597 294
1803 1827
1770 1334
1645 1471
215 122
1247 612
988 1465
1789 440
1973 766
695 1365
1374 282
1886 185
1897 10
1542 1006
1328 1252
936 1444
1100 126
475 635
1286 1084
1632 326
1311 1021
226 1009
1755 1148
1004 798
917 1
950 430
1918 1879
1501 141
1990 1677
697 994
1378 421
1492 468
1709 1495
394 1154
1979 29
1087 1775
686 1192
1995 680
77 1226
712 1178
1503 1826
449 1573
1428 1900
1039 1452
280 1957
727 405
1453 1607
1876 1708
601 403
1013 1429
1856 1695
1326 848
723 613
1038 956
806 689
1148 217
500 1266
801 451
27 1707
173 1465
218 48
6 305
747 1241
1800 1239
1345 1184
1085 223
1809 1548
1966 653
364 48
532 990
809 540
1971 1210
338 423
598 927
1770 827
690 507
1825 1734
1041 198
1324 1413
1194 1665
1089 918
1734 1117
1515 864
1109 761
1379 47
1827 1806
646 1962
1966 1189
1100 321
1356 1437
1752 1177
450 290
1193 439
1754 816
572 354
381 146
1951 1430
1894 127
1757 798
1385 1332
1371 121
1004 173
1526 648
1291 105
1802 718
799 592
1996 92
853 1969
816 737
446 599
746 1049
315 998
115 983
1051 327
46 459
278 1424
1629 1564
379 198
1737 602
179 1448
1713 143
749 674
799 1173
1994 1911
1681 714
748 549
926 1195
448 404
1109 1514
1104 213
1122 985
1947 1100
255 1647
1698 476
1426 375
944 809
1567 224
535 540
5 523
1136 563
1632 274
1622 1256
1109 1920
405 1581
1211 1673
231 1359
896 1772
146 1897
1329 1700
1009 32
47 311
444 352
167 1659
409 1406
423 1860
729 1442
1863 1263
1337 1071
115 1121
1681 1051
980 1637
1514 1484
1154 1027
1984 1454
760 788
1931 1808
1600 1184
1952 551
1118 1506
986 353
1497 1436
1062 1478
260 1914
1853 1066
1566 979
472 1021
1010 1204
8 143
1266 1775
295 1254
1183 341
497 489
58 1137
1372 1830
1517 828
345 227
828 1599
1547 167
1810 197
222 522
1541 483
1922 1834
429 241
1000 1832
1939 881
1441 771
1307 873
1325 1553
1757 1365
1316 965
1598 773
1051 944
1255 435
452 1823
1190 185
643 1613
1602 1358
1600 391
1233 5
995 106
182 329
774 45
772 38
328 793
615 772
177 353
1298 1562
762 960
1872 1887
1018 1759
1034 1582
619 219
607 171
311 479
481 1501
1959 361
764 841
999 693
90 1601
1994 609
1823 305
206 457
1502 895
1638 864
1390 601
1719 1974
370 1576
753 890
1500 428
313 1308
1893 829
1367 90
1115 1209
1422 1094
651 915
850 250
1529 882
92 1018
314 1910
63 1125
1451 1082
802 1306
915 285
1286 1985
1517 383
1164 1215
1896 854
1850 851
1227 1352
852 981
736 865
913 170
1208 591
1057 700
880 1417
1634 484
508 1272
1317 424
349 1700
1450 1904
1106 67
1037 1941
14 1492
1123 381
1507 349
446 1505
342 1517
1409 817
1211 514
1614 622
1625 1263
1488 637
12 1995
635 599
1856 1044
1142 961
175 1959
1286 1834
675 774
1210 1899
1254 1308
1397 1659
990 1344
1179 1314
528 133
1608 499
668 418
783 1768
1617 1399
585 1281
1718 509
47 373
130 363
179 649
71 1919
1106 1340
1676 997
913 1558
1645 1971
730 131
67 811
1674 1977
488 277
1369 930
486 1308
1016 365
1931 832
1886 644
1091 1507
1144 1953
1117 969
1902 1197
735 301
1947 1688
287 410
1676 1901
278 617
1153 1305
131 1860
917 1077
148 668
1854 1188
856 614
1609 1874
846 1165
564 929
5 1873
682 776
907 1603
524 928
56 476
274 1536
976 1846
843 758
397 770
526 1051
1352 1321
1282 829
281 832
345 860
1912 1374
961 405
1646 488
708 1663
813 1564
1046 1933
29 1397
380 1606
809 487
159 1505
997 1926
785 1998
1865 919
1221 823
59 1900
174 1910
1900 904
350 1117
183 1207
831 1655
1012 214
1852 1891
1636 1355
69 112
1830 1510
115 376
832 1886
255 1257
1872 1277
1682 1764
884 1310
601 1730
621 1503
979 797
1277 1795
1023 1266
856 1573
662 146
650 1581
1138 437
773 1990
159 1369
796 621
1609 1140
1779 1752
36 1605
8 1164
190 1900
1577 1628
1356 1149
1604 420
1092 94
1127 1145
1005 646
640 444
1847 1285
284 937
863 275
1356 1976
977 1784
405 335
392 1715
406 1077
1336 514
647 1560
171 554
445 1082
1635 94
199 574
659 348
1023 1481
1768 1174
1822 1917
1904 880
1313 994
984 1381
1530 864
164 479
1867 105
1380 1178
1718 390
1623 783
15 1564
1091 1548
992 1575
1348 1531
947 797
1351 1672
546 195
1215 1850
802 337
955 957
1439 1498
593 1925
1342 1789
1699 786
1303 1234
1286 600
114 1124
1809 337
107 1276
1487 685
1956 1796
405 764
1886 1017
831 472
459 1226
1074 1033
1828 1602
1641 1604
1269 426
103 987
1701 53
1388 1801
1253 1515
1754 272
1844 829
1810 1401
888 708
740 22
480 744
1608 144
136 1993
1044 1857
1091 1150
1117 145
552 1210
857 1683
424 1118
510 575
1119 1176
287 1790
1350 61
1156 829
1092 719
957 746
152 1185
1149 799
1030 718
1871 334
1854 42
1604 370
1941 768
779 86
1584 1346
192 1330
1423 1474
854 493
918 859
75 1532
206 380
1766 610
88 234
1488 712
1996 766
1048 849
1899 1779
995 1562
887 1611
775 916
879 1798
1024 1204
86 1005
384 531
745 1762
540 491
1043 1707
817 336
317 1403
379 1721
840 414
1888 1747
1915 742
1441 1079
1293 693
96 512
1354 1232
231 1579
1023 519
352 851
1060 442
1208 1566
1690 984
1642 58
893 28
721 1232
313 938
1564 679
1653 1343
288 1356
481 1490
209 17
229 551
80 457
1221 727
1694 1767
168 626
145 795
271 1547
728 150
408 129
765 502
1166 1006
631 470
872 72
730 1944
118 1682
1515 1333
1326 1169
811 411
241 11
796 493
85 1464
683 1393
108 1880
801 375
1516 1731
301 1291
131 500
528 786
1458 1481
1800 1569
1870 579
1979 313
1711 802
535 581
1649 361
497 1131
127 616
1171 1851
1602 512
617 227
1663 287
1104 608
675 1599
1665 454
431 27
1772 1803
1758 1046
420 573
987 832
829 880
1000 1028
1931 1252
532 1919
647 221
1928 1093
751 327
1828 1124
96 297
967 716
259 1227
157 557
1533 1611
1587 948
640 331
277 602
1481 1910
1488 226
987 1703
19 757
1433 783
1988 617
779 638
1009 37
348 1219
169 10
1079 1047
107 302
201 51
382 1632
26 407
472 192
275 660
1935 1073
944 602
1786 666
812 1727
1392 492
1431 1147
961 1420
1224 898
1110 136
119 1662
545 1079
180 1649
1501 879
1483 1097
1699 1591
801 702
692 148
64 1699
1266 354
1820 1915
105 1696
108 742
885 614
610 513
1411 1331
956 1769
1984 308
1072 82
1297 1233
172 1314
419 1693
544 475
927 225
507 1971
113 72
198 1920
672 685
1479 1015
627 164
1247 156
447 1798
209 1409
997 1644
409 195
1897 409
1526 1840
687 1616
1383 408
1346 1624
1262 1552
840 508
1723 1898
250 1290
519 762
1442 1996
1226 1445
886 423
1712 1153
1030 1005
1889 692
1180 280
997 394
949 1055
1212 1220
582 1410
567 41
1734 406
1168 1783
885 688
860 966
1603 1944
1947 1606
844 1875
853 1460
1864 693
630 1911
1463 1756
1594 1695
1863 1150
541 495
1595 412
190 249
56 1206
1346 1719
847 520
1278 919
37 181
1639 1894
1343 1971
288 1615
710 1379
390 18
621 1097
859 1494
1305 110
913 1370
1758 1645
88 985
725 677
980 1926
769 121
1377 1337
1665 1488
1743 1990
1963 1923
1190 465
1290 882
1215 1614
1499 503
916 96
1519 181
1063 619
1733 139
86 1612
902 1093
1921 1081
1577 1006
822 1773
1811 1410
1868 232
1704 633
1610 1976
889 57
1502 58
1157 503
270 1510
107 1704
1483 1649
1694 3
1503 934
1339 310
440 43
1349 1341
1063 768
1866 588
1146 196
247 903
1856 75
785 476
215 1598
1446 1508
210 923
1009 744
1597 785
1428 226
1761 240
912 1447
1806 1948
518 524
1201 857
196 1113
115 1508
1170 1325
1759 1661
1415 279
1771 1683
1751 1943
1076 1317
1791 792
409 1910
0 1325
432 1418
438 1911
386 1758
421 60
2000 150
1478 1505
742 892
2 341
847 795
1204 678
1173 1355
138 97
1877 128
268 847
569 1843
1730 1283
311 1205
519 749
1967 273
947 257
1131 1702
997 1760
906 1292
1755 1059
903 511
806 1598
956 1283
107 888
508 134
37 522
1046 1080
1027 1970
561 1256
1653 1032
1463 1422
150 117
1631 1522
128 645
1713 438
1212 102
1737 307
268 326
859 48
94 241
99 1210
208 742
1320 721
1675 781
1278 1207
1309 1869
182 1126
1781 168
994 340
1810 1364
828 80
438 1466
1553 1896
1802 147
877 1433
1110 922
1791 1820
1648 1049
778 274
1747 1414
1165 616
954 726
188 1354
754 1360
1697 849
1935 71
1558 696
1127 1405
1751 221
1287 528
346 1396
1890 277
545 1243
1087 651
1760 1879
1844 398
1265 1551
498 1096
813 374
1414 1413
786 101
1606 1618
575 1695
887 1506
1060 1926
528 1382
1873 1924
761 1218
823 907
1651 1919
1208 197
517 1617
938 916
959 1280
1976 555
359 842
22 360
1386 1465
528 383
940 415
1239 142
1209 177
450 936
814 491
159 1222
1179 1706
119 1159
831 646
362 1652
1605 595
1832 1788
1416 288
1262 911
350 1285
521 585
1175 304
1740 1332
1216 1500
152 963
1764 1213
461 355
394 1094
377 1061
1614 657
1508 379
355 1833
1175 933
1253 716
1997 866
577 1654
1002 1695
317 1343
923 1499
198 1061
1731 629
1932 1048
982 547
1790 657
1190 1118
1178 1129
1737 673
289 1701
60 1667
501 1413
906 1848
1001 1876
1665 732
923 139
1323 702
1469 23
988 184
871 36
148 726
195 745
1568 348
719 1923
393 22
1867 917
1279 786
542 1439
1231 1762
1573 153
448 1071
1546 1133
1269 1203
1530 109
470 1824
47 1224
1505 123
464 1732
27 988
35 332
415 849
1988 921
1492 1911
995 1591
1268 493
756 928
312 276
1346 1132
1477 14
1905 383
8 318
96 1643
1428 1232
808 1765
139 543
1191 674
216 279
1088 1502
171 1859
1018 1336
920 771
1038 443
1452 919
548 1366
159 447
288 1074
21 664
267 1391
133 1746
211 18
1747 979
563 1014
1212 1969
1325 1140
147 1785
360 835
1796 258
1255 479
896 193
720 558
1521 1029
1573 1044
726 1006
685 1202
661 52
1882 18
1907 881
581 1149
612 572
1967 1298
835 1769
1693 1866
1112 1444
1797 1986
128 1901
158 1887
559 773
517 1871
1392 233
1991 1263
1366 307
1739 877
823 1960
1300 1358
767 105
243 964
1139 1644
642 962
1378 368
165 1305
250 1693
1053 1705
467 1638
565 654
18 364
434 1780
553 1341
1231 1310
1034 137
156 370
233 842
281 1097
918 797
1205 701
1276 528
1221 1163
1088 1786
507 1954
1190 373
1940 1674
880 164
863 123
758 83
901 1099
1820 1340
1877 1154
1022 1777
283 1335
1391 694
944 923
1650 1382
290 391
1630 480
1025 904
1966 490
937 1277
371 480
1847 1275
1116 588
498 186
1506 1147
251 386
1166 631
56 1303
48 180
415 1826
1304 528
905 1994
51 1472
1821 1505
1840 578
1453 637
409 1214
1656 1007
1237 1291
1373 1820
732 123
1957 1901
656 1976
75 1636
1353 341
837 1373
335 1850
1870 712
473 964
906 250
800 1252
118 1280
1425 360
1804 1557
1079 972
154 456
1449 835
1949 1528
1572 1207
1676 780
1145 1560
1218 1251
1974 1975
8 425
1589 53
659 1679
1776 182
582 1305
1709 1849
14 1557
345 71
1718 353
466 262
45 536
1257 1556
1980 520
273 245
167 1572
1271 1818
1963 88
1298 1561
1017 1783
1951 311
1735 1112
1445 969
797 660
430 222
536 1834
239 291
1328 763
1473 1427
305 1299
1837 409
578 1564
878 1625
668 465
664 1693
1994 1723
917 1533
1761 1441
660 1920
1960 50
1329 935
596 370
1422 724
1035 234
294 807
422 1161
1720 1410
636 1333
502 1673
1260 57
1706 739
1503 602
780 1216
1225 1015
1833 535
388 1751
338 1085
595 1760
1009 906
1991 655
1188 1535
1727 4
1630 788
1967 1006
583 527
1608 1679
957 1734
1070 934
1556 715
906 505
1482 303
1287 54
543 1185
183 1553
1996 626
1698 1830
678 1155
1786 785
1369 1106
1114 624
1416 995
959 335
1532 1229
816 965
1861 654
1817 661
694 1445
138 1226
1395 1796
719 1842
1232 344
1943 162
584 199
1670 1179
1508 1251
51 1406
837 861
783 769
17 1059
1854 699
1810 588
941 1092
283 1303
487 698
1585 228
1614 629
992 624
419 606
371 444
1222 1975
1104 353
881 1492
273 1371
1834 667
1608 295
1673 778
612 367
1486 614
56 1977
149 1890
1990 889
324 961
1234 1648
1898 1961
983 470
756 549
133 929
36 891
1978 161
1761 731
1792 1091
1846 1597
545 3
1231 438
1510 1261
1126 1076
1836 503
227 1821
476 1058
714 1665
320 1885
1728 108
1037 636
423 1453
1383 570
818 741
103 848
1617 829
1046 999
1017 297
28 556
985 146
1270 666
881 1967
780 972
1173 1509
1189 887
588 976
985 128
51 1864
1802 117
83 961
519 905
136 771
1187 720
1442 1118
157 904
53 318
403 814
1086 1483
1804 183
865 1635
555 1821
1756 864
1902 792
652 909
1479 1523
417 1924
1076 1310
901 1938
288 163
262 1844
1025 839
1091 373
1533 1692
34 386
1714 1217
1573 221
1418 1781
407 1073
1664 883
228 631
1369 526
1805 1340
686 1632
1343 859
914 851
1337 803
401 640
426 1936
1666 50
328 755
1028 385
586 41
19 449
916 1727
965 1883
988 154
919 955
627 1736
641 524
583 955
20 638
1879 1117
143 911
1485 1863
866 1614
861 1610
786 1409
1839 1314
929 399
1585 327
221 686
350 374
316 1036
1561 333
264 506
874 1797
882 1881
1969 6
807 1590
624 1220
1147 1628
1412 1156
1783 426
913 16
723 683
247 314
639 918
415 1240
1713 14
657 947
606 497
1339 1267
556 1767
639 1877
1283 1520
268 1112
1579 643
1976 1323
1819 184
1848 1624
286 612
710 1445
1901 1078
1531 1540
985 58
1878 819
231 959
569 27
1273 597
1688 52
1029 1726
833 1700
1124 724
1049 1600
1491 788
1916 1383
468 1827
180 566
630 138
219 867
1452 1748
1757 77
609 788
1359 198
1800 1463
987 1549
1118 1060
630 1026
1624 122
1563 1029
880 1305
750 123
1719 541
1296 48
1667 534
1008 1386
1806 1427
353 120
353 53
1396 597
510 335
1863 494
215 1524
27 502
1724 1936
373 393
361 1179
716 652
1249 1771
1418 1517
1512 1524
1014 571
401 81
1046 1643
1563 1772
1707 1027
568 255
216 291
1580 847
1177 248
1947 333
1754 927
1189 904
875 345
550 880
66 798
34 1070
598 1791
265 1996
138 379
766 919
1786 1340
1145 1090
993 662
923 1780
301 80
1113 1542
1903 153
1093 514
113 1608
506 1908
270 297
829 260
1827 131
1647 1031
1321 1061
505 1918
147 23
584 924
1360 1992
716 846
1316 1311
1058 5
639 221
1356 638
1805 343
681 72
1005 1839
73 976
404 349
291 1615
1267 264
1855 891
172 939
28 1101
373 1590
1897 1292
357 534
1200 873
1848 839
599 623
708 1066
468 1176
1877 1473
638 899
573 498
1979 743
782 434
808 236
1230 196
1472 1445
569 1481
1587 1100
358 90
530 269
997 1733
1653 1836
1639 1278
1222 934
1868 1229
1576 1184
1560 1272
1287 1809
750 377
1325 855
530 634
1854 1821
922 1530
653 37
1463 645
927 1163
370 478
479 415
824 388
365 817
1523 1385
1892 319
880 952
1464 1489
1138 1626
1885 1650
1093 956
599 373
1117 1168
465 197
867 1344
1245 700
854 1951
1334 1390
1468 315
693 1634
715 1378
972 476
93 1125
1668 1184
405 165
209 265
1496 184
532 901
1697 1552
11 93
1135 1551
957 531
879 214
1220 1978
1518 1478
916 1230
220 161
244 1356
580 282
331 798
1406 1294
1634 1964
9 1075
640 1553
983 1503
65 341
120 1640
91 1099
1116 1296
1984 1753
61 532
1394 111
812 1216
1336 817
271 1070
1454 661
534 1169
538 1990
1695 919
496 1325
1212 1973
381 1466
670 1701
842 686
1398 856
37 1689
631 467
1603 663
154 1561
93 1189
1612 1934
1802 1615
1133 318
232 122
1952 1999
1186 1905
821 176
1072 1668
707 609
331 1882
1232 1267
493 629
1090 712
317 1638
518 421
610 1343
1861 103
448 1151
1962 421
418 1018
1342 219
164 626
1641 274
1246 935
527 581
1969 806
563 1066
1542 1954
618 1521
1600 1578
47 1446
1723 408
154 654
1422 1604
480 1130
1262 1468
1242 1383
1184 1701
1608 829
8 61
797 1043
204 218
314 1955
1349 1196
1847 1960
1720 817
199 1704
1486 1935
582 1552
764 1506
910 1493
1317 742
750 1405
1707 1262
838 1387
1200 620
594 731
1182 1089
1118 13
1427 873
1891 1815
1307 113
302 1632
478 1075
1345 1918
292 1974
1710 1914
1623 1181
987 1350
1171 578
41 915
1440 460
243 896
1233 954
506 1479
166 820
1104 1024
962 942
1515 490
522 1508
1550 848
1852 617
1563 1160
144 1366
711 1469
1764 587
1546 361
944 940
1272 230
1883 1209
1588 335
1760 751
1262 1321
136 263
1824 1962
64 1493
713 230
1038 514
1289 96
381 201
107 1121
1152 1141
696 1593
171 1243
1711 288
469 943
1352 1729
1764 109
948 1620
1549 1810
842 1981
632 437
1692 1218
55 101
667 611
1343 819
1901 1958
60 1710
84 679
507 1066
548 984
674 1045
904 1779
1275 1674
1136 1723
1690 158
1255 1109
1914 842
1727 788
1495 23
1077 1953
446 1644
424 906
430 1296
771 928
636 273
682 1089
30 233
1896 1532
603 1901
12 1909
166 1911
1241 343
95 1563
1398 718
693 1309
1212 933
1570 490
584 105
1373 250
1401 1984
659 1685
786 1560
1769 1436
1437 1743
1214 1097
1698 316
1082 1697
1183 944
1519 904
1745 1439
1656 1136
921 1527
1599 1211
1939 773
122 501
484 578
318 1477
1984 215
1425 269
1334 379
226 846
1123 1041
742 518
1289 1811
1796 768
951 1498
730 1463
1398 404
1003 382
1834 44
1483 536
765 1251
1845 1744
583 220
1663 543
472 1576
123 331
1024 1970
1434 311
755 1949
219 1367
1408 1683
1478 197
1951 1533
1670 694
1937 291
1780 1180
357 1067
1779 678
1157 412
42 1529
1841 942
1034 1539
319 1545
861 1868
1389 1913
644 1599
1083 1859
100 4
1793 325
37 1894
1817 874
1583 1819
20 294
514 851
1127 119
1265 1975
1438 966
338 1458
1296 1526
972 1557
261 972
354 1836
1995 1622
222 253
1987 316
701 1670
123 158
1067 1924
358 706
1090 1962
1767 500
1112 1631
858 1396
718 371
431 1543
508 83
1748 1144
807 716
236 1357
1186 925
772 1324
1779 1843
864 1749
1815 744
1188 1098
1640 133
1222 889
1704 1008
239 1944
1624 305
1466 615
517 812
36 236
913 206
1273 1365
1854 1334
22 1780
1356 1720
1634 880
1475 499
1470 725
963 312
357 914
1055 1754
1070 1119
601 657
161 1557
601 47
1699 1984
300 473
1622 1808
1500 1240
580 1985
589 871
1438 1110
1355 1349
201 741
1900 163
741 1888
1181 417
319 345
899 1304
1744 698
1001 604
505 1140
116 1856
1093 1095
1076 1374
1957 73
1712 1991
1260 521
1963 1368
634 523
1494 163
1906 1375
569 602
370 974
1690 561
1814 72
500 1781
1943 519
528 454
787 1508
578 323
869 442
1555 418
1464 66
1210 842
1485 360
431 1951
1740 1326
478 1870
229 1327
1746 1071
523 774
165 1286
741 1244
721 1082
1369 627
1501 542
1431 685
1587 1142
1999 1906
940 707
1842 1334
655 1783
602 140
1830 1680
274 1441
1043 1915
385 18
1853 637
236 410
1740 1843
354 762
1382 1672
958 1063
1455 1261
810 1225
1787 1791
396 1576
895 1874
1962 1751
875 757
709 838
1016 1471
1242 24
765 186
1254 797
1312 49
1721 945
566 194
1202 829
278 1481
500 1919
1408 1114
295 932
129 427
1323 1860
592 1999
840 1995
153 1830
1153 1816
1414 163
457 354
1765 621
142 1675
492 1259
1714 968
1296 1476
914 959
1886 1171
1036 391
1086 1889
138 715
1066 602
1319 1965
1357 1680
1312 1461
698 1190
956 95
888 1899
1158 1070
1523 1825
1717 677
1234 359
357 1786
1457 217
847 1228
1739 981
1027 1831
987 751
732 1897
779 719
218 1615
1244 1015
1845 1948
70 599
1202 785
1180 1374
1972 1606
1060 522
996 939
286 1928
443 1473
1701 582
767 963
302 643
796 899
770 1838
1106 557
1712 946
788 1202
623 1137
1799 1627
1828 57
1005 306
1822 1727
731 789
1576 957
998 1928
1630 1955
1190 1154
1853 302
714 154
702 386
1771 621
874 393
864 1852
1976 1591
1990 395
1760 1629
169 1131
1704 1122
503 418
387 337
1548 251
1448 1331
1754 1278
913 1335
458 755
147 561
1707 1439
1688 74
206 330
1984 652
612 1469
852 1932
1238 451
1578 309
727 1022
106 1350
1186 1559
883 1941
1837 454
792 1347
1613 105
895 561
1707 1758
406 443
816 142
881 1795
990 1634
362 1080
593 103
707 561
1988 716
708 937
675 184
1593 1644
1920 359
1366 420
1340 1513
1131 401
1771 242
1653 898
509 573
336 793
197 374
1992 394
15 898
1326 1173
1155 934
776 775
719 1440
1242 1006
332 1024
810 329
404 1239
1940 658
1162 1270
400 1782
432 376
369 1644
1521 1671
588 1954
1432 1382
1658 1644
1998 459
1204 1093
251 1364
1269 1037
1094 1445
888 258
1879 1943
235 1981
1973 1496
393 119
1442 1742
1332 1110
504 543
821 1272
484 1391
310 734
291 970
129 132
569 1430
320 1842
550 1996
1642 648
473 801
1323 991
1000 1786
451 1486
926 1124
1318 1393
1436 1227
1420 648
878 761
1667 1689
768 1286
1095 1120
1839 37
1847 1667
493 1599
935 1477
644 1322
1719 803
235 1329
257 148
317 914
1288 461
1791 1608
1732 1413
1373 617
244 1042
304 28
1826 1553
929 1513
472 1304
666 1577
1871 16
186 1529
375 431
137 760
438 904
815 221
852 1925
1013 1368
66 1945
73 957
1932 1000
1785 694
1890 3
1999 857
338 1985
879 234
1183 856
418 1180
1930 571
1220 1289
233 1813
1315 788
1761 1999
96 1124
1947 1052
746 938
482 314
497 817
1597 1676
873 1008
1879 1720
1686 1788
287 1316
1395 1666
389 763
1199 612
1036 1307
516 183
1732 927
726 991
181 1045
1682 490
1915 374
1093 1493
746 309
171 1634
1296 1966
1688 781
857 1442
66 613
842 583
876 187
338 1902
802 1491
1587 1425
45 570
534 1424
907 671
851 1538
383 323
365 101
449 1256
1428 723
1479 679
301 54
530 1498
506 1876
919 862
864 1682
235 1653
1754 672
830 1248
466 298
1302 564
1052 1692
1922 884
1945 1638
668 567
1898 266
1482 731
1149 1043
1858 545
1827 1076
1351 769
434 592
866 804
1856 1809
1922 1956
35 1350
880 1943
1093 1733
1992 1841
1300 1558
1674 1658
72 1955
1440 1562
1098 1812
1934 1505
19 444
867 1977
1730 925
1553 1103
1636 1679
644 1715
389 1204
1820 584
340 1970
1829 514
333 744
133 1115
830 1520
173 1157
1931 1804
760 552
1580 466
444 164
1120 1112
212 1262
709 833
1908 1802
338 1602
1958 1308
1731 42
1837 1525
1833 1182
1925 1120
607 784
1054 1592
792 781
1469 1844
708 1433
1316 1664
1429 261
1408 1101
1101 1833
1179 1891
1095 1458
1681 148
694 1767
73 1106
1468 1322
804 120
67 1709
943 753
1479 1674
794 1021
1558 290
1972 1979
1624 1268
864 194
297 1092
344 1630
239 1736
1151 1549
1854 1310
289 1034
673 537
1344 616
629 987
117 445
1440 1244
918 81
1326 144
1966 295
1931 1302
158 1776
142 1931
847 309
944 933
426 459
1123 1383
1209 1717
1246 1815
1767 301
826 1938
369 1987
44 564
12 480
1242 440
502 624
82 749
812 1158
1948 362
1768 390
1019 841
1058 1817
801 1409
295 822
341 1413
565 1094
177 162
1936 968
135 1547
536 948
729 1377
274 422
715 790
433 1516
1805 408
1087 1146
304 1455
497 455
1768 1341
1745 0
734 349
1657 352
1632 1084
1694 1835
1675 1161
187 1278
509 18
556 1125
859 1108
1674 114
1111 1834
602 322
1927 912
580 436
1766 1734
1646 551
1919 568
1528 1384
26 1091
882 615
629 199
592 1640
253 1539
401 1007
942 1369
1133 755
981 1705
1226 1931
493 1172
1734 453
625 1102
1747 1624
693 581
1130 1563
308 95
892 867
1857 179
794 1672
1312 757
1720 632
859 325
1534 1074
515 723
1169 1338
1464 1839
684 801
1331 309
258 1057
1117 384
242 342
1036 1751
506 1875
1682 1207
1642 1962
1843 935
212 681
1611 295
1438 189
1109 1855
1 160
2000 1124
525 1378
1128 103
460 587
1258 26
113 1355
31 518
1398 1048
808 1426
1567 1992
1215 1004
1944 400
537 944
688 1026
32 1583
304 944
913 550
430 542
1769 631
1538 919
1008 218
1677 1771
1417 1172
843 844
880 267
1765 1066
507 1271
1506 54
1685 1212
947 1696
749 1374
387 83
963 1752
766 1320
1720 923
925 1371
1970 883
1452 411
1723 1132
698 593
365 911
1293 1197
1911 839
111 1427
875 914
1413 585
362 1851
1482 902
1816 1934
1012 137
1173 1275
1377 882
1351 95
163 1508
24 340
1321 751
710 1615
1048 806
1141 1349
387 904
504 482
1988 332
317 1923
1671 75
87 1546
1570 1574
1642 1417
1231 1487
1923 984
960 296
1196 248
947 983
1582 175
343 1834
691 1195
1907 28
1939 1109
581 1581
1908 1738
912 945
392 1668
421 1813
270 1546
863 930
1350 1969
1470 1603
198 1818
285 912
327 274
340 1122
1163 1818
588 940
1621 851
1909 765
649 1126
1064 190
441 571
505 1444
233 1835
642 1388
502 339
452 19
847 51
1381 631
570 210
1227 1623
1644 1955
323 410
217 1677
924 1968
930 293
1304 145
40 1713
800 1600
1258 916
869 1574
943 1652
880 205
540 1118
1704 983
1192 1509
819 90
1506 1956
615 356
1885 1308
881 189
738 455
1317 1949
1762 395
272 1841
617 1528
1184 86
253 279
1471 1599
1392 1964
1226 104
1023 469
1508 311
1655 1556
1643 1533
1713 165
1235 743
400 902
1593 1570
1289 752
118 301
69 1568
45 919
905 734
42 128
657 23
695 1980
519 497
1917 798
1174 1434
1516 987
423 279
1046 523
1652 792
555 975
15 646
1075 54
605 329
801 1645
1575 238
722 1450
978 583
1918 1881
883 773
1474 463
787 1249
737 193
90 62
299 1426
450 1942
1545 1332
471 1444
1214 630
1074 696
85 1009
459 1752
1019 310
70 169
1908 1595
693 1716
1666 276
1490 1144
324 607
194 1502
1976 1094
613 821
522 509
1397 1500
685 1520
1351 158
1094 742
1298 522
1625 486
1875 27
47 316
1521 1610
429 533
662 523
316 1901
1500 317
942 1478
1738 116
1053 1918
286 101
477 283
1743 1084
1650 1086
1601 1118
333 1048
1996 302
1681 498
769 735
373 667
1835 673
1443 1465
1619 1224
1237 1576
1825 1509
1567 1039
16 1731
1889 1332
379 1579
348 432
1476 793
796 1866
1844 447
392 1181
565 739
617 1787
700 1554
297 1107
1711 1479
1761 37
1564 1194
1263 634
784 1260
1183 1920
748 914
969 1232
1913 1261
162 996
691 294
865 1166
934 666
1343 327
698 1027
1439 1009
1646 1298
573 173
1712 101
1654 1622
1448 894
1596 1151
423 63
723 1428
603 1879
261 1714
1173 175
82 1674
456 1957
1027 397
351 1989
1812 1383
1517 46
84 1012
65 555
1043 628
1008 289
1082 1816
984 1553
368 282
1903 1689
1119 1856
1473 221
2000 649
1233 1485
12 966
1447 1793
674 157
1440 944
264 1288
1410 837
713 285
206 261
1173 233
1293 761
1808 1948
20 1137
1546 1069
1037 936
1103 95
782 97
557 1853
678 825
311 1756
1158 1257
1427 1582
1888 608
227 610
1771 437
194 1694
239 1504
144 444
545 587
314 1957
1469 767
193 254
1094 802
1034 1490
717 1842
329 1254
1104 1271
1255 1274
101 979
1981 467
870 860
1739 813
986 88
255 88
1536 569
240 1436
931 557
737 1153
364 277
1745 1509
1337 169
660 257
1370 1481
1185 1987
1893 728
1382 22
49 766
279 1921
781 1990
28 214
90 970
1067 456
213 90
921 705
1174 1898
1119 126
1902 323
291 69
625 811
1898 585
502 828
1679 828
56 111
1939 1666
812 888
144 457
865 291
1998 1018
748 1223
1599 635
795 1244
310 1313
612 614
1588 1007
92 752
1416 323
1933 1382
1057 906
1803 780
1524 28
1656 1474
1637 663
1448 70
820 563
951 1355
82 700
926 336
976 404
888 591
1325 1947
409 1507
603 1613
1877 262
1184 1343
1424 279
249 1580
221 581
1121 1945
1227 1897
988 1203
909 778
1299 1544
1595 1275
122 1190
648 1791
1643 1747
861 1783
1994 1806
191 338
480 1574
496 178
1420 146
1083 841
1745 1838
1882 551
892 1969
1738 357
1728 1337
436 921
1119 1589
6 9
1240 243
763 966
1805 834
1444 1593
192 1705
1428 857
1483 667
1063 1610
1462 153
301 1579
568 681
233 360
1352 1817
1807 319
1680 1660
1147 1259
619 1387
1868 453
1688 1422
1083 1360
1447 1901
704 1417
1693 1997
1695 1738
15 1402
59 1540
1640 1339
263 736
1925 974
1399 1218
969 864
1381 937
1494 45
1039 1130
1394 1092
1917 991
1887 225
1289 839
1946 1404
349 1821
321 860
1845 242
1701 994
558 830
523 1820
1888 1001
1491 609
50 1824
689 1258
1972 1154
1458 870
399 181
1662 428
635 711
1913 1998
1791 1472
12 645
1991 1442
1241 1776
944 1703
1459 1184
1717 461
52 1390
1316 570
309 1394
1563 649
1299 452
1132 12
699 1672
1868 1972
498 134
1270 1364
928 1072
1342 516
372 218
1529 1542
71 535
1746 1089
748 1563
1614 246
906 1480
1922 1915
681 906
869 748
1505 308
1038 1465
1454 250
1951 187
1088 1087
456 156
1919 480
1253 1852
1934 961
1173 1172
1145 656
1906 1378
1762 679
680 1278
1314 558
1658 432
783 337
1996 1406
495 53
810 1204
1587 923
4 663
1465 1788
1109 857
652 404
1388 334
1328 155
735 1909
433 1728
188 261
1292 23
502 1696
1545 1762
426 1946
1678 909
1914 532
1870 1947
685 21
1918 1806
406 89
1809 148
686 1930
1215 151
1669 1128
980 1912
1530 202
1922 926
1848 275
1728 770
315 1695
1980 393
711 1588
6 528
1936 275
292 953
1566 357
761 312
1138 157
1315 1054
1634 692
0 263
1233 175
858 31
747 392
388 1244
274 1900
665 309
1288 1012
833 1931
458 1668
1746 409
1200 1912
1927 1292
1810 85
662 1485
1382 1401
430 1975
1171 120
1387 652
608 1514
1496 790
815 769
1985 923
1632 861
1644 1893
1115 221
1327 363
466 19
426 1528
841 1840
757 1275
1377 1414
1730 1428
1761 1972
1939 1207
1153 1394
338 213
1486 154
1229 1194
187 874
1731 215
1626 1398
1558 1832
711 1920
1682 1332
1622 565
256 1387
540 1035
1518 1974
713 1850
303 1543
683 1350
368 1873
1614 128
885 1074
682 41
1533 595
79 1765
664 1629
1019 1640
509 1056
545 717
379 137
1729 1704
279 1389
715 1354
1071 27
814 1157
1165 1175
981 1380
248 549
1245 735
720 945
153 844
950 413
1784 167
241 796
1565 1768
493 1882
1451 1579
1328 208
903 1345
434 1626
297 1273
1387 476
974 972
1154 1505
1125 1998
1433 189
1014 1537
616 1120
763 1235
747 1163
203 1031
1713 926
768 135
624 520
10 18
542 1005
870 771
544 1379
1782 1323
549 560
1844 217
468 1849
482 1143
924 1944
1827 1713
464 801
1066 1618
1628 531
1818 1786
337 1487
1568 1315
452 562
132 625
686 1534
754 948
1369 437
1398 498
394 1513
1298 854
1939 1906
1298 1690
1264 1358
336 626
821 991
269 601
1575 906
1734 1590
1417 1469
1324 409
1770 1219
1870 1876
45 785
1304 922
501 1410
793 1755
1844 1480
1585 1576
1465 865
1186 585
444 952
551 270
1703 652
1524 1408
1841 1279
1589 1039
1286 1047
1378 1180
916 1500
1666 867
569 1514
1692 339
232 216
501 399
1142 687
1004 1790
1574 1317
1509 89
1565 1198
1112 753
586 1352
1428 1589
111 913
300 625
2 1808
253 784
948 26
959 565
1082 188
1889 508
771 0
1817 274
1401 1565
1622 1657
500 500
1511 820
1612 1073
481 369
622 1332
405 1930
814 1956
537 1527
899 352
1428 362
590 1942
205 655
321 1691
1106 1431
1308 770
1481 68
28 858
1546 740
1649 1733
100 1973
611 356
911 627
695 537
10 1499
201 63
835 1791
1698 1169
560 1190
1774 1180
508 1038
1750 1801
1332 1420
276 783
967 176
1414 1240
115 1910
355 1375
1996 849
1108 395
48 656
1917 1545
1000 1087
1219 1523
975 1402
1357 1365
228 56
508 1863
1981 1552
1327 555
1939 1852
652 1111
665 1758
332 548
762 1841
1588 664
1674 527
1528 882
320 728
112 1896
274 1513
551 1726
1630 1737
1740 1253
163 1667
1271 1862
592 1096
1913 287
191 1949
1182 438
1129 85
1250 1359
471 1376
1033 536
1404 644
1768 723
1674 1359
859 1037
1534 233
1276 1718
1006 1087
1569 914
911 1626
822 571
695 1831
773 781
1970 500
282 1748
1436 968
291 1029
369 267
1842 158
679 282
1516 456
683 1444
918 800
1406 1027
251 1776
1060 1155
926 42
1141 1063
788 1606
612 243
1942 998
1269 976
495 979
634 176
293 694
1237 599
118 1302
1851 803
939 799
630 298
1893 846
895 1819
1663 1757
762 823
900 1153
1997 891
1886 1519
828 1611
563 658
1709 1511
1431 1067
480 1797
432 631
484 1008
1269 432
421 787
1360 1485
1099 1952
1197 1242
1169 591
938 597
953 572
1300 720
409 66
1067 1088
1467 197
174 615
781 424
6 789
399 575
249 858
1988 1175
1093 1589
1463 420
1492 435
1891 1058
1396 818
1230 1898
1562 169
1973 1587
926 1965
1858 1359
441 1486
1790 1438
1482 1322
789 1465
1546 879
1177 218
1555 1177
735 1160
1876 480
209 1385
501 1299
164 228
1205 808
663 505
458 1097
1777 655
537 1799
1037 358
626 239
1384 932
1330 177
577 945
1751 1844
798 1416
779 705
1104 298
1155 1347
1333 1755
978 78
1681 1789
244 1142
1061 1598
1367 167
1889 863
146 1142
395 1945
506 1199
568 1518
259 776
1575 1948
965 259
100 1153
1781 1598
1239 568
1165 1011
1624 1916
691 1733
663 1953
312 1871
1571 836
1294 1388
845 1474
746 1562
1082 218
608 111
269 1719
1178 1395
336 38
956 1467
941 538
1295 130
520 1310
55 1453
168 1928
1993 213
913 350
306 780
57 1569
1682 1135
959 1964
522 393
717 1415
1531 1175
1858 943
528 1426
748 331
1977 1186
1517 189
1242 1331
340 1665
1154 272
1277 802
97 67
317 1990
459 1661
1421 1441
1113 932
1381 1348
816 1876
1236 1118
909 236
705 1796
845 1272
897 483
970 1414
1976 69
1291 1458
1874 351
455 1570
707 440
155 999
1725 1412
1490 1233
1514 1742
1504 263
907 908
1188 1752
1444 886
1982 299
1687 1259
809 1112
1071 628
1204 1483
1075 531
58 1395
1441 1623
1969 675
1062 932
971 1634
1351 597
1196 1846
1857 1329
1302 1619
830 27
101 179
1951 948
1188 1420
1070 1691
952 15
1387 1401
642 561
1063 280
632 512
854 520
1364 1625
836 1935
1821 1838
1539 1111
54 1081
978 1104
1213 1376
25 275
1908 1634
124 642
1631 73
1240 1774
427 1626
1234 1910
1145 466
769 1233
1791 1568
759 750
425 1874
430 504
193 1902
1487 768
1998 1351
383 945
1488 675
406 1701
410 1423
399 191
450 950
24 1878
1643 338
585 1600
400 971
919 23
1145 1616
1893 757
952 1382
546 1029
1579 1053
978 1834
480 804
1308 23
475 490
601 764
540 1459
1529 249
1738 433
1046 32
1633 1302
1425 410
488 1965
239 7
1950 326
1228 1514
1120 1453
1304 1197
698 1389
1164 1559
1758 1401
1295 1373
293 747
1542 370
1949 162
849 1374
1289 1608
167 792
1306 445
58 83
305 697
1845 682
1263 1504
1174 1383
590 888
15 1872
867 432
688 992
645 1403
1671 1982
554 476
1400 1535
1435 1647
1607 446
1627 750
1213 376
60 721
1889 70
620 140
644 367
1856 601
1828 1577
420 1090
160 975
256 1863
34 1922
1767 663
274 350
1816 1051
418 899
1801 1271
1588 1928
832 1904
1538 771
1128 860
863 1108
1574 1530
400 1776
35 479
1039 1279
1218 1239
833 1695
1429 1909
757 70
1101 568
1148 340
763 1052
127 1530
140 1682
1208 566
1380 444
1185 131
1705 359
598 829
192 729
868 656
916 1347
1985 1624
1883 890
1068 1650
1272 1969
870 1731
292 1239
318 1631
931 1821
1778 1221
1650 519
383 1681
167 205
401 272
483 770
796 263
1654 627
1651 1850
994 357
945 135
437 91
28 102
732 1089
778 1011
474 716
914 391
1815 1519
1147 1519
1471 1299
31 1741
165 1288
1991 1535
1779 438
665 1533
703 1493
1912 668
872 676
1773 54
1327 464
1280 633
1124 312
181 686
1104 238
850 1929
1682 896
1815 791
1157 1009
1542 1352
592 521
787 80
1624 802
582 900
190 713
1904 53
972 189
1377 333
843 662
1031 1275
1212 709
608 1054
869 30
533 1891
527 916
1244 1791
566 1985
1665 1402
1413 302
196 1951
549 899
244 401
630 415
1165 615
493 1834
806 1161
1402 1472
837 263
31 803
1242 1943
943 722
307 1873
1709 283
292 245
114 864
1192 479
85 1315
1931 1589
1835 685
135 1504
1148 360
301 368
978 847
1801 1074
806 183
1778 795
443 1647
1750 852
1850 215
485 1989
1459 1804
447 1330
783 1052
1820 1178
345 952
228 1542
426 1037
221 467
1535 1354
1096 800
1356 1688
1718 819
1251 1982
346 339
930 1625
451 895
540 270
1936 468
772 859
1973 594
1965 1292
1828 241
1337 220
893 1880
13 1671
1481 632
717 588
1526 554
570 1722
1882 1895
199 624
1685 118
1474 1756
681 93
488 419
1007 57
682 934
975 113
924 1031
437 1611
881 1684
1647 1469
1903 933
97 1805
973 926
524 1631
654 1867
1935 330
863 377
562 1915
1988 3
1833 1327
1904 1601
3 1885
906 1755
515 972
217 1044
1432 1563
16 68
970 855
855 663
699 864
1075 39
1678 271
426 1841
834 678
706 1740
1867 299
1868 1670
199 1221
1983 946
1542 56
1325 763
1776 703
1424 52
932 449
456 228
11 891
1475 207
49 209
1722 1681
1700 714
560 591
1805 547
922 222
1949 1402
1766 1543
1883 1809
311 1502
543 1042
914 291
1778 1146
1682 477
27 797
1410 689
1651 854
467 1893
1959 343
1011 1073
1684 49
1457 1018
951 1901
604 1819
700 1957
1659 1821
1762 1740
1689 1161
182 1261
1673 207
611 91
647 717
700 1766
1353 870
1027 235
278 626
11 1966
1314 1981
544 1439
53 1425
364 1738
452 1001
313 1791
1981 1823
1904 1225
1146 946
1273 1419
515 1137
1151 60
321 768
1280 1283
920 717
748 1508
371 1619
804 1484
1712 1375
1784 500
347 1071
277 756
178 1539
1504 1073
309 553
1085 198
1090 167
804 1119
42 739
1440 1815
1286 1707
556 1308
1640 1857
1540 1849
1875 101
1679 56
1842 738
74 969
597 402
100 1157
1602 269
708 781
1599 889
1683 1630
1521 451
739 921
1021 1075
285 1187
579 1015
1696 615
665 1449
61 271
887 70
751 1915
722 1755
375 1087
1254 897
881 950
788 1789
1269 1920
726 1761
298 253
270 1395
101 1039
961 1542
960 839
197 1561
136 1615
1661 852
665 61
468 1941
560 356
1942 1222
268 987
1433 988
514 1301
1783 1491
1797 1337
305 632
66 391
419 293
1999 956
1809 1808
1294 1443
1514 268
779 21
291 263
180 1980
388 1786
693 851
599 1175
1190 1539
1191 373
160 793
1804 1752
169 746
288 286
289 1328
989 1594
628 657
131 1657
258 1006
339 1008
1483 207
646 305
1013 1784
570 467
821 128
302 502
773 25
1035 1986
194 653
13 1080
436 1296
125 131
37 1378
401 867
1665 1809
626 1857
235 874
1640 1483
608 1801
199 396
1381 1673
76 1056
1058 642
1628 1674
1940 1799
423 170
102 3
1190 1554
1578 496
518 1342
1077 704
625 1741
1274 896
1736 1638
1026 1712
579 1437
349 54
1682 1844
1806 1169
683 1185
1609 126
111 1729
260 1909
1703 1786
786 984
1208 464
1760 1392
531 1777
873 634
1978 19
771 1926
1833 128
1629 1717
1487 1951
1736 1380
848 1010
776 1463
1582 1490
1655 1174
593 627
472 525
249 863
647 1502
1036 877
551 1692
1082 111
1694 1089
487 395
1765 1392
125 1374
1788 962
807 1664
154 325
713 1624
1049 136
919 876
1189 551
70 70
1347 1812
1869 433
415 651
1674 1277
1747 485
823 1414
826 1011
1663 1083
564 307
688 606
1778 117
1001 1503
1480 305
1641 1547
1285 1648
1665 123
1693 24
646 880
173 1240
443 1103
847 1461
998 708
1962 652
1590 1929
949 480
1888 268
1014 998
1980 877
518 1443
184 978
274 308
1515 736
644 1664
726 1660
1793 1309
1247 557
894 13
546 1971
862 1545
486 1100
1753 1359
372 1262
800 25
366 222
1084 1684
1115 1419
874 425
1744 1062
498 1414
43 1655
1093 35
161 363
1808 1902
108 800
1963 955
1851 251
163 1147
266 499
1636 1089
1868 1919
1254 1244
1350 655
311 1434
1758 1009
1700 272
998 1208
938 698
539 320
317 983
505 591
764 1729
811 1260
634 165
357 1106
66 135
1115 949
1969 1545
598 1097
737 241
984 711
564 528
1230 1163
690 766
1367 48
369 1339
492 1012
594 38
648 648
737 1878
295 876
1406 1760
128 718
1651 417
1113 371
1412 560
369 1737
577 1077
311 94
11 832
1103 307
261 369
1859 1695
1756 11
1371 1732
157 1073
1683 1037
1436 796
594 871
544 726
1325 792
690 1751
322 340
1219 1450
429 448
792 611
943 1106
562 739
116 1948
1695 370
866 49
825 580
228 1611
1739 789
114 123
445 860
645 232
248 1972
636 246
1604 642
228 818
581 1024
1337 1361
1836 1733
1614 1665
1851 1908
1081 791
1751 1206
944 913
1841 864
800 13
1729 329
42 9
795 388
0 1601
1540 1957
1428 580
834 542
1739 1552
1176 36
1006 579
79 1081
142 1999
757 542
211 1326
552 1187
1007 1194
522 1337
1847 1279
748 1648
499 1094
1617 1167
256 506
1553 1367
1642 1775
1353 1213
600 1319
299 1806
1763 1354
340 1214
1315 466
917 1249
1902 5
952 1512
1279 708
762 840
929 121
243 1980
1503 858
958 1949
671 604
1360 1204
1383 1147
1247 1530
1702 1395
938 138
1255 422
1454 1726
727 427
729 1239
753 30
1580 850
1970 796
1296 134
1960 238
1352 1999
1211 1251
1988 1456
1617 580
1672 710
233 779
51 1506
1058 866
339 926
1274 415
87 338
620 395
1764 657
224 816
114 1295
584 1763
11 463
395 1499
856 1499
927 130
951 1764
1496 1226
74 1227
1253 713
223 461
1306 1740
1783 913
1513 154
1269 202
543 1816
274 14
1453 796
1584 837
1349 1221
969 534
337 1143
339 949
155 494
1849 170
1254 2000
648 180
926 1925
708 598
43 1125
1234 1068
1999 55
1917 926
1785 857
1777 1319
333 431
1916 1038
35 1626
84 261
1423 1647
1532 1148
72 1895
636 1961
861 67
1444 564
540 1811
1400 1080
1780 1088
717 970
75 1209
943 1626
1818 204
1335 1037
807 859
245 1432
290 1490
876 331
1653 1598
1261 1301
1766 54
905 531
1534 590
744 1934
797 1415
1991 0
1966 1660
1032 272
1655 1986
884 1120
177 1639
1493 815
1013 1924
1218 1216
1341 1884
1373 1093
1124 404
169 703
1554 1402
1012 1961
1790 1593
1974 184
1355 714
48 1091
1732 39
817 1633
385 1206
1550 69
1575 1488
1258 1732
852 1557
1484 1810
750 632
1311 190
1911 43
113 354
1252 467
1730 1977
453 664
1152 824
833 1855
555 985
1793 1398
1099 50
1576 1796
1957 80
105 1206
1967 1933
1576 1010
243 298
271 1949
1904 350
1416 132
828 1581
177 1565
884 384
550 1190
834 1572
1908 96
1861 356
76 1502
1565 1065
924 363
446 554
212 1674
1399 360
105 959
1945 1182
1952 1256
1601 129
1111 136
58 1379
154 1311
1076 625
46 263
1868 499
1078 935
185 763
1573 1220
912 452
1373 574
1080 1702
1096 735
1087 197
567 223
228 1671
1082 289
217 1539
42 1580
1745 1471
1978 520
1492 1657
597 164
539 1255
1554 134
1749 656
491 1823
1369 911
1089 1942
1413 1533
322 829
182 566
951 1336
173 1688
1839 134
70 846
429 652
346 1808
1424 1577
167 974
1444 1110
1398 168
397 673
1189 514
368 469
951 740
813 442
1780 157
1767 1869
1723 1674
1701 206
434 279
373 976
1889 27
1199 1297
464 1987
997 906
815 498
896 1694
282 1219
687 1147
1680 386
1448 957
1229 321
265 1414
1396 339
222 693
1397 74
1710 1033
1290 96
831 1237
1745 1328
922 202
323 642
686 1766
1319 1526
196 369
1814 1553
842 357
162 343
1755 335
1675 1338
1989 172
1661 1180
44 188
36 860
729 1618
220 1430
975 1493
1174 60
1800 398
378 1178
1399 885
1716 1893
701 404
852 435
1488 340
1641 777
1091 1440
72 770
645 1664
620 577
1215 1583
745 314
1132 579
366 761
665 631
1919 322
1577 374
514 1521
1836 1543
1166 900
822 364
449 1534
292 1299
497 1339
1896 611
221 539
1986 1750
700 531
1324 1004
1960 495
1581 776
1478 751
420 440
3 1318
1292 1983
976 978
491 1737
1477 1293
1422 910
36 699
1311 301
1792 219
1469 1277
442 450
1715 1383
1890 1391
532 1788
1925 1925
1988 1044
468 427
1609 1990
1482 279
1985 1317
60 410
1450 1375
254 1199
1609 431
60 94
1944 1823
1503 930
1008 465
1478 471
185 395
1779 1196
281 361
17 1539
456 53
6 820
132 31
1979 1171
1881 1563
1543 1151
974 391
556 1541
60 1269
1874 1050
1484 1503
681 1521
481 1196
410 1345
281 717
547 1927
284 1955
1373 1924
773 121
1292 1874
165 1150
1448 1602
1380 86
1546 1459
1158 1002
774 1369
1637 965
1417 1272
1354 1828
569 322
1006 1005
1872 1773
1783 700
566 993
636 942
904 314
870 969
443 1601
1638 504
1813 1552
993 157
449 1827
1304 1101
1169 1997
1097 951
1317 1540
833 398
1888 1309
1274 1643
556 447
344 1042
1071 1836
118 1317
1943 36
41 1414
1182 197
162 433
754 776
270 718
1458 570
45 1074
879 675
1967 1591
1555 1606
850 1271
139 474
1985 1640
773 1378
1419 637
954 1717
626 1926
879 1054
253 333
1222 1927
254 1573
1944 1872
1248 139
29 263
1549 1742
1831 110
1894 1438
1134 1628
622 1742
1935 1713
1791 1647
1738 915
1174 1664
333 1314
1597 713
856 775
1303 1620
1643 1443
1765 773
1702 1963
1130 376
593 577
1017 565
634 35
780 1961
1901 1227
1260 1306
1026 1376
433 1927
550 974
1415 1622
335 873
215 1009
1427 1949
1613 412
589 734
937 787
1627 488
1020 349
425 1610
1036 1926
526 1905
876 1386
1442 1881
611 267
65 832
1078 824
551 386
609 1988
348 540
1232 1071
339 1019
1850 1117
1993 1817
1131 1813
233 1704
1130 1390
1978 185
682 1258
290 1712
378 738
1111 54
851 1623
428 1724
644 242
865 1834
29 1103
1799 549
657 648
1424 465
100 1852
159 1999
721 1060
505 1370
1389 687
832 395
737 571
906 721
1829 1253
39 268
1749 900
1423 1654
741 1861
124 143
1784 73
682 1774
1605 327
1734 1097
153 1920
1691 1989
1930 1496
1244 1417
1335 5
272 285
1367 329
1863 1961
1871 1875
275 251
1412 407
1779 742
58 62
891 563
1277 630
1445 1237
875 1452
1121 1608
691 570
1794 367
981 1938
789 436
610 1057
612 765
880 464
1120 1188
139 479
1297 1568
1253 691
1476 115
387 606
1324 1600
881 19
1739 150
213 240
1779 1095
1431 583
525 49
716 196
501 635
1973 1581
1285 92
1900 1749
1822 1881
525 1695
707 150
1789 1033
47 1082
363 604
432 1376
552 1178
157 1966
285 953
567 1007
984 588
1890 1314
509 1417
1644 1680
880 383
1793 1258
1563 402
1651 1688
100 232
378 96
1895 1336
1165 1331
1315 50
64 640
1825 1757
749 422
1311 1452
276 943
1239 1824
1505 577
1888 1861
29 1531
868 1740
1996 1214
674 1629
1740 726
1389 653
793 1243
105 1670
288 1349
777 1406
852 1868
90 454
1109 114
852 1146
102 736
1670 1320
1109 211
1795 671
72 1372
446 1912
1795 1966
1076 461
909 1465
1797 37
41 301
39 368
688 679
1010 1253
972 1981
318 1607
760 1849
1785 846
1847 140
915 1180
1674 1481
1116 1225
1410 1274
792 803
1253 1566
194 394
455 1635
1027 1158
189 524
327 1474
679 1741
680 1097
1970 881
814 1037
390 1055
1849 52
1899 1639
696 215
1442 311
424 1770
461 1101
104 1837
1041 1091
367 1273
393 1947
895 1870
532 323
376 1697
1305 838
531 1660
116 1976
248 822
1839 28
1742 1343
72 785
1475 218
1107 661
1885 370
979 1055
289 1675
1414 1715
3 1322
380 894
1989 1122
387 1643
1599 439
369 1006
1746 1645
471 285
1356 1365
1244 1205
957 921
26 101
288 1771
568 330
1854 1019
171 1514
976 1863
256 735
1486 1665
1300 776
1705 10
1234 1286
209 1947
766 1977
475 5
1384 1798
1816 1430
1273 1625
956 1161
1354 371
665 348
713 1100
1533 995
1875 539
1624 786
731 1614
226 777
943 23
1646 762
895 684
1830 23
1512 1536
1648 925
1471 746
1940 732
663 269
828 429
1376 575
758 1276
1641 1237
579 1754
602 1549
586 1986
1165 57
1812 1422
400 930
591 1915
136 1332
603 1186
1061 222
1866 1625
1522 1127
1242 1629
405 1849
1170 1841
580 472
482 361
352 1168
1722 892
1023 903
978 221
533 1934
1060 986
660 698
1314 1519
777 227
1967 1034
1586 1717
994 1914
329 1411
780 1822
1113 1647
1970 1662
1146 531
1096 1721
427 291
39 730
383 655
241 342
444 1216
490 1334
48 749
1301 1665
232 904
813 767
680 1228
345 1761
756 698
487 390
1349 284
1559 66
1908 1344
1290 1326
1345 1650
730 87
1146 695
436 24
1069 838
204 885
361 1724
1253 1115
1592 1155
167 1077
394 1378
551 1614
473 137
1410 1240
1387 1309
385 659
1587 1380
1604 1471
874 1721
1062 1248
838 481
1909 1075
564 1560
183 1905
221 1666
1933 139
1398 412
904 1146
1686 1672
400 35
358 92
1150 1107
438 52
742 450
778 1168
416 982
455 94
348 1172
795 1568
1007 1358
1174 119
1188 749
1676 517
1924 879
146 1834
170 425
681 625
1393 1405
1346 1444
25 1222
683 976
1964 227
1837 124
1307 1968
1881 909
1677 1039
207 1531
18 1120
764 923
748 1764
1290 227
1724 1476
80 781
1092 573
1012 1586
1071 1671
803 1636
1948 824
908 1397
1390 108
1202 586
1569 1012
697 801
874 737
1224 488
1347 1127
15 791
1791 1146
1534 1875
151 592
1742 900
1730 59
353 99
1999 536
1635 1835
334 1838
1318 792
1894 1266
1662 1879
83 748
1870 1425
1363 617
1602 585
1794 1258
1625 202
1667 170
1413 1241
1195 1519
1304 1195
1911 551
1600 519
93 293
1845 1312
293 542
1772 1836
785 1286
266 899
1513 772
251 1107
1703 1339
336 51
567 575
1792 1974
1264 1883
934 1535
639 1216
1652 11
1608 561
222 1528
1245 1791
97 168
1288 538
679 1632
1195 1213
586 989
193 1586
519 1782
1747 1173
21 1264
1284 134
467 921
1390 702
921 248
1136 1816
1899 1480
1820 1602
1618 1476
1258 931
1045 917
1594 1656
1583 1715
1178 1389
1652 1505
180 1352
1675 1550
443 97
1555 1007
307 1183
1496 1320
216 830
351 25
804 210
862 1625
842 839
1419 656
1760 829
1713 767
1684 1717
1577 1110
1809 1303
63 705
1472 79
1606 1078
1720 625
469 1765
342 1411
1756 841
769 1473
184 960
1033 1067
1712 578
617 825
397 352
1730 1373
1820 1294
1838 1425
1255 1710
1407 837
1539 1764
377 7
1444 314
1401 811
1049 508
1485 1939
1483 1847
1004 1304
1863 547
1769 34
1607 1705
1950 342
1843 1105
556 1793
1628 335
1774 922
98 1103
638 664
1817 124
1915 359
1611 994
154 416
1555 1228
947 87
1561 1093
1685 1472
1417 753
1490 1213
1653 1615
1849 888
1719 512
1699 387
1555 1789
328 587
1008 1430
1310 620
1585 1891
177 1758
157 1630
1832 581
1340 1467
1817 728
46 1351
548 620
175 1750
364 1077
1595 554
885 1625
5 795
651 1053
1304 1968
1284 1893
720 1940
144 1042
1843 607
847 330
1784 1085
1200 827
443 1700
1956 296
1424 242
1810 1561
1576 1208
1276 1697
885 901
509 1454
1568 1403
1593 432
1375 1812
1302 1740
1219 1229
115 101
1271 1232
1356 1826
1133 238
66 1623
512 1026
209 363
737 324
318 1811
581 34
1045 702
604 1434
150 580
1971 878
1823 1565
595 480
1649 512
1867 761
1647 463
152 221
278 1848
1298 1702
1875 558
160 589
948 1304
725 530
853 444
1525 19
1735 503
1744 695
493 616
553 547
1360 1187
126 42
1612 1038
1127 578
1304 576
1369 1905
212 943
1903 339
945 1358
841 806
506 1936
1102 45
372 1584
791 111
1148 930
121 161
1195 442
635 1511
1233 433
1114 1819
1323 1005
977 1219
1411 1642
1665 1084
95 1972
448 1632
1624 599
766 1413
1031 1124
1984 588
1545 1401
478 759
1921 1188
1938 1229
326 661
1608 1098
397 504
45 155
54 145
480 1886
1644 305
1621 1200
1321 684
706 1617
520 995
1453 1156
1190 1564
22 1735
1546 1624
254 774
1499 393
136 647
999 1089
1201 439
689 36
1828 9
111 1468
309 1381
745 1000
1458 444
1377 1810
575 1760
917 1269
930 1361
320 1486
1211 662
1793 1614
1225 265
570 1021
1695 362
598 510
1073 1341
656 804
1359 462
1986 679
1289 1445
578 590
1391 781
314 982
1536 593
984 823
29 339
301 212
231 98
574 1006
1109 329
502 22
397 1459
1804 1049
1514 202
1231 828
1481 1683
922 1460
332 445
107 525
1040 411
1802 503
1784 286
1812 475
1757 312
1085 179
488 1489
542 311
746 1256
1266 1575
1955 1265
610 17
358 920
1342 981
1097 402
1699 390
258 1750
964 1429
1510 611
1384 1345
941 628
1495 1977
985 1141
634 550
744 610
775 797
1174 1324
616 926
322 1212
1152 1837
183 878
148 1624
1225 942
1582 493
258 1145
181 1619
801 1236
399 1293
780 1811
1071 1224
787 19
12 1204
197 116
89 1845
522 1507
389 538
403 466
127 1016
1743 661
1566 1421
885 175
124 1520
544 851
1000 1686
302 1086
776 191
1185 180
1438 413
1772 103
1901 99
1833 755
1247 1331
913 715
496 433
481 636
1654 1048
420 1586
1941 326
1029 1293
865 469
740 1605
699 31
1342 1974
111 781
447 943
1301 825
648 373
384 1830
1539 1615
313 442
939 682
212 615
1085 146
1325 670
1853 1280
1374 1495
1230 1418
1888 886
972 1511
1455 1829
1198 206
1883 1674
299 1602
1886 192
872 1092
254 97
1729 1815
837 859
1581 714
1508 848
1946 1644
544 1183
1494 1355
591 116
598 844
344 1415
704 110
623 1169
991 118
1517 503
1843 1363
1951 1500
158 1501
1281 48
1440 1565
574 766
1308 1226
1494 978
1470 1722
195 627
168 1763
1094 1401
1409 77
1399 1274
1505 918
914 312
1389 247
775 1843
1736 1074
614 142
1431 59
1448 820
621 750
1880 890
345 1896
218 991
1320 148
1938 273
77 697
501 1549
592 343
1543 1465
892 1865
1514 957
724 300
127 546
498 1395
300 1991
1087 981
79 820
1330 27
1803 706
1053 1515
477 926
272 250
1513 447
197 452
1895 1179
875 19
182 1260
524 192
357 1738
891 325
39 1002
1428 614
292 1420
226 807
234 811
826 749
1731 943
34 509
1123 405
66 39
202 663
1744 10
1723 1861
383 780
862 1439
1399 1486
968 1499
1181 1085
39 1099
1963 259
483 692
360 1015
1380 1482
349 1947
1159 58
1269 234
1001 970
573 311
1290 1324
769 396
626 236
412 1841
597 574
1548 897
1701 1730
1602 1625
1068 451
851 743
19 119
1588 294
847 153
1547 617
1199 882
1239 1813
1201 361
496 1065
836 1776
283 1097
1302 1217
1767 1739
1438 1972
477 811
1066 621
1936 1664
1906 811
859 129
1049 979
584 1150
1088 747
795 1839
1047 855
1919 317
1886 437
1793 703
1511 323
657 1109
1301 1824
1124 1321
312 468
1511 181
1543 1714
934 775
1087 999
1495 189
42 531
299 156
1754 709
1703 1618
821 1971
1642 927
588 1586
1983 1952
1270 1067
133 1973
175 1322
1614 809
565 1427
616 767
867 1141
586 376
1512 258
1687 1252
1396 1203
1175 1267
233 564
444 656
1754 722
778 376
616 1318
1002 451
566 267
1495 79
926 943
1579 16
144 941
1980 623
178 824
591 1795
1942 1179
988 1397
221 1134
392 1031
1854 1442
908 365
1747 151
778 359
360 373
1402 256
1979 1480
70 1532
587 1825
1750 1676
1899 819
334 1827
585 992
1997 1148
3 1455
1296 823
1499 943
1130 382
681 1849
367 1857
1223 887
1656 512
268 812
622 117
997 1096
445 483
1156 668
1624 1350
1591 741
237 132
146 483
1820 1440
140 1282
1519 1771
1601 1438
412 932
1039 1013
1083 181
213 688
442 952
509 880
267 1402
1941 1265
593 278
156 1013
1921 1617
455 901
1076 1541
33 606
1942 762
1222 48
779 1636
310 1214
117 1023
1542 786
1888 873
1 898
1795 595
1031 1798
851 1759
1733 1043
1764 773
854 1500
1985 1318
12 1534
1246 848
258 1315
1315 565
558 111
1524 452
800 242
729 1687
60 408
1085 1166
558 198
44 1169
1863 1547
577 484
754 951
1203 1569
1539 325
1588 1238
276 609
1866 379
813 280
1900 1959
755 808
1209 1885
1475 1141
1383 1089
1775 1215
617 796
715 821
1040 264
280 1484
618 309
493 745
1067 1501
38 1732
122 105
56 1705
450 129
1116 582
1694 1211
923 1014
879 1972
1062 1694
1271 420
1810 537
123 278
976 1324
41 757
47 1906
446 1037
1843 1945
1993 914
1047 83
400 1881
63 1059
1552 836
989 1566
1803 1239
830 190
1469 436
598 285
10 1858
1429 249
968 1494
508 1156
930 465
946 1741
374 112
1209 1928
1308 1084
1888 1418
1329 543
1890 1785
1958 1195
259 709
1612 917
236 1218
1093 1033
1310 536
526 1729
1298 1213
1022 1233
1646 1370
1883 1005
1178 1080
1054 289
1585 60
1481 78
415 788
852 1046
185 1524
1091 736
1364 619
784 1690
573 212
1668 1346
1836 1176
935 1420
1982 1319
29 1635
1377 240
1891 1564
0 1236
574 1573
1893 1653
1493 396
660 1147
1386 371
1458 859
39 1087
464 965
621 1320
1772 279
18 1623
557 1049
1983 785
1631 1067
215 1560
1061 486
1780 578
689 464
1350 1432
1891 215
1416 1954
939 1118
1167 380
278 1220
1514 507
182 1620
1914 95
1010 298
661 1590
1585 1178
867 954
1023 1710
1505 1020
1597 401
1673 1885
566 301
1919 1782
1912 1341
1787 1580
853 1897
130 1714
668 674
804 1263
47 1753
1553 993
1824 756
1781 1445
1253 569
759 410
1122 782
1531 459
275 654
1064 18
85 1065
138 1032
925 194
39 542
1348 265
1585 934
1962 53
546 1823
1082 687
1864 707
1654 1714
214 516
292 1449
166 1357
984 1567
1162 52
610 941
957 283
10 1002
1583 942
727 870
1483 1666
1290 1690
1685 560
1308 1113
1982 1391
361 1095
91 960
692 358
1927 1031
1913 95
1964 1662
1894 1327
1579 1638
11 1245
1660 1550
1554 258
1861 1819
588 426
1605 574
869 209
1464 330
729 1082
879 1531
1179 1885
448 173
1750 49
1768 628
1172 1142
1819 1781
1336 1486
307 1139
1523 411
482 1658
880 1724
1482 1168
1410 383
1380 1517
528 100
980 1558
1631 1691
630 1466
1080 1614
1160 627
674 1677
580 875
707 1561
1668 987
900 669
1348 1332
109 1670
484 635
48 1222
1008 1303
805 878
1168 316
787 1597
653 1478
117 873
1180 1180
1150 88
255 424
1759 1215
878 1684
1206 111
1910 1337
715 55
1890 1260
547 1509
412 168
682 899
43 723
1897 1057
1986 435
102 1205
800 525
900 1663
264 216
1585 628
1124 813
398 555
1668 1115
338 303
1670 502
67 1954
1356 876
585 1737
1189 302
1213 1534
1050 678
1439 200
160 1376
193 1748
1146 1298
492 1006
654 796
76 723
1772 61
176 1393
145 60
1407 1617
218 1666
855 1432
1541 873
1654 159
1046 1977
1802 639
632 593
1346 391
1903 1715
528 324
197 566
812 268
1518 987
288 1228
124 153
25 816
837 34
1825 1811
1886 1165
318 1015
1277 660
1851 1937
1237 495
1553 1065
1964 1546
1644 809
1916 72
538 564
1658 715
1852 813
11 924
1551 1705
539 172
690 1511
462 1538
1342 70
804 1726
369 1474
1602 1462
176 952
140 1616
625 237
14 741
1176 1633
1917 1533
1199 58
164 1947
1408 182
746 735
1521 931
238 813
804 265
900 1314
864 1496
550 295
184 101
672 1151
1377 1541
1955 1941
579 1858
1308 567
268 248
798 1269
569 1814
1126 23
1615 26
893 1175
1352 363
303 1888
479 1474
1046 1092
877 1202
946 769
827 1607
110 1113
853 1349
858 233
1646 899
1648 840
1394 1998
219 992
840 1984
386 202
1156 1284
805 1554
91 887
1191 1318
103 252
1361 132
18 1216
987 1082
520 1478
246 1976
1149 1519
267 1726
520 830
679 1182
1508 698
720 1919
1619 393
1336 1941
199 366
387 616
789 621
5 1330
1278 807
1904 35
857 667
1 1975
1686 901
112 417
395 301
753 1102
711 152
1616 414
427 335
1197 831
1146 715
275 184
1990 1114
1138 970
116 1225
1159 1569
619 475
168 255
1134 918
74 1993
1094 662
1133 1490
1761 1604
1276 1553
1240 1680
86 1870
1902 786
141 1003
714 577
503 321
1169 916
515 1904
1842 543
879 583
647 1564
1991 773
409 310
1386 622
1337 1172
486 843
1884 1090
1692 752
1381 972
832 1675
1935 1712
631 654
6 1818
1932 561
1518 1268
680 1358
579 1544
862 722
933 1507
271 1801
73 1405
1357 1630
889 1067
891 122
1711 1809
1267 474
1433 863
1565 1179
855 1200
510 428
1101 763
1353 1637
1784 1360
1089 1794
1689 681
755 175
1350 404
731 1665
1649 1978
1484 1884
897 363
1762 1770
38 98
540 1206
1496 1850
1476 1858
1118 1443
1452 620
1695 649
1260 1578
1402 1197
80 176
1540 1702
648 479
1324 794
693 487
1328 854
473 1139
740 59
149 1735
364 141
1773 828
1388 112
309 1269
1635 1020
1997 1971
593 1728
601 1715
457 364
16 88
682 1984
438 1958
1134 512
1902 883
561 824
1082 767
228 949
26 917
379 1673
1875 338
1085 1409
71 467
1443 1578
1780 1530
264 922
488 103
560 1302
602 1879
508 1988
811 521
735 219
1101 226
1451 1038
584 598
711 790
104 1535
49 562
276 1787
1589 256
1144 899
902 1567
60 1160
1503 352
1594 1691
293 1731
885 1649
1596 1712
1988 534
1474 1825
388 186
711 321
884 1932
1449 1298
1417 1401
1126 1940
1366 1875
1703 586
1519 17
1179 1655
1836 984
1047 1052
1334 1894
291 286
1891 1291
1508 1435
1079 978
602 194
1658 1106
94 1874
1910 611
1883 230
75 21
1295 505
1089 761
1123 982
379 477
320 1694
1748 747
1226 1556
1167 1934
561 897
1598 626
573 998
1948 1181
1948 290
940 24
214 467
1656 209
1152 29
1638 1077
1080 1013
562 671
1650 1660
1924 450
238 1829
1801 43
1014 547
517 475
301 1052
795 1144
1177 577
1231 1711
918 725
732 751
1904 1198
475 1119
1400 600
297 1350
1494 766
194 637
1010 596
1483 1600
415 1310
1495 1688
1303 35
334 1882
869 161
1121 615
619 763
576 1624
313 635
1699 1425
1799 925
1187 703
849 886
333 1846
425 153
1218 329
169 444
1014 373
1224 1037
1210 1167
804 1911
1085 1085
1156 284
1236 829
1400 1391
1332 1027
730 947
1036 1082
340 1083
232 1808
1915 1671
729 132
1519 826
1528 1373
127 956
144 1752
1921 1306
606 433
1383 228
887 8
1128 1486
453 214
224 1052
1261 360
832 35
532 1976
128 566
574 332
853 1684
694 708
1656 1065
378 1842
1696 420
968 1646
1336 1253
641 1143
951 1994
559 154
297 1808
1126 1873
1935 962
84 979
1023 604
8 1801
1258 1617
1115 112
1841 396
259 1934
320 1848
215 1691
1533 1489
442 1000
624 174
897 914
883 985
1628 280
547 1966
1423 1724
1115 325
1758 1058
1057 1609
1117 1104
1392 240
233 1235
166 1924
462 1683
1400 234
408 1475
70 1492
1874 1153
453 1246
511 1886
1326 1597
1376 942
1561 1145
1346 300
1936 919
1700 1818
247 458
746 1284
1523 1874
984 165
399 1507
1144 165
1060 1304
134 34
1826 767
1797 1128
1329 555
785 1834
607 677
191 1122
935 333
701 528
1499 466
1194 173
616 312
1428 206
1937 54
624 988
703 403
528 594
1188 1096
1230 965
688 555
1712 790
683 1997
1062 1845
967 999
629 1547
1934 1019
1576 348
1094 655
1576 1925
1413 1558
657 849
951 1986
955 22
1194 343
400 952
1871 144
395 761
500 1809
1361 1918
1064 403
272 633
969 1896
1480 580
306 1089
1963 1330
48 877
1686 943
1952 1430
1994 1640
1384 94
379 216
878 62
813 1718
1562 1523
1631 1042
1891 1086
1545 1500
1147 1744
1436 47
89 1287
230 1269
287 300
1105 2000
230 540
782 333
858 748
1772 1048
644 1279
1369 293
1959 1396
60 807
321 615
387 91
140 659
1215 108
1320 262
1564 1196
1935 906
1393 960
88 198
1156 1413
1809 1424
72 809
1778 211
64 1083
413 926
503 515
1448 100
297 1024
1400 206
1181 1866
172 1936
766 739
674 1798
1639 1117
682 131
312 1773
652 1867
1633 1679
970 190
1513 441
1079 1191
795 1243
1437 1080
1503 1794
842 598
1364 1913
1749 254
1393 660
318 1712
1781 1875
1267 536
491 175
665 415
1187 65
935 678
150 16
1104 310
1875 1729
610 29
1961 82
1595 536
1970 22
38 842
8 909
1614 441
683 1606
322 1598
70 714
752 682
1020 1631
73 322
763 641
398 1947
214 221
489 272
1777 1675
1322 766
1592 263
1949 560
1613 19
647 1548
1880 1144
1870 1410
1844 47
1665 321
297 1309
1656 338
456 1615
1891 809
436 1558
157 749
385 1615
1698 399
1181 1988
1543 596
1711 1189
183 202
563 983
231 1609
229 444
303 5
1940 1004
656 1134
1405 1430
726 405
499 1362
1675 143
774 1486
45 1501
1639 212
641 78
1494 984
1547 1631
963 1570
1081 268
536 1467
760 615
288 1950
687 948
755 1983
690 481
1691 1079
1925 835
104 1583
1368 1693
1121 6
681 1351
849 1098
973 1643
1977 279
859 58
40 115
239 740
1637 1798
130 1504
1404 1369
1140 1544
1077 12
193 1587
1773 552
325 1889
1943 789
64 505
391 328
218 1115
1430 978
1828 913
1704 955
1106 1355
794 1312
1107 1634
1805 406
1921 638
800 630
1369 1459
1078 805
257 1689
1856 1717
362 1858
1596 38
1670 958
1127 367
1202 1306
661 1775
1817 1459
36 627
1658 1141
635 1211
1012 773
167 166
199 423
1087 1613
1802 1782
1892 1237
893 758
801 1954
1997 993
937 1209
229 549
1188 1738
48 900
361 1542
890 1055
993 598
545 1341
0 220
1025 2
612 1949
1539 1308
1810 783
964 244
1464 487
1827 375
1016 1966
421 299
1029 718
50 1610
1585 1902
855 783
10 220
1481 1971
158 967
90 807
993 1813
732 861
1478 1393
1163 1183
1614 1546
251 334
1959 1434
316 1547
620 1141
1831 1559
1950 1292
964 858
1008 1147
170 126
460 692
989 425
1554 413
1597 795
836 1834
1842 1482
217 475
1854 1793
1103 1892
1330 1727
123 1131
1508 1602
1611 628
229 1643
1385 1707
1828 1479
155 621
1716 876
34 190
1692 489
358 1487
708 1169
1008 1490
323 1083
1954 9
252 813
1832 488
771 669
1711 581
1923 1749
1000 568
218 1008
1547 1610
351 1891
1406 1477
996 354
1582 146
1827 615
1505 1706
997 124
598 1622
466 457
811 1233
671 443
1889 346
566 732
618 679
906 901
322 1022
1182 901
1748 450
123 94
98 1114
1202 1598
1852 436
61 1973
1411 493
1340 1919
1359 1368
347 573
1118 274
164 1392
1280 1840
1293 1274
1818 1360
1183 654
1449 509
12 817
206 1559
661 1870
1505 418
488 1642
231 218
813 1858
928 270
192 1431
1079 240
458 30
1258 796
1754 1235
527 938
955 649
998 249
693 1805
579 976
1173 202
908 564
1783 498
336 258
1174 627
1468 860
250 690
1119 1893
1562 1209
893 384
792 928
1518 1855
430 1314
138 1901
1279 1864
623 144
731 1895
275 812
1425 1147
1138 1013
1366 1133
1193 916
820 1962
310 1236
788 1776
547 1672
111 573
1508 203
70 1483
779 216
1685 1836
1 1289
699 1491
1994 1786
1268 1406
1859 445
289 434
112 1576
1245 237
1686 1009
497 154
602 398
381 1921
1348 224
1029 1314
538 639
1588 743
1896 1906
207 1253
1520 322
244 920
651 1360
841 1681
1422 541
313 1537
1449 214
1159 747
4 1535
1681 1020
955 113
1757 127
710 48
653 1822
1632 1737
193 1705
258 377
1906 578
292 1857
1753 1564
1916 1609
55 1599
331 527
1807 204
73 847
860 1906
1057 1956
687 524
977 193
1435 896
24 624
832 553
118 608
643 1638
97 1868
364 1977
1759 1109
1730 970
228 285
1017 126
1692 1994
992 1748
630 685
1999 1858
384 1730
492 1099
98 859
581 505
1860 654
1497 1311
1021 306
826 1534
1793 1820
1073 340
395 584
377 690
7 1226
919 977
341 312
1542 808
1722 711
114 1950
767 667
1731 120
519 1898
1895 1254
201 1811
898 89
1474 603
1959 565
1157 1293
998 404
112 929
1382 1744
1156 899
588 844
990 1681
1658 1840
1595 1851
1 353
1054 1288
1731 283
578 1231
280 1040
540 303
1351 688
1709 29
466 658
698 1370
717 1131
117 58
568 0
1541 208
1942 560
553 1886
189 272
294 1474
1897 1664
932 79
1079 634
393 297
124 835
690 1359
1237 245
199 1275
776 942
1953 334
1328 901
85 1536
1075 620
553 1626
866 1091
1926 1808
878 409
1760 356
361 1945
988 1694
1696 1287
533 949
924 1919
13 518
1707 235
341 755
1410 1633
427 963
1729 1797
907 641
1522 718
943 1533
1140 1843
1363 935
1683 436
1641 459
1090 1387
926 1706
1404 1019
1108 1931
1707 1247
336 1521
1117 825
63 497
574 943
832 689
512 81
551 124
198 452
367 468
180 1565
1470 1409
1909 959
1829 430
1443 1250
1566 1115
22 1114
1594 669
664 1365
1580 1886
74 1738
703 575
88 1971
1116 822
1678 1164
1702 1132
549 417
1549 387
1293 515
990 1108
986 837
59 1619
534 1480
1487 93
942 940
115 520
931 1218
259 332
292 558
1971 1107
425 964
1205 1228
415 1618
1032 783
1490 1337
117 1116
653 1190
1800 1045
1212 305
1412 462
307 730
78 1437
1477 513
1645 954
541 287
939 564
199 979
543 1829
1736 281
1947 1897
1220 1861
480 1469
821 1865
1868 255
1270 1108
1187 501
1303 1900
1195 536
1220 1562
1166 328
1094 231
962 1738
609 1645
1836 1215
1128 1787
1489 945
1601 1050
1067 1989
865 1534
1338 236
1960 19
669 1891
1036 75
1732 1215
504 1414
1252 499
33 442
1888 1800
723 704
777 558
1726 1420
1634 447
1455 1175
1318 179
232 1002
1323 834
1378 893
523 176
816 1749
1021 1339
15 529
215 1280
1961 121
1511 222
1915 1948
419 1933
827 153
124 1825
945 1286
102 1927
1048 161
1325 1747
1108 1741
510 634
1082 697
1627 355
418 597
866 1221
1400 258
1623 250
137 490
743 439
1705 1283
1718 768
1853 981
712 1274
20 1230
432 806
1009 1271
1537 1431
1461 1891
131 1319
188 1284
649 1338
1382 572
1989 861
1450 1036
1971 9
1634 1661
680 1532
1008 646
1650 40
1909 1436
1885 944
1097 1966
1588 1399
39 1799
1675 1781
118 778
556 1583
418 47
1868 1360
1880 300
1329 289
571 387
1715 954
235 579
1968 1090
6 1573
1897 1542
911 254
1101 1770
471 1029
113 899
972 854
1968 1281
415 1228
1389 835
676 987
1826 317
887 909
1643 490
1880 236
1951 950
1438 666
1878 844
982 1192
210 1333
1948 458
178 1857
1551 1963
918 1893
534 1706
1761 710
694 1976
269 657
26 173
297 1910
438 394
1423 1711
1562 553
91 262
613 733
1560 563
966 748
736 1754
1757 1790
1663 596
817 740
639 1634
1146 1571
1255 561
306 1238
1458 1177
1834 218
1823 1824
116 1786
658 1629
201 165
1497 1520
1004 1000
751 1325
316 56
526 52
1106 1529
152 491
241 794
596 1227
171 1318
1419 1090
1187 112
1434 44
657 811
550 1579
432 1045
314 1087
1903 206
120 1938
1670 675
1699 566
1206 1641
747 403
1033 1392
200 120
277 1595
171 2000
1469 937
1400 898
671 1061
317 124
1650 1504
1040 1655
1006 596
102 212
884 224
618 881
1042 1241
1671 279
1765 1976
1843 985
1566 1608
1244 7
664 479
1600 640
1188 7
1317 790
778 59
1569 40
1429 964
254 1988
1414 913
1047 1702
1580 1048
965 162
1821 692
708 636
1405 1268
1483 544
1774 550
1783 956
509 494
799 1790
920 334
1112 1788
1851 1876
542 1495
665 1926
1265 751
77 757
584 1303
610 12
1350 189
1525 1726
1938 900
1396 139
957 387
533 1770
102 1621
1375 237
1891 1987
1294 1817
1879 535
1932 644
671 500
1996 999
1842 795
450 919
1081 775
1349 572
1168 1630
33 1708
1827 150
260 1529
851 1266
633 1829
681 832
1691 952
824 990
365 1514
123 1331
170 557
1916 1833
807 510
1320 788
1549 772
263 717
702 1195
1738 82
1455 858
7 630
1632 780
189 1579
671 964
363 34
1498 1137
870 1781
872 166
1232 1904
1597 358
633 341
445 1654
707 1472
1664 75
1593 1839
1784 1118
1271 34
170 140
1001 1946
1175 983
269 680
1320 1832
1508 1336
1189 1775
1735 870
1346 1997
1898 1791
1426 1949
1057 1736
646 1858
1026 831
1795 1759
1634 426
200 1393
1463 180
975 765
1449 186
409 1383
1454 1019
1520 989
1702 723
901 931
458 215
1977 90
1175 451
511 491
17 1758
1716 877
1495 513
906 1407
637 1303
326 399
1811 1365
946 1437
662 1245
1252 616
1330 979
1268 1223
512 1663
1245 1323
1004 366
1674 1494
1724 547
1428 703
1842 637
683 1077
959 1635
1846 1558
1809 1428
334 341
1099 392
876 1989
1976 1064
1617 488
317 1232
800 1517
1653 1709
1740 1333
721 587
548 423
1873 332
184 1820
622 780
545 487
414 322
1914 1337
1982 1260
1006 1822
883 1816
1933 573
383 259
1712 1129
1934 297
1990 867
1944 81
1515 698
1534 816
1328 1385
1086 676
856 1763
758 1388
1688 417
1874 1874
667 903
582 1720
1823 1386
1711 76
1694 1615
1387 1750
343 1702
827 1306
1823 181
1205 1865
470 954
1770 1712
1507 1327
223 122
1918 670
328 1875
767 1350
388 354
240 77
1604 1256
648 1617
1944 313
579 111
499 437
1455 204
1287 558
25 1892
1450 762
791 550
616 1047
1167 1896
1274 1771
794 583
1378 961
63 115
1966 1814
744 999
1417 102
573 1667
1228 587
195 1459
1317 937
358 945
230 186
817 1158
844 457
721 1779
1125 353
1634 1885
1833 1619
1957 961
472 1290
1982 503
1 109
858 1188
1990 1549
1415 710
260 285
1172 702
1765 589
9 1739
1547 1732
953 1107
1762 1771
1675 1951
1082 34
862 57
1251 1529
1202 1543
1885 436
671 866
404 1931
207 1655
239 1034
1059 1171
1498 1706
956 698
956 590
1559 194
1578 1332
1726 241
915 1472
1648 1857
391 971
589 1259
833 243
325 102
1300 1080
578 479
1093 1878
1278 1967
1009 585
89 286
1850 729
1520 495
424 1243
1078 1846
1412 1315
293 431
1547 316
1991 1116
1172 1979
1210 903
813 641
699 1247
353 1810
1809 1205
935 1821
1212 1746
264 833
1272 796
1187 70
734 1603
1311 911
1710 985
1150 1443
1263 1779
1759 326
1204 114
1256 327
1689 930
1822 1036
124 1560
1912 1565
579 620
1818 850
353 1382
945 1848
533 951
1863 926
731 667
1372 1221
1486 834
422 695
905 1488
509 839
1021 1432
1312 1576
1739 341
1313 1830
293 965
1150 159
1287 946
902 1661
1855 542
1883 321
992 1670
1794 864
501 1820
1631 1234
906 704
650 1031
739 1112
1014 342
1340 795
569 1854
243 1793
1621 1476
370 1473
1239 198
104 942
806 1324
231 1330
1409 500
1288 1118
264 1228
1558 1613
1463 1787
535 236
1894 1595
1418 18
1241 524
569 608
1631 1858
725 1911
1000 1457
1485 210
1353 1473
1603 241
1603 927
823 930
1525 867
1603 1163
692 216
1831 1918
318 793
1302 297
1856 1411
571 1874
1494 330
1851 94
1765 411
533 1486
1726 770
1060 396
26 342
1346 560
1292 943
1643 1472
1910 1386
1773 268
476 1199
1459 1145
709 1982
928 1792
40 1800
1303 635
1862 792
1554 1035
1546 1625
1455 475
1379 251
656 1168
1186 704
1232 1774
835 359
1490 1019
76 1886
430 1040
704 893
858 602
1252 554
588 1725
202 1732
815 1878
1970 482
105 1780
286 57
728 1486
809 926
5 1749
1425 1850
372 1368
1552 698
1053 370
1304 1156
1351 21
1775 561
1389 1207
389 206
1267 1550
994 833
639 1262
429 1753
868 319
1890 1110
1035 959
1837 1309
102 685
1301 1819
627 1040
721 111
1147 1046
927 119
464 318
729 677
441 258
904 1727
7 94
272 1016
1237 1719
705 1519
549 102
1366 1871
1204 104
41 562
653 959
652 550
1282 8
886 1128
755 1296
1346 1951
768 792
845 1971
500 1054
1802 1640
8 386
656 464
989 1991
1007 1607
1907 1622
1201 1444
842 1347
1874 1734
109 942
986 1564
156 735
288 199
1974 1600
1817 1195
248 1710
240 1053
713 453
1131 232
948 463
993 1451
752 569
980 69
1683 1665
783 291
171 583
1325 1555
1902 468
1868 604
1021 827
1657 402
921 811
697 966
1805 106
1152 1732
1764 1064
818 1923
1138 1004
1748 1258
1972 1233
1232 1331
1922 354
554 1469
589 1774
1296 1467
812 1196
1402 16
1847 1530
775 1769
1670 1413
1166 755
1489 756
790 65
1341 1428
1256 369
558 930
335 376
1720 880
1199 944
1710 1201
592 1605
1951 1234
467 992
124 1474
1267 1396
389 1724
1262 1571
83 1504
623 1602
989 1132
646 1239
1747 1085
131 1166
529 181
1278 1761
131 894
976 211
633 342
455 580
996 1960
1006 1351
1260 979
201 1507
1543 409
480 1295
1910 386
1827 1739
685 324
395 961
1543 677
1091 1182
1718 1158
233 1191
491 964
177 374
106 1705
1547 1868
530 612
693 1334
674 49
630 152
898 610
334 1634
1076 286
1867 288
416 1735
1324 594
209 124
937 1142
728 196
1664 300
13 1522
341 909
91 857
1933 1384
1157 853
171 912
1693 1673
1745 1030
1611 574
929 1332
628 889
467 1066
1743 1357
644 1982
809 1772
1269 498
60 867
1455 915
1126 1364
201 1829
103 1553
743 987
1694 1612
449 1310
936 581
740 1135
1326 1117
588 1858
1126 1870
1724 1047
237 1198
1053 182
551 596
1610 581
530 1528
716 1402
975 990
180 72
1577 985
1550 1588
1405 224
293 634
518 451
1389 1158
741 280
1589 1089
630 1154
1997 1289
1627 637
871 426
726 1032
347 382
208 662
396 1074
1116 749
156 1618
436 1
1724 695
1846 1229
126 1323
864 71
1284 920
1138 1845
1702 1095
1255 1017
1 1193
319 94
182 1789
842 763
741 1106
1754 1500
1690 139
1153 773
1266 1540
1740 1828
1129 282
700 358
59 1318
1216 433
1185 865
866 43
589 1559
1939 1837
794 358
580 1816
1660 484
1511 1036
1064 1768
1941 841
373 1891
1609 1963
1626 459
1677 243
815 1473
1776 1972
1202 34
1983 677
1090 994
1944 1019
1796 255
1241 1707
1451 1400
1433 241
1601 1294
872 1783
141 184
768 254
291 1501
1081 1215
680 1301
1892 245
616 1975
500 350
548 124
1722 114
1136 1419
1061 205
1222 1612
1181 223
1585 1770
327 433
883 1590
1292 630
771 285
1701 1297
1592 450
698 1811
245 1344
362 506
383 1034
1255 1015
1717 812
51 200
1115 1094
1994 307
989 1168
1193 706
1555 927
1243 576
903 295
924 449
425 451
505 1145
430 1
482 269
1980 1599
521 42
800 684
1289 1557
821 140
1530 217
1969 1628
1240 814
1754 384
1826 1630
320 1598
1149 1524
1969 111
1377 1463
1645 1003
365 492
1674 377
1892 1815
1818 1550
938 1120
634 1323
1997 656
91 1942
1133 1794
621 432
1444 602
13 155
1098 1677
1115 106
1336 809
832 904
947 1844
1250 1933
1596 1890
74 574
1562 347
120 1342
874 1128
386 1401
433 1044
1936 90
94 737
1815 515
405 1075
1326 1961
234 1027
529 689
259 266
1930 88
683 1686
784 1017
174 1047
314 626
343 1656
1202 291
1280 833
1374 1381
566 1357
238 1811
965 499
497 1756
1175 1379
1417 1893
878 347
1892 1936
1505 1011
199 1316
1193 346
1178 1718
372 345
254 1500
1202 160
1546 1532
1250 1863
1739 66
449 611
970 1161
1133 244
628 863
818 1498
1134 1337
1899 565
685 1316
580 269
476 241
1242 1349
264 656
329 151
917 1945
433 1328
1109 1278
399 1926
1533 967
1698 400
678 633
193 1067
289 296
1497 324
23 1772
77 1033
1423 1532
820 1975
1852 1018
449 1487
1744 1308
1982 1956
626 1507
1878 891
1422 1228
1366 846
587 718
1344 252
1040 1743
1430 347
1295 1201
1066 1569
647 613
244 117
781 652
497 273
1711 1947
630 498
1508 178
1650 118
267 1097
1521 1280
1248 1602
747 336
520 1813
434 1274
874 1833
531 1993
1475 1925
658 399
1957 1824
471 1466
1587 1205
1107 1388
1867 935
221 1661
1676 107
1999 743
473 1275
1289 1777
1182 188
1737 1439
611 799
223 771
941 273
1334 1387
1480 147
462 1898
998 419
436 726
170 1217
1434 1415
261 242
1358 280
876 693
1744 1251
1138 799
279 1336
68 982
1215 1542
1132 805
1456 1576
1859 885
1233 1635
1675 1229
643 1960
1482 1600
98 113
1674 1259
1308 329
651 1420
1913 1572
1583 271
80 1356
817 560
1947 883
1298 1739
947 1347
1902 6
1353 1383
945 588
1552 637
1852 309
83 1661
953 219
673 1660
829 1707
569 270
739 98
1881 144
391 367
838 1152
154 1352
1883 631
617 1425
445 1904
30 1695
535 1443
107 56
1604 1542
604 69
580 1369
125 1968
506 995
783 488
1160 1039
1315 1459
572 473
446 807
1377 910
1535 818
963 659
1357 535
160 1393
43 1591
1989 1088
271 1033
1402 1683
247 733
1215 1658
286 775
957 823
552 1518
899 1487
1929 1895
941 1018
240 1092
697 748
937 889
1518 754
1628 1786
922 880
1657 234
360 1605
593 131
673 266
1233 1648
460 1001
546 168
315 963
243 517
1704 1820
1833 1542
889 1377
1322 85
549 1358
1833 809
1760 1730
1665 1369
1254 1460
320 647
1931 1471
875 396
1085 1008
495 212
944 463
1399 1325
651 541
1332 1877
600 1351
50 1534
1430 1072
792 1134
1771 1952
704 1565
431 1524
1035 121
1134 1293
50 655
928 1817
750 346
1989 1230
772 16
36 1916
737 1325
19 793
1535 1109
749 846
939 90
303 1239
1732 812
854 300
214 1722
973 130
1292 1032
368 567
1723 1821
1559 534
306 22
316 1897
1095 660
674 1538
381 293
931 865
175 932
482 8
1796 1562
501 766
1926 1128
1580 1035
1044 256
972 311
785 1943
1517 1975
1099 1856
412 331
318 104
887 9
1982 754
1550 486
1901 1876
1601 1035
489 1383
1490 410
284 1528
1032 65
799 1846
1478 1830
1900 1722
920 1505
389 1313
1910 1729
1042 838
805 87
154 1853
1079 349
202 1827
564 1952
1160 1332
754 1532
1226 1469
215 432
248 1766
503 307
294 1365
834 433
1951 1785
45 1556
730 371
1543 1495
1024 484
63 1447
926 1156
1951 494
873 798
1180 1775
1181 380
1748 748
118 860
1027 817
199 27
371 860
1067 1949
1890 1184
297 1127
511 985
1739 73
813 771
255 1986
1089 1932
544 1882
189 1808
1126 464
349 460
1707 964
174 1568
3 177
722 196
943 1788
997 742
877 802
1529 1985
1443 945
325 352
1444 977
951 1455
1935 1202
1275 1309
509 547
1367 1068
1702 637
1731 926
1518 1798
1852 519
1571 1606
702 1542
1889 1731
899 1804
1740 286
154 794
1376 362
1276 460
1884 380
308 235
1240 821
690 223
1723 1515
1826 199
1227 1336
70 556
1013 90
1297 478
549 1814
836 1802
170 1660
921 1867
736 721
1551 787
203 1721
452 761
861 1389
1611 150
1850 1714
1428 1819
177 1349
706 403
133 1832
1752 252
845 1180
1016 690
881 16
1691 1272
1858 250
603 785
1969 1324
1403 447
1677 410
1990 295
1375 602
1611 1920
1689 1518
171 923
159 1520
829 969
1184 123
1218 1624
1652 468
1093 124
1674 888
720 436
1394 1132
1002 1021
398 1460
265 1370
1622 529
376 1619
1929 679
135 1071
205 503
1101 374
463 1178
1078 1040
186 1054
858 561
628 37
1548 1818
1241 1224
1246 1142
515 928
1848 400
274 1798
1048 867
1497 74
1909 1192
66 1761
1437 624
208 477
1723 686
1367 1673
1578 254
1856 254
265 1172
1147 120
1274 1592
1446 1504
413 497
527 1414
365 92
1990 1399
1665 734
911 1110
450 251
1412 695
904 1395
899 1975
609 1594
377 460
1203 1604
1095 401
327 361
1058 1302
1458 1031
299 1051
718 635
746 467
1486 1643
535 1663
1670 1422
1158 1114
817 1187
573 1126
1071 321
1595 1279
79 24
149 1675
1748 334
730 328
1334 975
1962 398
1041 885
472 55
950 1929
768 823
290 1253
1154 1613
629 1104
161 269
401 1408
1779 524
1933 1015
677 592
787 364
1490 955
387 1638
604 1792
837 1674
872 768
1119 49
1730 637
376 1973
1133 1561
1563 944
1531 1868
375 342
333 1765
1415 1078
408 460
1978 1079
796 1340
1141 1951
1371 1961
711 1582
1827 853
918 1350
853 447
362 1227
811 997
1027 1594
667 1428
1775 544
1647 1561
1020 1654
905 1903
237 635
1075 884
372 1392
927 188
1666 201
740 95
486 1270
498 1838
1599 781
117 1008
702 610
906 450
1914 447
1221 87
1230 318
957 895
223 684
1418 1969
965 1164
1941 1292
399 1139
358 1708
1812 1665
633 1594
171 876
1276 1449
12 124
551 1650
1782 78
1188 610
1811 120
624 789
196 1449
1991 1783
1411 1693
482 194
1416 474
910 1250
861 398
1270 1923
215 1281
234 1279
29 319
1297 816
143 1207
175 989
167 682
1089 207
259 1808
1224 911
1129 585
1164 246
703 455
384 1885
674 1925
1351 1920
983 1206
813 57
1545 1002
1439 568
904 760
1748 431
1326 6
1840 1938
192 1556
1800 986
1089 1185
176 1413
1951 1009
679 1778
344 23
1953 464
445 1044
1155 1082
1366 939
925 740
688 1206
1949 1246
1319 1242
796 760
181 1705
1792 1255
809 234
942 1226
1535 1018
1893 1048
840 1107
1511 133
1441 1250
1872 118
1068 1295
1447 866
901 1925
1069 1645
1137 418
1234 1979
1814 905
1538 705
861 362
1407 1637
336 1717
1651 1103
1566 605
1710 1446
1572 556
211 1183
976 269
245 387
1972 1029
1374 1101
518 1525
1388 976
1956 1485
1135 309
784 1283
727 989
1896 345
758 1828
186 1626
844 856
1368 1184
940 886
1504 523
1804 1000
668 1974
1101 526
506 902
218 761
590 1518
411 1842
245 643
1775 1643
307 81
1000 919
1513 1138
1225 1208
1457 684
1658 1313
198 187
1828 1729
783 652
837 823
1793 1133
636 540
1495 1981
1365 261
560 539
588 10
1951 449
1722 1386
642 908
390 1211
1503 1000
1742 97
1473 413
1770 1027
1130 1232
1078 1227
214 254
1731 368
450 763
1151 1865
1190 1773
945 1553
776 908
1063 614
452 1948
1970 1419
1742 309
1331 1305
1081 1143
930 420
1359 1690
525 926
995 546
1550 1915
1110 1335
1804 1947
332 1824
1450 1240
844 1533
1083 1758
550 1312
419 20
46 1043
1745 1857
580 181
1637 201
1694 1928
459 1143
613 145
899 684
1009 390
434 768
1578 471
554 257
313 336
1443 774
687 1831
1720 534
711 934
309 1786
964 545
346 1422
1993 1701
1581 1116
1402 1190
256 1061
509 1338
268 1780
859 1419
987 142
1254 152
901 1561
1872 5
1304 1067
607 1076
1012 277
53 1694
1831 1352
111 162
424 750
1355 1838
1910 1538
586 1046
423 1268
1934 752
937 1550
1671 1553
825 1204
562 1086
681 1823
1600 685
682 1018
763 1470
307 1650
1042 1366
1966 1320
232 1686
1327 1043
1764 1655
1181 769
1525 904
502 271
212 1708
1113 190
1052 1408
820 866
717 777
1766 1212
481 631
1859 1998
945 16
1758 1508
131 123
1530 1357
1108 1452
1666 1879
1361 975
581 1294
1710 366
1154 622
255 1607
1874 660
1353 825
1941 102
303 979
428 1071
999 1103
1846 1219
1399 1904
1505 658
1368 108
1369 114
1745 1542
1385 909
473 1491
462 85
1846 250
966 651
180 844
1757 1473
306 1758
1749 1145
528 1021
1497 23
644 1888
269 917
23 1473
573 265
1885 802
1677 1479
571 1348
1652 1663
1308 1528
1861 717
615 666
1807 958
301 513
468 976
351 646
1005 456
361 215
1964 953
916 1523
777 1771
273 498
1991 1323
1077 1052
96 1043
371 274
1965 132
1210 1658
336 1323
660 513
904 30
1173 1731
1645 1606
1151 1525
1274 1915
446 1369
972 1248
666 772
1576 950
1831 989
506 1560
1425 1980
1993 1077
876 255
230 1097
631 391
434 1331
625 224
1473 1961
1946 429
262 113
1612 1284
1748 785
1745 1362
256 1909
387 1483
796 1994
1549 64
935 87
1022 1338
93 277
1795 1165
885 995
402 463
1640 530
1110 1768
652 873
1807 1244
968 1083
1387 1875
1059 881
1852 1396
1908 46
472 1585
310 1309
1481 1206
1097 438
392 132
1569 1570
849 2000
608 1409
207 557
1256 1647
293 1201
349 254
1136 1909
576 338
482 1988
946 1601
318 881
1385 1349
1511 858
1583 1637
1852 653
1348 921
1958 475
840 1864
1461 467
835 458
869 1063
1556 1645
1436 1938
788 230
453 626
450 1393
1615 1354
1888 1791
507 232
30 286
1451 1876
778 184
116 1468
1954 178
553 1864
729 1579
1013 1066
1964 289
515 512
1108 683
783 1885
157 180
1282 1998
1821 1898
614 1317
1616 1346
1884 897
1163 1459
1747 843
1278 1952
496 452
853 1304
978 1682
182 1408
1036 1165
982 631
1578 164
251 343
845 1833
13 100
288 502
800 79
557 496
731 706
1682 1862
1662 762
182 1377
1933 1812
731 1386
595 1420
335 967
1865 492
1954 1284
574 1065
1608 717
592 1357
1340 1670
1023 1785
1784 1163
760 1464
1978 0
215 174
109 12
236 402
278 641
1635 1326
91 230
1162 195
839 1432
1334 1925
30 851
662 776
8 151
646 1971
224 148
586 695
1662 647
1954 1083
1017 669
503 1128
1677 110
353 259
427 958
542 857
521 1292
171 847
1633 1684
1404 71
287 539
1659 333
1118 1444
1853 324
606 1599
1328 1990
570 639
57 1272
1673 494
528 816
1926 874
1414 1331
1240 1331
378 610
1190 55
742 102
233 1985
335 1372
1219 1316
185 809
781 1600
577 1789
407 558
428 812
821 305
1143 161
1644 1639
1912 782
388 1762
1006 1792
1052 170
1091 400
1163 1006
1541 1995
1911 452
1685 1074
1872 1803
270 988
1046 1369
425 1285
965 130
163 1456
1292 1705
1099 1909
1316 932
382 1878
1303 241
443 1082
802 1639
1437 1855
1895 1878
1114 93
1179 1098
520 283
1491 1853
1635 935
1257 1094
655 1252
1856 1971
687 1506
1401 1123
191 1484
1053 1670
1844 1015
22 556
419 430
1114 494
1211 249
194 1717
1544 321
1653 1376
796 63
1016 1488
71 1737
76 1964
170 145
1508 171
348 1704
110 783
1868 239
877 300
795 941
81 1374
791 708
1177 351
1658 384
734 406
1724 555
1877 760
497 1290
771 1746
135 1326
1622 1500
86 1836
449 1128
1082 1883
1047 1566
1218 1467
170 1928
924 1262
543 1182
800 570
1958 1706
1993 1706
1343 1755
1546 423
105 227
728 1314
1724 723
1946 647
1459 1746
90 799
1654 1266
839 1977
119 1079
1844 958
1100 1954
1638 426
1987 856
228 183
423 370
1722 818
1862 878
1544 830
1803 585
294 1866
428 487
25 1994
1928 991
1409 364
1243 1843
1891 927
747 816
311 1155
1535 571
1835 866
909 1233
184 1709
1565 441
1872 960
50 1825
1864 870
895 1338
763 508
1575 977
550 762
989 1372
398 1643
1071 275
487 1813
371 514
25 1546
1913 1650
1931 1309
431 355
141 1
218 773
1007 1448
1788 1092
647 265
1782 194
688 277
463 790
92 1372
1909 297
409 1769
1075 1154
780 884
1371 849
878 1550
125 757
1535 1653
1973 543
1887 803
663 1410
1902 872
1529 1070
147 829
150 1554
425 1289
1450 156
990 1480
466 1934
1329 77
471 1860
138 810
1916 1884
1501 958
1329 1684
1883 605
749 1891
178 722
25 120
1856 1206
256 729
666 1137
402 1339
1848 39
1758 1665
1717 592
1787 130
1895 647
1391 1193
860 1275
1186 1796
390 1195
1018 534
606 581
540 694
23 152
868 735
633 639
920 831
249 290
1320 1768
74 1853
396 550
183 1304
695 639
1781 1023
1400 1546
94 542
1903 344
95 921
815 1784
1869 77
856 668
981 1973
1847 60
1598 1035
1412 199
1000 974
1246 960
888 1017
541 1699
802 1582
1805 1993
132 166
859 1614
1751 352
1023 866
1555 1964
450 1872
790 449
1026 16
1805 1216
1897 733
1943 655
1820 1390
242 1664
1958 1759
1617 719
1740 1128
794 850
1759 462
1870 60
1255 1918
948 1203
388 1934
464 1134
1175 264
1625 1309
600 1552
537 171
313 449
938 1862
1121 864
814 1362
926 1676
1933 1465
836 1852
643 1688
1788 1599
1444 90
1381 146
969 811
397 917
793 1417
574 34
675 516
1867 1301
1675 838
1477 929
401 134
1068 62
103 105
1632 880
939 816
833 1029
1345 1966
850 741
158 1916
354 1901
1742 1015
1756 1165
783 1924
576 513
1448 1663
791 375
288 1261
1487 1925
1505 1996
1989 89
521 756
1702 314
525 884
668 402
1021 1284
73 1515
319 1558
838 38
1056 1700
1616 19
624 1873
970 1250
1314 152
1197 1843
142 835
664 64
1987 1519
792 968
1370 407
1348 1801
620 281
1402 1258
442 245
910 1959
1785 450
1046 1826
1424 1972
595 882
1596 536
539 353
131 93
1472 768
851 1745
18 718
498 1291
716 995
1198 42
475 1952
1668 1387
102 275
1937 229
560 625
690 282
1078 1772
1298 1341
1241 80
173 450
1300 221
256 672
1676 1220
1474 1243
98 1085
1094 877
174 1023
1303 1688
1640 413
1037 423
1403 472
700 595
132 592
1836 462
521 1117
900 1147
1900 550
733 1639
1883 109
1480 1991
1027 1642
1041 1684
25 1113
1630 115
700 534
1633 1229
1515 1695
249 1365
1079 74
1984 1371
192 730
808 977
736 655
161 683
1704 499
362 762
351 198
1067 155
1380 1611
175 522
622 884
755 1118
1577 459
967 1239
650 235
1313 98
1510 639
1760 1340
765 1807
1183 98
35 1722
1405 180
1685 65
1437 530
1389 502
448 36
1437 1168
1019 1733
738 713
902 1789
1175 12
958 542
791 1865
1486 1288
761 790
500 1136
793 1775
460 949
493 1416
1945 510
1116 1033
1460 1608
1631 275
1790 15
491 1790
285 1365
1889 1930
1480 474
1357 1978
94 1849
1017 1251
639 6
787 673
1512 1098
221 524
1427 191
1795 1323
471 115
1916 1279
1496 255
1269 777
53 1384
1591 439
840 1263
1616 1235
1805 51
1863 1385
954 112
1749 1520
1827 1852
1754 870
284 133
360 1719
1581 155
485 1490
985 1764
254 1778
1992 378
163 935
756 1264
1928 1801
399 1443
274 159
481 1441
552 309
1944 1673
120 384
1782 1820
542 1377
1219 1730
72 504
973 1948
1228 660
1920 1690
1154 1902
1959 1855
773 661
1878 1216
1537 293
1500 1104
1142 562
327 938
183 1282
1368 566
1466 1721
172 1082
743 1916
1862 998
1567 885
472 1561
727 1438
1513 637
696 705
1523 1867
212 1636
426 1735
699 983
148 723
1946 1410
1878 1654
947 955
1587 12
1511 103
1443 1157
481 1275
1622 706
1741 1731
1338 1070
732 1887
1768 179
771 650
1802 1936
819 1256
834 1562
1461 1775
520 854
626 1126
393 686
494 1927
1679 1879
145 179
849 326
898 73
398 1310
1192 1331
451 757
625 1659
1175 1016
690 1800
1924 1504
758 1839
964 1892
1808 711
1801 338
1012 262
636 1305
1801 429
612 549
506 439
1859 787
536 1509
1528 1613
1268 1886
1299 375
382 1753
290 1915
794 963
1789 1803
1666 914
666 883
142 330
1460 957
1157 35
1070 139
1344 89
501 957
1475 1142
1150 1322
918 47
989 1239
775 1589
1532 1777
993 924
1397 1528
1687 1346
80 1487
1633 1882
633 531
1528 171
1976 926
1721 576
636 133
737 1493
1999 627
601 1290
934 1429
1708 644
1017 604
947 1739
324 229
155 508
4 714
1306 646
616 1941
471 1759
368 1235
84 1543
488 143
648 783
20 1798
450 1635
439 1313
270 1522
1166 440
1257 793
352 1668
1031 692
1260 1582
77 1370
597 163
81 395
182 1471
1568 1987
1647 264
189 1566
1327 1718
1896 792
175 152
107 1484
861 1630
1471 1491
1023 1209
843 1429
840 282
1467 1000
1164 1688
1746 1514
633 1749
1331 54
1251 983
1773 410
580 1091
1554 1923
334 1969
526 191
1436 761
618 707
1464 1613
1540 1925
751 730
1053 1371
1137 587
1787 366
685 369
112 752
1284 870
1626 1356
323 118
1976 267
526 1061
84 326
390 331
1631 1644
1742 952
278 752
306 66
21 111
278 1792
952 166
1460 1862
1829 1654
1527 1456
457 1589
1147 1612
96 919
1307 1508
1526 1967
1984 1260
1052 1894
1320 955
1552 188
1602 453
1554 1111
857 709
326 258
184 1296
1625 289
1567 342
607 401
95 806
854 468
1635 1071
1848 73
1679 1353
10 392
1777 15
1961 1146
1534 1863
1394 1073
1261 1582
748 1141
1407 1690
1785 95
620 207
455 131
1036 1622
1629 1475
594 313
1153 271
647 940
1072 1167
1053 453
