1000
228 1122
501 781
1635 1598
880 1893
298 1604
1141 1667
1387 1872
160 1950
1616 1625
760 766
1997 298
615 1359
1561 1693
252 198
1133 1797
810 817
1713 301
1790 1078
1613 1137
1717 1638
1989 1342
553 1819
893 546
1915 687
855 592
609 1440
1536 527
955 1850
779 1792
1389 468
1221 1316
1944 712
436 1373
1298 1259
1691 1117
410 788
1407 1735
1140 934
1209 803
747 1828
1935 255
50 817
1000 1528
388 1868
272 1494
53 528
38 1998
1716 182
989 807
840 1945
1600 792
1093 1592
828 1754
514 558
870 1507
151 1333
125 978
1368 421
825 672
939 275
1675 253
1916 1856
1734 598
1202 229
1514 870
703 1170
533 644
712 1934
1965 198
720 244
1861 198
1277 1387
728 930
1314 1654
946 1759
705 188
1888 47
1495 420
1060 6
694 38
1103 484
1083 1842
1174 11
243 1861
615 807
936 1246
1828 778
864 4
1250 544
978 1987
1102 1478
1110 1160
225 1500
842 785
921 197
262 1887
870 679
1362 1447
626 1801
826 1105
901 455
1053 910
548 1215
2000 1350
1352 1118
870 1061
981 902
973 1956
359 509
1467 1918
1261 1646
1556 1480
1612 1303
1206 1472
338 100
1782 1463
1558 1461
1819 844
816 1778
1022 1984
1793 229
129 1172
338 268
1931 1135
1458 1531
291 82
72 181
1292 302
1110 1856
642 129
436 302
919 76
115 803
1940 1926
698 1817
1790 1885
1055 759
1568 1146
51 1871
322 124
1992 1646
1996 53
784 1632
1937 915
955 1439
208 1394
1372 342
704 1056
1264 319
1823 862
1930 534
730 228
344 1344
1679 962
738 1260
37 1833
1176 1574
1971 1432
429 1684
1528 1802
1138 1449
718 729
1276 1401
1851 86
939 239
360 1363
779 315
922 1749
1460 613
676 1090
1136 588
765 721
993 1407
180 940
211 322
252 569
1441 1275
888 1019
1212 543
1183 1293
1409 301
757 1686
1109 1722
128 1395
1171 429
1197 986
41 1027
847 1396
56 1351
1355 1942
260 132
1212 1222
377 943
510 258
407 282
215 1090
70 1142
324 1798
630 1487
900 760
1525 749
1128 289
2 1728
347 1074
597 1972
1554 1063
1688 1512
331 130
1213 1443
633 1916
1055 553
371 1861
270 827
38 1273
842 332
597 1406
324 416
1673 1205
1896 1472
1093 797
627 583
1820 792
1495 161
798 173
1462 574
1220 1817
1952 431
239 916
1181 1524
1952 414
700 88
1182 173
1623 1657
1572 1449
1317 1303
916 1230
252 1801
1147 1054
1670 468
321 1310
27 1379
884 1706
612 1435
1275 291
1854 341
1700 14
122 502
1911 1104
1178 1082
960 1404
933 774
1149 737
1318 918
567 1703
1526 38
188 1334
1047 155
1902 410
1257 1190
633 103
1765 1510
11 639
1971 1813
118 798
1679 287
350 716
733 1688
687 1775
557 996
250 895
1579 1087
326 1611
1418 124
305 938
348 560
847 861
668 773
1309 18
1683 1264
720 1513
1697 1773
1888 516
1669 1077
730 1684
1635 1440
902 925
157 1776
1255 1324
1685 213
1713 449
519 1747
1284 348
154 1580
900 156
1210 831
329 635
1058 1106
987 1578
551 64
1617 444
391 1508
1776 1047
20 1306
1777 387
284 1172
1526 1535
798 1457
382 1962
1885 1950
1571 839
1352 1737
947 1676
478 1359
1624 1287
278 932
495 1748
248 816
251 219
1674 1458
1116 867
1531 1661
731 1833
545 1273
1541 1175
569 216
1654 605
138 1190
1922 472
1295 1066
1336 198
1160 1360
1287 1757
1630 1795
246 1014
1918 844
698 1780
902 287
1225 418
1395 632
188 156
1400 1775
378 1161
447 1180
1763 522
1589 1544
872 496
283 906
1832 1657
1794 1002
716 553
1916 145
1980 1524
325 1517
1413 695
891 1865
1438 632
88 1416
467 1078
1628 1497
539 1060
1802 1468
1120 399
848 1862
1996 1645
716 1226
877 1130
577 851
877 1732
1323 1440
590 1969
987 622
1179 108
754 78
165 1836
1193 1855
1492 184
1606 45
1598 475
732 1617
545 687
1900 1205
100 1592
413 1899
1479 731
434 1486
680 269
1704 1514
1900 1953
601 1213
708 97
1733 1651
865 1825
706 808
1503 1502
186 820
1824 1177
313 1260
741 141
134 1103
235 1128
240 1031
970 1680
311 1352
61 758
241 410
1205 717
698 1234
1789 241
1412 1702
317 871
1929 1161
1956 1907
80 896
40 714
1185 1809
747 191
1122 179
15 876
1695 1289
83 1973
1643 936
1259 1694
1394 356
1870 614
755 151
801 1318
67 438
1818 1553
195 1404
1499 434
730 1639
1800 1942
63 699
698 1125
1794 1475
637 1334
1227 1567
1543 1253
1944 143
40 917
1571 14
1612 128
475 1069
388 1606
647 249
1752 893
723 1818
574 1742
1939 454
1937 1819
1174 1120
260 282
108 1206
37 1342
645 1373
790 542
1388 1441
311 1894
1613 1148
836 940
551 1021
1535 516
399 1185
997 115
242 1180
1727 350
994 171
1036 1213
1397 421
1079 936
1148 1614
1654 140
836 1827
1497 898
1257 793
734 1830
1732 1356
1871 821
1490 1274
116 1158
1014 1567
1753 1005
616 717
1865 811
156 1638
1421 1776
122 1767
348 528
301 1792
954 1934
1122 629
556 464
1812 523
1547 1500
932 909
1394 1586
944 1855
1077 1348
637 469
914 42
936 650
1731 1155
1240 346
618 317
877 1595
1087 1273
265 1895
1729 762
288 1597
344 1340
233 883
1480 614
1550 382
1614 681
1545 1612
1122 133
1682 594
1014 1555
368 1419
1610 159
1720 447
35 1437
1780 359
1430 119
979 1045
209 42
994 1778
1177 859
643 763
117 718
1590 1325
1279 1219
907 1967
1645 668
1003 841
170 90
1000 1196
1162 1287
179 1120
1168 674
165 1540
1678 1867
837 1243
1646 62
1761 1386
246 28
226 696
1747 1253
1930 566
1201 863
721 1830
1689 56
1453 1757
728 685
16 219
1774 212
111 1420
1895 1313
568 1094
1489 1465
1432 301
763 307
403 24
726 537
21 1139
616 166
1251 213
1140 525
280 400
1246 1086
1608 1658
718 1430
1835 286
1766 1971
454 1608
689 1420
855 1855
1981 736
1639 1656
1149 1554
1634 1451
535 1348
938 687
150 907
702 1643
1601 943
1265 370
169 1666
496 1963
1004 1037
820 1087
1954 1072
84 1869
1684 678
576 1005
134 1074
1067 1375
249 264
1642 820
66 392
619 1668
1373 1070
1767 538
19 1399
1867 1452
1849 94
1181 1339
1324 1023
1508 927
1189 1216
865 1610
142 393
1606 1640
51 1925
1335 868
1016 1805
556 265
1524 681
575 1331
1093 471
940 911
244 198
1039 1992
503 1273
273 1970
778 385
773 1235
318 310
419 1294
1340 391
1821 1442
1595 153
721 1050
1980 1635
72 696
84 1083
1307 1053
258 165
1460 1071
936 1294
601 1085
175 1050
1680 662
410 1847
942 184
566 525
1861 413
723 661
1017 127
113 1674
983 1753
1508 1608
210 201
698 246
986 1078
1585 1235
599 843
691 616
1475 1208
864 604
1778 1611
1393 477
1205 855
175 1408
707 107
120 268
1220 113
1227 252
1503 1049
1723 1702
644 178
1373 1864
1225 742
294 1224
300 412
1206 965
1726 392
1685 1155
1614 535
1978 1422
1793 175
1602 1030
495 242
1619 280
1214 487
1799 1274
1466 639
380 594
1569 1369
38 53
626 1204
1893 1966
1171 525
1144 858
867 656
1617 1928
27 1183
3 712
853 3
1450 1479
332 1662
1016 1729
371 87
1763 781
1367 1424
1440 700
1925 1175
989 502
170 802
1729 1463
1767 1687
1783 817
639 862
1796 589
1575 139
1014 601
1181 145
1520 1956
1317 548
650 1103
234 1744
1882 48
57 551
495 536
986 1499
1715 469
956 731
58 410
1625 498
1978 1495
746 1107
1269 1340
1485 194
292 1156
112 103
273 1907
1075 1043
315 1464
412 766
202 389
1161 1886
1890 680
1094 1591
842 1405
1281 286
659 737
841 1507
149 868
734 1547
1311 680
232 341
1808 484
116 1214
289 380
1511 1371
1209 450
827 338
132 888
1304 906
1278 816
67 715
1384 1085
227 1970
1358 3
1170 1984
1935 1738
1322 1556
1224 1664
934 1747
1445 1449
77 605
1886 1553
1071 1138
1871 325
636 628
1826 155
1948 619
642 712
8 340
232 1462
729 231
1352 1376
675 1491
1622 948
1212 1796
1039 781
1759 18
757 358
1695 728
1089 1898
1429 901
1882 1743
1535 238
661 300
1319 1364
1193 899
1901 1882
635 1517
727 1961
1045 953
265 515
1904 1021
1308 175
1298 1942
0 1671
1453 1307
467 768
526 909
1227 1619
1272 202
732 88
1327 699
1593 1555
1351 1799
1699 1872
623 902
1893 1113
1321 1865
1417 492
257 878
1159 680
1362 1177
1610 834
351 428
1449 1819
569 59
193 913
588 842
1455 1780
1088 1611
486 1268
872 1077
973 1599
1285 570
449 1373
1064 85
1287 837
944 1010
660 711
705 894
686 178
1061 584
1330 1963
1459 458
191 926
1654 298
1865 1293
1698 11
644 511
1962 685
476 349
1376 1751
969 1260
1433 1344
1725 852
763 40
505 662
433 626
1258 610
839 332
1939 1654
697 185
1587 1991
661 1554
782 1489
1993 280
258 737
1174 1967
861 722
333 1207
192 1854
471 807
1972 1963
588 1363
1177 1035
1497 1492
1323 872
174 1123
786 376
47 213
1887 616
798 309
581 1183
92 1378
786 797
796 1971
135 669
399 585
491 810
1985 188
1775 1117
99 208
923 403
1480 1164
1599 1591
1598 1030
1282 1656
108 75
175 507
1807 1751
418 889
562 1555
1840 412
1203 810
1 731
626 1473
757 1107
884 1826
765 1916
938 1302
1971 1282
60 445
1132 183
1053 952
114 565
370 1692
940 478
1727 150
814 1140
319 1588
541 1205
1683 584
1743 1
1330 244
1257 867
1091 1855
626 499
790 940
853 647
1030 587
1108 231
1789 1824
1063 219
289 326
424 341
1437 378
262 44
1542 387
1918 1942
940 172
1801 275
550 1262
26 1465
1046 609
189 143
260 359
1625 1618
955 1825
1687 556
618 751
788 883
262 1699
812 696
1240 611
1835 361
1713 1477
274 125
700 614
1393 1560
434 1667
422 974
788 1215
1484 1625
929 180
638 1065
1302 621
490 26
581 572
1828 17
633 1977
1386 476
258 325
1111 19
1401 743
1035 563
166 155
1414 1670
1153 1848
18 1318
108 480
639 249
957 93
44 867
799 1247
922 933
328 1916
735 1948
515 1575
116 1662
782 682
1023 1315
663 562
1453 1084
314 287
1927 899
1533 1739
1209 1484
405 234
1153 639
1325 690
