10000
1423 258
939 1440
842 156
352 886
1719 49
250 1218
1234 883
344 1680
389 542
533 985
1597 1578
844 1242
1511 1283
1476 1889
1352 1952
518 1980
174 1197
1088 512
986 1156
491 1397
374 1812
1224 244
1436 1487
1318 645
678 119
1318 823
515 432
797 175
143 1391
225 485
1305 1155
886 1863
982 1063
10 1006
876 1074
1707 982
1332 1248
672 748
1567 519
1233 135
1512 649
1658 257
1189 143
115 573
1031 1621
215 382
1235 789
1611 358
1152 612
1533 1883
1676 335
1169 1041
1594 1090
57 447
74 1544
1141 1029
1797 1324
225 2
1045 72
164 1083
974 1300
359 1876
1687 1072
682 1602
179 1357
1395 166
110 1207
1120 1150
586 779
1069 369
1774 468
304 1374
429 1412
1293 1155
977 1984
1209 1920
1247 421
1518 4
341 1816
1518 586
881 1761
461 733
9 372
1525 1963
674 477
1405 500
958 1913
244 788
928 342
1312 1776
272 141
1981 489
1343 718
276 372
796 1785
981 526
755 1211
151 4
1912 969
202 1560
35 1091
158 1597
1716 1180
1208 1010
149 621
1413 5
1437 1141
1807 103
39 1107
497 393
1706 1344
1857 1492
706 698
1613 664
931 764
1091 1107
774 1805
1152 1100
281 256
642 874
738 1046
333 40
1167 1920
597 37
852 1610
1823 1252
585 1539
1611 473
1828 1556
673 1083
1545 272
645 1690
1433 312
1688 379
1664 1
249 916
1430 869
1823 201
86 187
156 307
1156 1409
390 76
1676 1802
1002 347
1587 853
1586 1671
73 1299
228 98
806 1346
626 1299
1291 1536
1197 1051
1346 84
139 597
1317 1
250 87
334 1603
1254 1201
785 529
1532 1027
1394 1893
1504 1841
1298 252
1777 1291
956 544
1757 285
897 502
1800 1130
930 568
538 1632
1483 313
86 399
1556 573
344 510
777 728
875 597
1691 193
1874 155
1529 1361
749 38
1560 1567
1423 1020
85 1718
1328 612
604 473
728 583
159 1013
173 1974
730 1684
1289 1741
765 1734
647 738
970 1032
1371 1119
239 1293
1186 578
1757 720
244 783
850 581
1348 1894
1681 1159
1366 31
1596 887
1867 20
623 329
423 646
49 1935
221 744
163 491
1499 164
1105 1529
1920 1728
1841 679
1899 1608
1640 1624
666 358
177 894
1493 876
1207 44
628 1316
964 793
1097 1718
411 1494
1122 1836
33 1380
1061 1334
1271 799
1913 1676
601 204
57 883
1927 1936
272 662
659 694
1112 106
608 80
625 356
1637 631
570 82
939 933
1266 707
498 1443
119 602
1197 1299
1785 1212
980 848
1816 1751
420 348
108 329
758 332
662 412
20 1599
1474 275
779 1054
1011 1040
1890 157
1939 424
1567 867
344 1091
1175 1338
392 1578
84 54
612 220
925 1823
84 464
1463 1024
619 1917
1516 553
1398 1459
534 471
157 7
345 542
1030 24
1891 1762
68 1694
1469 1906
1003 1926
604 1727
743 1908
840 1036
991 1042
444 135
1484 1171
1408 1400
558 641
254 1753
405 1412
1812 408
1559 547
965 920
996 1978
327 124
1599 1195
295 1888
1863 128
1280 1624
1313 1193
1666 1398
292 114
949 413
894 193
1369 195
1625 1472
611 779
1940 264
767 197
1795 1293
1605 133
9 236
1057 1999
1933 7
133 644
665 1594
145 50
1778 1534
612 1936
1428 992
867 378
1145 1557
908 1991
1943 1381
468 1845
190 341
951 1895
1882 1875
23 1939
244 1592
17 1869
926 1782
962 1341
26 887
542 103
1959 1853
1004 1526
972 1084
1868 271
913 1811
1259 173
929 362
776 1399
1226 1879
572 784
1996 40
301 1597
366 746
1875 66
1167 1803
1390 1966
877 1222
1391 1714
1536 541
254 810
1605 161
1450 898
1272 1535
1102 1424
161 967
916 1113
14 399
416 531
384 873
989 637
851 657
59 1603
1649 1819
411 282
1592 323
115 1665
1219 964
533 119
279 32
217 1251
1762 1915
1260 1620
274 864
1353 1018
1795 1343
682 1606
1721 122
1561 962
385 626
1063 1928
99 3
1927 1675
1847 1882
1040 1905
550 130
186 1030
1472 1661
1893 1893
1594 149
1146 1757
65 539
1166 824
199 533
1303 1285
1090 182
1003 1244
290 717
665 1191
1304 1656
114 1130
104 1522
218 938
1809 1211
365 1696
863 298
341 1319
146 1814
1870 1790
313 716
1741 558
684 630
1074 1692
868 1623
1053 420
1977 1120
1267 1896
974 673
923 1456
133 1905
908 1392
32 1459
619 432
359 835
1763 590
1306 1667
1044 1382
850 57
1595 11
1446 1179
472 333
1037 1935
1765 540
297 1554
539 1283
107 556
1248 510
1797 1679
1603 42
16 1440
1747 1587
1507 794
1269 453
866 708
1200 1579
355 454
1365 150
802 1360
1923 356
230 298
1588 328
1159 684
1136 1398
1494 60
457 287
1063 379
30 1010
162 493
1534 368
1511 136
1987 395
1566 1033
661 1180
1389 1369
722 117
1159 1560
985 768
1916 680
1391 1431
992 468
970 260
444 1335
454 272
729 707
354 1004
1006 573
1810 734
1289 1087
1560 1956
177 1537
1915 966
760 1360
669 1846
1636 1453
860 468
1736 840
1082 10
308 713
732 1860
1032 1699
716 1909
1616 1396
1144 501
1877 1823
388 694
1908 324
1445 349
508 1368
451 1707
749 810
1397 780
492 951
916 157
1228 1371
370 1490
1506 1555
1996 717
956 449
1889 876
923 785
651 1588
700 137
551 1924
1510 332
131 635
1794 888
266 1797
1708 294
560 1747
106 1416
947 966
1483 673
771 312
1835 760
555 1301
494 144
1154 741
1629 633
322 1795
1135 1850
1015 176
1607 948
273 1427
977 1242
108 607
578 77
1495 896
1510 1587
318 956
26 1878
953 844
836 1648
355 1938
390 305
951 1506
515 815
736 135
231 359
514 489
751 585
92 1815
28 569
1483 723
1374 293
1481 779
945 1832
227 480
1664 1847
826 874
267 11
1587 1104
1160 1948
1421 242
928 1790
1843 468
1594 1195
1307 1708
1229 1018
1544 405
1014 340
355 375
1058 1262
370 1935
622 1036
1100 687
309 125
821 948
299 1365
1364 716
127 25
1796 1157
716 1645
1271 183
1267 530
798 971
191 822
1747 564
503 1569
394 763
1493 14
1662 1528
1678 1451
818 1748
570 1192
1616 43
1100 1188
1224 794
1031 191
737 1141
1147 290
70 1322
1221 1770
633 1043
1263 422
700 886
294 1411
1371 843
1706 737
1460 466
250 619
1967 740
1741 1926
1318 1088
1447 1162
728 1982
1625 82
454 1698
367 67
1499 329
775 532
1130 1854
690 192
1763 1958
401 1606
815 1725
410 1349
124 1443
1825 1258
1558 158
680 102
1410 289
1834 1554
1749 1550
413 292
1425 1734
1869 668
1940 1752
795 1925
1452 1182
1389 1676
348 62
1162 1747
1999 898
669 766
319 266
1939 605
1704 476
443 719
427 1517
897 1665
191 455
752 1007
1777 994
952 453
11 505
470 816
1253 200
1753 1148
165 1616
1679 490
874 1918
782 1492
1788 439
1718 1623
232 2000
133 1919
1378 1907
1581 1733
720 919
1690 1655
1774 1477
873 622
974 634
461 1927
641 1339
694 1009
734 1561
363 1788
277 814
1949 1063
1620 988
1323 259
1415 1614
1967 1818
1109 1522
477 45
113 1183
664 1781
788 291
1618 578
388 780
1747 1673
328 424
1151 1992
1383 1896
784 217
486 1964
188 1344
1078 186
1541 1819
1812 1091
200 1678
650 976
1968 1086
291 1311
1102 853
653 665
739 1188
1153 167
677 1133
173 1036
1082 678
163 250
782 318
1939 219
1656 655
1246 1698
106 1139
1491 1284
1673 1462
1973 1892
349 569
445 1592
1552 1535
1346 135
1491 375
146 642
221 358
1262 97
1156 1336
1401 1798
1955 237
325 546
1234 32
1234 179
986 1791
1586 891
137 1426
1280 1524
1337 37
593 1254
1726 1544
474 950
1573 1709
487 172
693 1255
450 167
265 243
905 1216
362 1157
1493 365
215 155
332 99
242 766
1325 1649
591 132
381 1061
1695 658
708 1302
1022 726
1132 947
711 901
585 298
273 808
1219 798
1847 1747
1691 1748
1241 660
1844 707
1682 1239
1454 684
871 1363
1205 1946
1345 538
482 743
1797 1707
1937 84
470 1951
916 1676
1441 1348
978 10
706 38
1472 1473
615 713
1278 472
751 202
632 1087
1078 430
1997 494
1924 898
105 1807
936 1080
512 548
1423 1188
581 1913
10 991
518 1947
67 1644
1395 1035
781 1055
1844 293
1378 401
1284 1756
803 290
800 1594
1906 827
219 1113
491 984
1766 1361
1929 791
1826 714
1680 302
684 1516
1167 1233
1 657
1640 455
1762 558
1191 1652
775 1929
1396 723
1789 1043
1025 1247
978 1125
1968 1556
1440 1006
1855 1254
116 1581
973 1389
1313 1707
651 675
1481 1764
1570 149
1197 814
811 482
670 1428
1432 947
1025 317
470 601
423 573
675 1870
77 1012
1928 296
1097 1635
1259 282
624 95
120 17
737 1661
1280 1401
570 648
530 1288
641 1582
533 1074
1764 1368
1899 1492
1758 651
1245 691
568 964
201 815
1246 782
1411 1827
1947 1898
1438 1978
1486 587
567 142
51 1237
242 424
1179 293
119 1637
502 1022
602 718
1214 875
842 961
1125 1206
291 770
1080 1961
1756 1507
287 109
252 540
1706 932
1855 1921
920 1538
231 586
444 479
289 463
1169 977
760 441
1262 1163
783 1861
1313 788
624 66
997 1510
1419 350
1203 1845
1445 388
1858 1824
227 854
218 1725
1758 166
1953 1496
1494 613
1236 1977
974 1879
1806 991
1373 1789
1732 1065
1126 1877
1309 894
1287 1570
1776 560
111 1414
1255 177
1656 1444
687 589
810 624
358 877
11 1557
407 1325
1727 1779
710 1938
1420 1795
763 2
1203 902
1172 1450
1317 652
286 711
1617 179
268 1641
516 433
479 886
1295 1489
1898 129
1375 699
445 142
206 1192
1044 1416
1311 1312
1821 1458
445 1494
980 502
969 854
914 1370
1477 260
1201 1856
351 1599
1820 801
1062 814
1443 1604
1009 356
118 475
32 1600
471 296
1360 1003
1845 1514
710 1700
332 438
586 1534
535 608
1323 1826
1994 457
1555 1406
1135 642
68 455
259 685
638 265
34 791
1942 1162
616 771
933 1528
1512 1332
1949 324
1064 294
1876 99
1295 816
962 506
94 729
70 1060
1356 1128
1250 1873
155 773
547 962
1098 299
1116 821
1089 733
940 943
1321 921
1496 25
1635 591
1609 1999
1528 855
366 1424
264 768
1646 1807
1185 1894
1171 1871
1934 900
1614 1781
771 1987
1484 482
792 941
423 1521
1328 314
1943 1505
499 20
1751 1279
1331 1666
930 1933
1322 558
887 1194
583 1846
1330 572
1549 841
1769 63
233 759
1683 1648
518 53
1086 199
1774 300
1687 672
161 578
178 1380
1007 175
98 1894
803 279
1503 490
1754 287
1904 1484
889 646
1285 1430
740 1958
1441 1105
135 930
1819 1429
1552 69
1924 1449
1316 1482
1324 27
893 1003
1644 685
664 229
1604 1279
413 1899
1302 1518
1782 248
1572 882
107 550
407 235
513 1684
861 1769
481 1717
1494 1326
1946 1001
244 125
464 748
1973 1281
650 665
419 609
1248 614
882 1344
295 1078
1156 8
98 793
1952 1108
919 794
1119 1614
449 80
1626 90
1577 1821
1163 120
1013 774
1406 158
1995 1301
756 1427
1582 1849
1381 826
1967 1023
350 1306
76 1599
1277 856
1658 1915
579 231
1921 955
525 689
309 734
1892 358
475 795
438 1996
651 1084
937 1331
1024 966
513 1674
1143 999
1610 1512
1539 1297
123 11
170 864
760 987
240 894
605 118
1425 1985
742 240
643 1798
1442 822
1476 1083
61 668
590 451
1078 1783
1505 201
597 719
282 1444
1483 1326
1689 553
1298 1645
139 1420
729 586
309 710
1716 333
1530 830
1964 1227
1184 163
1782 1431
1911 160
560 1554
601 1538
1224 69
1203 1354
844 1696
254 1366
1824 684
1389 507
1194 323
97 883
165 1301
2000 798
1346 1456
1061 539
1048 1543
1538 157
1109 682
745 300
1527 1559
113 571
39 964
1006 1863
230 984
777 454
1152 1792
32 1934
1549 1788
1272 179
234 616
1145 928
1647 893
1142 1317
147 146
445 1728
1844 1994
1571 259
724 967
284 1483
298 211
818 690
1075 563
1672 200
734 1211
1959 188
1931 162
1301 1964
107 666
736 1369
1268 194
1387 1514
1988 593
250 1152
711 289
1432 236
1941 1179
1170 334
1724 482
686 1239
1289 136
538 914
3 787
246 297
858 1364
336 1042
553 1060
753 1211
1120 1623
793 1739
1904 1082
679 1317
267 987
496 940
350 435
491 441
327 1804
1365 851
1778 29
1619 1936
404 56
918 1304
243 326
844 1253
1824 938
1618 1563
1712 107
682 1313
547 915
954 1998
103 1026
65 1023
389 1918
297 1353
33 1143
693 1913
1173 1923
1043 1538
805 754
501 1058
1584 1067
493 123
1478 1478
1988 118
1595 1830
1308 165
1348 1196
1089 1438
456 465
1707 841
53 294
1505 1859
472 1287
1959 1140
485 1922
749 633
1810 641
562 1506
346 649
1380 965
1065 694
552 207
281 1320
1327 1594
743 1974
867 1110
518 564
1483 1570
1523 905
1518 1300
1907 61
1637 1782
428 1301
1413 1444
678 1782
1798 1341
1629 1238
590 507
822 429
1959 1922
873 1042
1072 1179
552 546
292 886
627 1636
1014 78
611 1626
939 539
1873 1072
875 1514
249 1086
453 307
1884 975
1306 692
1691 123
643 1564
1914 433
71 1224
1698 1653
1855 1535
1045 991
1383 1609
1790 947
235 1169
1011 988
745 1909
210 6
796 417
772 614
1352 99
639 121
1637 1260
1094 881
67 309
1878 1646
151 22
1078 1935
1779 2000
203 1154
1964 1573
1094 1897
1268 339
788 554
79 1069
1479 1440
1083 997
456 778
1589 994
242 610
362 443
1785 1561
1994 136
492 210
453 1018
1273 1032
1143 204
1567 1071
1243 457
544 722
189 1391
813 848
746 822
1621 1184
1392 550
239 1927
1044 1566
400 809
1240 1177
1863 893
1098 692
79 1186
705 948
1846 1648
1790 660
455 1568
334 617
1154 368
1670 1997
979 22
529 452
1241 1806
185 164
1653 949
1155 4
703 1411
802 1205
207 1292
483 972
231 1256
1353 523
133 813
1547 1138
533 379
1086 73
1789 1636
1026 1705
370 325
1536 454
548 956
1433 47
1254 727
1145 511
122 154
428 820
754 249
36 388
1910 947
1627 1845
1514 884
611 1643
178 1665
1434 503
1383 1348
1403 1122
532 1103
1879 680
410 390
1744 520
651 998
417 1465
940 859
868 8
887 1184
308 1471
96 1639
185 1554
398 1732
1516 1555
1267 834
1254 1326
282 1541
492 386
795 1748
1651 840
388 1775
740 267
174 1608
699 338
1937 1190
174 986
1933 748
1884 1554
8 1331
127 1045
1239 1868
778 1382
1920 1840
78 1755
412 938
577 1711
234 659
75 932
1793 1832
1616 1876
1278 494
189 1965
1771 1822
174 824
169 1535
1306 113
441 352
1997 1466
555 566
1214 1161
1261 1766
1707 1830
1947 403
317 1645
137 987
703 479
823 851
1663 85
1045 1779
111 1246
1035 431
554 167
812 1654
1668 511
1582 1264
1537 137
1658 345
1162 1681
1001 140
505 625
69 831
1559 615
1085 1659
3 841
722 1409
647 1962
1039 767
301 1085
202 1639
1353 133
562 839
451 1722
867 958
1295 948
1562 346
488 1725
1683 1569
387 310
1019 1702
502 1721
59 636
1965 751
1098 1093
891 1404
600 128
933 7
1264 1722
1830 774
596 1503
7 1856
1135 313
121 1602
1561 1471
696 1530
1992 1938
177 1517
1711 1910
722 642
1212 1868
1347 518
1225 1153
987 1574
1900 897
1412 1942
1010 1097
713 1972
1128 450
1588 1858
251 1915
694 1533
1283 1914
300 1787
905 508
695 724
95 1064
725 841
1199 892
523 1807
1752 1796
282 1398
1763 1846
1422 1963
424 893
1426 1839
622 1189
635 1491
386 953
403 279
933 1307
922 121
496 387
1518 1741
961 1697
1685 1876
1979 1502
354 103
1155 548
1643 648
52 1792
1399 1467
1871 336
497 822
257 126
1209 1460
178 1013
104 1677
1158 713
134 1033
1012 775
900 395
159 826
1490 724
222 883
996 1343
1007 43
105 1574
907 511
1019 1651
1276 145
1072 1935
512 1323
1451 216
220 1687
1775 1255
865 1538
1226 207
1583 1033
1778 272
1374 227
254 1283
1668 556
1754 1528
214 1747
1423 365
471 1587
1987 441
268 452
1208 1474
627 305
1204 287
1867 837
1221 274
868 1762
374 419
586 1723
1950 140
1987 1505
582 462
1818 119
716 1214
1621 1144
1074 1324
964 1743
294 1187
1889 398
1193 842
1399 646
491 663
1833 590
781 758
430 261
1681 1445
684 1972
35 426
297 1944
1986 488
859 1559
1591 11
1977 378
310 1804
1607 984
823 1664
1605 858
1126 1335
525 1761
1192 710
1783 986
516 1750
375 1575
711 553
1745 57
1483 374
40 1093
443 148
1808 80
1691 879
628 1267
300 1918
792 1793
215 454
1280 1415
86 1441
1845 1061
1996 320
840 1026
170 956
743 1524
1871 153
1289 358
677 425
444 1341
603 158
747 1566
1335 562
1616 696
70 670
1135 1314
806 838
584 1216
1607 59
659 242
787 459
977 1234
1418 215
1024 1480
977 1065
954 1939
593 438
1358 1279
1864 391
479 1920
944 1916
299 1969
642 1514
1424 973
605 1703
469 1618
1395 1618
1994 531
1376 1313
1131 1951
1760 1977
1218 1020
842 1175
712 514
1268 1523
298 1622
1346 984
1055 1182
822 1637
382 450
1643 960
802 1475
1401 834
140 1324
1096 158
975 397
1446 899
1445 1326
199 1262
755 982
1297 2
1400 1512
1421 1666
1371 1647
590 1467
170 1762
997 1979
181 1518
71 288
1104 735
116 372
1146 1203
1053 657
224 1141
285 155
1197 80
150 303
1474 710
976 326
310 932
354 1897
1150 1187
116 1632
1031 978
1606 265
1651 952
63 1242
1117 1978
715 103
1460 1304
476 1077
808 1554
1753 776
417 1756
1461 634
1167 1447
940 1915
302 1980
771 965
1454 621
361 59
81 1794
1566 1225
1365 959
233 27
1487 516
875 545
1092 1556
1091 867
1996 334
2 1591
494 196
587 789
1357 1659
833 782
1776 242
857 1500
1066 344
1995 691
75 1611
753 674
728 36
1959 571
1261 439
857 400
854 68
238 1545
467 133
1154 1792
749 1112
64 1014
386 1893
896 499
1968 499
575 1302
569 1028
530 742
1658 1628
375 226
849 1423
1264 1603
1847 730
1938 486
1621 1944
232 320
149 885
667 815
886 994
622 188
1275 1934
1264 1595
1673 734
204 244
1389 131
1125 1184
1097 601
1242 814
689 1791
36 1053
699 574
1735 1273
1785 1007
302 1395
1880 1339
468 1921
651 594
862 1429
1305 1355
750 1774
1533 794
1350 152
182 24
1890 133
1935 1745
266 1544
133 1327
765 1506
1222 1763
1218 517
10 1525
21 1721
1886 1956
326 1050
402 1852
612 249
1194 1567
1007 15
255 889
942 1772
242 1908
386 706
1862 1419
1957 1936
1865 1049
1380 1470
1417 890
1332 757
544 1374
1659 737
888 40
591 239
1174 496
1222 1716
323 954
543 1344
1167 602
1039 1512
1428 535
1465 1772
1159 1232
1972 549
987 1535
765 392
1427 1771
825 1124
1863 719
1432 1441
102 125
1636 105
853 1199
702 1719
1756 553
724 305
1744 487
1277 14
1095 25
1270 847
1901 1125
340 143
3 1196
154 66
632 361
577 808
1490 1761
939 799
171 226
1230 622
1930 678
1713 1707
442 1456
1416 823
1643 1247
803 1709
1250 1583
90 1962
1842 1344
553 580
1390 796
1183 823
324 271
1151 1162
1085 594
530 609
146 1985
1443 672
1254 1127
652 118
520 497
919 1629
1838 1201
1961 520
825 828
135 294
1636 1355
463 366
987 1145
1397 1292
721 784
828 1970
285 1404
1273 567
1642 903
1154 1246
1621 1012
786 942
741 920
1845 725
1352 29
1097 867
999 600
1940 720
1466 476
1153 1413
1750 903
655 281
390 1911
945 1131
279 156
1787 1599
1282 116
1540 1919
723 831
889 1756
585 1554
1639 1624
845 383
801 1500
755 1017
873 1459
109 292
1710 582
103 1693
751 847
1465 1711
1895 540
1721 279
1689 384
807 1677
356 924
1194 1192
1090 151
1541 1667
643 1811
1847 1814
1854 1728
1082 171
402 1757
845 379
692 1922
1477 1457
812 879
1651 1371
1014 320
1009 72
829 1757
206 1710
791 350
922 1164
719 1902
857 1748
377 1878
1188 897
1217 337
822 322
782 0
1440 893
434 837
1418 197
1971 1045
1081 397
1467 821
1143 1573
188 396
779 752
738 1758
104 712
1321 724
459 1525
749 1481
1139 1170
1534 653
196 88
1309 309
1627 334
677 978
1726 1311
138 1209
515 15
1844 1177
234 1545
1245 1660
939 1469
518 833
1202 1435
1252 1179
1623 1752
537 404
1959 1117
452 1325
1436 1788
833 312
668 525
1027 1078
591 1554
1407 333
262 1100
1191 1727
1722 1772
584 421
1585 1865
435 1914
1777 1015
788 1776
1206 62
1948 883
755 387
1516 37
618 1697
1645 82
40 284
714 1052
874 68
442 1339
1699 1012
583 1422
1564 55
1166 716
1684 1491
1073 417
1266 1173
684 1565
841 1515
1269 1778
962 1646
1630 1984
1964 587
979 674
804 923
1694 1131
1529 1576
1264 236
985 862
1414 346
1388 926
675 1972
1723 817
864 700
1516 776
1031 1151
1333 1144
656 1233
519 1443
746 1592
855 1093
543 545
1545 447
1105 1408
1390 703
1277 1556
173 920
1347 295
223 1963
1564 919
1777 169
1268 1893
632 1359
163 504
1127 1413
870 1232
31 1521
1899 0
979 1383
1390 581
620 1398
1711 712
1496 662
915 54
823 23
717 1207
614 594
913 1771
253 30
459 1133
1724 161
1977 430
223 423
812 1695
841 1149
1125 549
1322 147
1307 1839
1848 1504
926 1818
913 132
1645 912
1656 1451
376 114
1935 1767
1283 1733
1977 1319
1702 1321
1987 1261
1493 692
244 1102
1458 1173
1062 27
639 1234
1004 1962
69 1448
629 1405
1666 1012
1852 1913
60 374
581 49
440 114
432 997
480 314
1817 1968
685 1754
1417 1702
265 162
342 1464
862 1889
1483 1169
1212 906
623 1211
753 642
304 1418
339 33
1217 323
286 470
1661 1245
1556 581
492 1397
497 664
327 144
1764 349
1185 1449
395 1046
1106 1290
1192 1412
688 14
1503 320
785 1485
386 1721
1445 70
888 536
272 26
982 1197
714 1387
617 369
1769 1670
1130 1146
638 1291
1515 970
1495 1031
523 1389
1269 900
1087 1932
538 1026
1951 639
260 1683
876 1666
70 617
1410 790
545 217
1994 1602
1890 23
368 1984
1154 749
1796 109
1360 1229
425 1392
1431 291
1339 827
1705 101
1367 1758
1187 616
1614 207
1094 1431
1171 892
901 997
75 777
520 70
143 375
1890 959
490 938
1385 1202
1589 1341
1170 317
837 1405
1334 874
1732 1448
1925 1139
428 397
1681 1812
1831 606
1258 892
1838 965
843 1543
1068 1784
9 1434
390 1713
1943 1458
1040 1285
906 958
27 1930
245 277
1439 1292
1870 1978
106 1537
1001 898
833 251
1874 1670
383 587
1291 120
1872 1035
1184 1072
1557 668
1770 1882
1118 838
688 1039
1279 542
1417 1997
1149 1464
377 488
754 50
704 1628
1330 1309
1620 551
821 944
1819 1540
1114 1639
956 1544
664 458
208 773
1113 1522
1189 1273
1310 1384
398 556
1944 379
446 37
46 293
921 243
1932 557
1727 1793
372 588
1109 251
1661 880
1508 1381
234 905
1029 1288
1133 917
1399 745
767 1901
1632 974
53 1299
1198 640
1993 1595
906 1249
1358 1998
1698 1561
280 1614
392 417
1476 1003
221 1341
1443 1646
590 1269
830 1201
1982 778
957 770
500 1572
1189 139
727 1662
780 1330
1491 103
1280 1196
559 587
785 699
668 215
259 1681
698 1369
503 819
592 1523
965 821
1750 1005
955 1244
537 875
60 1358
277 1937
1618 1441
1119 557
335 1387
1879 1188
245 1722
520 152
1241 1069
859 1797
1245 844
229 816
1348 377
812 915
1508 143
395 315
1932 1623
1928 1495
600 1500
691 1747
721 1667
587 1055
1650 1540
1644 1788
1951 694
878 147
355 930
1777 610
1089 0
1081 1461
1320 1384
329 1804
1146 1896
1087 1671
1024 868
1682 974
1732 176
1675 336
526 536
966 1002
1990 985
336 1362
1063 470
548 1670
862 1482
411 426
297 1247
1663 356
1530 648
1940 865
664 1328
1678 162
1460 1584
73 446
1308 1568
1654 610
659 1923
809 1640
1156 1096
287 416
388 812
1621 793
721 1469
492 902
461 446
1674 1761
150 164
1451 908
1748 483
1666 442
363 1689
767 407
1843 837
1202 506
494 500
1115 1528
1581 1356
331 621
1959 837
1333 1148
707 1120
855 698
1437 1112
643 1323
1806 137
1703 1520
1120 305
1873 998
311 628
310 1600
743 564
814 1076
888 937
305 502
872 1871
1866 1218
868 647
13 199
1205 641
1947 1455
378 905
987 800
1281 911
1248 880
40 1192
51 459
1608 41
393 1962
598 1197
868 573
1788 1861
208 820
170 1754
123 626
14 1526
82 1183
1213 113
1963 240
1976 483
1000 978
166 682
1625 4
1510 735
1219 1737
1842 474
310 165
793 969
530 1566
173 102
1349 646
1504 783
836 177
796 515
760 558
1053 1116
239 1019
853 480
1394 1703
1221 485
796 411
1117 1303
1688 1040
1327 562
1168 1226
1365 895
456 305
1619 1739
1574 483
1184 586
1225 660
1049 1012
814 1279
1678 311
915 1772
199 1397
327 226
377 868
1010 1978
214 1614
1470 327
1550 1976
1161 146
682 796
576 941
1693 1868
1689 1761
936 645
1586 560
691 884
368 920
371 1641
1919 1849
659 1126
871 307
1676 1284
1 752
1953 904
509 695
1290 1543
636 1664
566 1248
1810 1039
521 311
1020 244
297 152
1732 396
1645 1825
776 1998
800 383
1690 1620
1681 997
1820 186
1907 445
85 582
828 289
1681 1637
1228 294
1790 972
1330 1957
1470 252
1743 1026
713 939
1591 163
293 1473
1123 1671
119 603
1999 552
110 22
221 1801
1046 300
1431 460
1764 1496
477 248
1018 1884
1331 898
1095 1800
1031 155
1009 1155
1035 1602
1856 1180
908 447
709 1180
912 437
1427 140
271 380
351 483
1477 1911
13 229
24 1646
1078 1730
771 117
851 1804
1156 1993
1017 1865
1174 1311
1183 1192
577 1320
1817 1025
361 485
674 1446
977 1439
1137 1210
1523 1860
1955 1468
339 1832
1826 731
1030 1192
1518 885
1204 1903
1766 717
1454 944
1648 256
1270 996
1308 227
617 15
1855 1670
210 314
1870 1451
661 943
253 1442
1350 1667
1866 36
855 1515
1186 637
862 775
1791 805
308 572
1265 533
1056 1592
227 1603
234 588
176 1034
983 969
1853 14
1845 1526
920 319
593 1670
1014 1890
1178 1813
613 770
431 1955
1480 1366
918 813
1026 818
1295 839
1084 56
1681 576
26 1690
1667 257
1161 579
1573 655
942 1720
1265 1411
216 1387
15 196
773 104
1844 965
1184 696
1846 175
1949 243
1755 62
307 1975
1993 1862
235 1353
1530 1219
855 585
933 290
355 650
34 1565
528 723
1932 1509
1357 443
835 828
1545 1279
1419 1297
368 176
620 1643
683 642
1873 1916
1379 1386
1291 1956
822 435
870 267
485 966
293 140
1297 470
879 813
1574 1084
101 801
1464 857
1882 1317
1537 1262
809 1016
1372 761
784 925
75 1330
1321 1279
185 343
1934 597
1139 686
870 447
42 1042
394 1568
965 1297
1469 257
188 1618
476 1386
1637 169
542 1842
1888 676
50 1095
1922 1226
1782 1245
978 1490
699 1529
1802 1678
1776 668
106 1033
1046 210
747 741
1642 884
1074 1302
1402 1100
25 944
615 1710
1201 1094
134 842
945 460
526 581
1254 1424
1396 1299
1781 54
1196 1373
866 503
735 7
1164 1641
413 743
1635 1774
851 217
1103 1786
1234 78
1097 793
1962 1325
199 490
1081 1822
41 199
1876 951
407 221
1367 525
1142 1767
451 328
1881 1841
175 544
1818 1792
1011 1541
306 1317
1212 239
1365 1953
1780 1292
893 130
983 1368
48 938
1419 339
268 535
773 888
1454 1778
797 1352
1201 212
513 1827
459 377
5 1718
1781 104
470 602
1480 532
343 6
1249 1677
512 1945
821 1738
1502 696
1011 1297
108 1243
1275 671
1772 366
1323 1593
1806 1877
1790 1265
1095 759
492 1452
19 475
918 276
654 1045
485 340
1276 469
1931 356
785 695
313 445
618 1112
1913 1998
950 732
810 858
1967 104
524 1359
1662 1061
149 194
535 919
583 1672
1877 1618
206 708
1246 839
69 1920
1289 622
1350 1771
213 588
1524 1456
147 1644
658 1118
1290 386
1682 1736
587 1044
1198 1769
1771 1152
753 393
1686 396
1044 101
780 274
1979 1242
1554 1051
1473 105
1050 938
1359 940
1409 689
1421 1191
1008 145
258 1193
898 1337
1270 1606
1938 1401
1527 807
1731 1309
1991 791
1735 986
1863 1541
189 809
412 45
30 38
1423 1704
458 1634
1546 266
482 1309
1334 918
611 1136
1956 1534
1934 115
1536 94
466 1839
647 1240
1080 789
1422 321
1531 1006
562 28
446 1802
1187 1082
1133 692
1594 1585
1010 695
43 1545
1744 162
1214 393
1764 676
943 1010
1830 1547
1110 1821
1133 690
1391 14
1018 1562
562 467
314 1816
1406 232
1869 966
756 1658
185 1158
152 846
1524 851
1187 279
1427 353
1717 1490
1511 1339
1040 1547
469 1343
1128 1123
1974 686
1265 1228
764 260
1193 1862
470 773
1589 1330
369 1644
922 820
1660 244
1383 162
347 969
1634 1084
1553 1405
1347 1044
734 1922
705 1112
1518 1286
1210 1669
1117 1392
1711 966
1624 1490
1001 1106
476 1991
1039 1051
100 640
133 806
922 846
189 525
1748 81
376 974
379 1126
1068 1898
1887 207
1528 1045
1774 1004
639 195
1802 642
232 763
621 204
1407 1725
1989 1656
1567 907
955 720
299 1157
1352 1126
1182 1728
1363 111
1355 859
1981 1128
923 1447
761 901
345 588
1953 879
40 1219
1878 163
1855 1201
1407 1336
1734 266
848 188
556 1298
1888 208
160 1950
1717 1683
1539 853
1739 1208
614 1133
1346 1978
308 1454
619 1587
1313 1394
170 551
860 616
1201 1274
1928 1472
397 889
473 1985
325 1924
329 64
161 484
1905 1163
1965 1958
365 624
571 157
1776 283
409 446
1367 54
1278 1424
30 210
518 250
1617 144
1767 443
1256 1073
827 366
237 1076
1138 164
1428 352
1784 1839
49 1407
483 1449
119 1618
401 159
162 288
1479 1151
1577 872
122 1921
146 1434
1997 1049
1193 734
1209 1594
524 1894
192 1834
862 1382
577 646
1308 847
726 1750
1977 884
486 602
349 377
1758 1765
1329 178
1553 1968
367 680
1360 127
1202 201
1485 1829
590 1950
407 1835
1408 678
645 1248
867 436
1528 1224
1529 47
1962 18
1477 248
60 8
1495 1689
883 675
487 1599
51 1210
1136 74
1978 325
1959 904
1302 231
1677 814
134 1484
1433 5
1180 829
846 1242
1919 1607
1905 444
316 755
1405 233
512 1508
830 1061
88 1910
1435 558
870 1677
1434 990
1813 628
1222 1822
1346 1455
1148 758
1734 663
1726 1761
181 389
1120 21
1773 891
1895 1769
528 1935
435 613
1667 316
1865 1756
775 738
1899 1940
818 328
1024 1418
1857 443
93 438
153 1531
1953 1258
1449 1131
77 805
901 365
1242 735
1313 1350
1929 53
580 607
575 247
34 761
1844 818
130 66
286 1879
534 135
1928 208
1631 1501
1563 1095
1890 299
476 702
756 240
1779 1706
446 1823
904 1078
725 1693
1008 982
515 1104
193 1816
1104 235
1332 1919
1552 1878
569 1232
1206 1755
172 543
1324 1779
938 1463
1956 1983
79 1573
78 1388
1231 1407
1374 1126
590 551
950 1744
398 419
945 54
772 1388
114 193
263 416
1588 1966
1944 286
1389 1663
1091 1222
1595 1881
668 899
153 181
710 1332
1313 1784
994 354
136 954
1959 1205
1484 887
1364 168
1003 1045
1287 562
1049 1389
166 435
74 1027
571 779
1362 407
1962 1921
813 913
1230 857
209 1071
82 1229
1 1172
1469 717
1437 343
1445 711
1075 691
1271 1460
663 1875
57 1552
1480 1398
1449 1087
541 172
1830 262
1043 389
1347 458
348 251
186 859
29 336
1535 214
1016 1579
756 1898
1615 1659
1045 58
958 1738
1749 37
1659 1226
508 1974
1800 1309
1608 1713
687 1448
63 1905
607 708
757 1970
129 1988
106 743
1253 874
556 684
507 770
392 427
1926 1661
1637 1942
1674 1899
1156 1083
442 449
200 1138
345 745
567 1092
1656 1256
1456 861
1930 120
1800 125
603 179
439 629
151 975
1466 1873
925 1741
806 439
1998 385
240 755
10 1507
911 320
1861 1426
481 1882
523 241
792 704
1647 1024
1414 1004
66 397
1797 813
1165 1192
353 11
1935 1536
932 220
1961 563
139 1364
911 0
1748 1065
1161 1093
12 1651
576 1536
1799 1083
94 126
1457 206
1148 1912
159 1394
1917 799
509 1873
1404 261
1774 594
1515 935
1720 1654
473 27
591 1636
1944 1063
137 1274
1980 1875
1534 28
908 1718
522 48
1667 370
1562 1960
1810 318
1283 667
835 1514
852 902
639 1171
51 986
71 18
1027 1670
483 1435
1699 390
408 479
1763 1621
298 558
1957 1741
402 1639
1351 490
89 1107
311 88
561 361
1625 1056
1136 995
892 401
1787 1051
854 860
802 827
1155 1416
1645 1116
956 659
1184 209
1584 51
1885 476
841 1016
940 21
1074 284
887 686
1996 261
1367 1450
280 847
1250 1749
1665 904
1652 1559
899 105
764 594
763 109
525 5
926 1165
1602 25
1881 471
771 528
1348 1634
1109 1048
76 838
362 1371
418 1773
1469 608
117 215
153 713
312 1580
830 950
226 341
1776 1738
1663 446
275 1820
1515 1645
772 394
1442 1131
71 949
1528 948
1952 894
459 386
763 1560
479 150
1104 1047
1527 203
1297 1886
1983 386
1234 1751
378 1971
1888 342
1446 805
1551 80
1043 1360
1650 1957
1798 576
1804 1026
298 1011
1124 948
1761 379
535 1398
1748 1182
1230 33
1209 1225
623 1862
1489 228
436 152
1108 1249
78 1878
32 1713
126 1590
1905 1339
633 1091
724 1728
61 966
58 1923
1910 1305
1461 150
1923 1109
1168 1410
1159 393
59 825
1189 342
1468 1313
1682 1089
1787 917
1788 1402
1475 156
1641 1542
1920 382
1978 1527
1809 1935
1517 1655
620 1577
239 1739
155 33
1163 22
1637 637
464 1064
1568 458
423 739
1499 1190
1340 995
1428 568
1029 1213
1109 549
1107 244
66 1893
812 564
808 1714
771 137
1726 856
1611 1546
1419 1626
36 1637
970 1517
1309 926
188 201
1526 1062
1325 1987
1310 1530
90 1828
1819 1772
1984 1734
682 1695
12 1876
282 999
1252 1164
59 1797
213 88
1789 791
354 1968
844 1632
769 1030
1719 595
1092 1343
1416 1976
516 1165
792 1937
1404 635
1850 798
761 697
1426 1892
361 1100
244 1589
760 1190
322 743
113 1442
1149 1719
1198 1488
875 866
1360 1670
1027 1390
1314 1055
610 1144
1330 145
1580 1727
1923 166
1211 1912
214 189
1500 924
806 188
279 1370
946 899
920 374
1048 1191
204 136
1727 57
1812 1313
1747 1782
727 30
1842 231
227 514
1710 1126
864 1300
692 381
410 890
1202 1312
1226 1906
44 1716
1809 1229
341 273
634 928
1895 915
580 396
1645 1795
645 1050
65 483
317 1064
1166 914
1106 634
1147 1432
1866 590
341 1307
707 1732
269 765
995 634
1778 1334
1025 1786
495 1963
1402 1936
548 124
290 130
1239 27
445 1902
1704 411
1437 498
354 487
1224 1020
203 74
553 1285
1707 1374
128 200
297 1196
945 1323
1846 10
7 1907
1970 1647
1060 928
776 491
1394 1245
523 1774
65 1298
1672 1863
502 1462
260 789
437 55
1875 991
298 267
794 848
1529 353
1978 1654
661 473
1461 1624
738 1220
1438 1931
1640 1869
1974 571
230 1704
1070 1982
1779 1026
1083 631
370 747
862 1383
1896 93
165 1792
1013 1112
1322 1791
263 33
316 1311
1087 1682
666 467
1260 1865
256 1091
1052 546
1941 1633
866 103
1711 661
970 1332
1528 1461
1285 1918
1699 1078
1284 524
856 1705
604 1693
782 1682
1749 576
1472 1416
807 1785
1528 575
1431 110
1870 1530
1591 1707
1171 1444
1274 1309
1113 1389
1077 1901
692 21
1356 1007
1116 849
589 1282
1622 100
594 681
1985 358
726 1921
980 960
188 1282
663 811
344 23
1788 557
399 19
475 956
1301 1874
1762 474
1237 1562
1562 1143
797 762
1249 501
38 1325
27 1428
737 821
544 1887
1859 1556
1337 1128
286 292
880 700
1120 801
1749 1811
399 1818
393 1162
154 234
69 1061
1076 1337
1457 1291
73 179
1057 612
598 1747
1635 381
180 398
663 82
1144 937
1193 1704
1210 236
600 1167
1356 390
1648 1185
537 1844
701 1945
1469 366
540 1367
1524 1579
1847 209
1117 196
874 811
1148 1093
1294 527
706 1682
86 374
1966 1741
1737 1796
353 756
264 821
1640 1654
705 1745
52 262
491 1917
1830 1408
1677 860
669 936
1023 90
1180 531
951 1345
809 924
404 1923
372 1527
930 701
107 1770
597 233
150 343
422 326
1659 1542
111 1097
1012 86
73 666
1920 519
1292 142
307 1164
1059 783
710 940
1936 1141
351 1720
829 17
293 1280
1984 1628
1535 1181
1286 852
910 201
1761 614
1869 1566
875 1695
1985 1892
435 164
1407 414
366 788
1853 913
1825 509
1183 1762
1164 1723
1019 912
1554 141
455 85
1248 1944
403 1216
1521 1665
362 717
1194 1483
1029 1273
457 678
683 1536
477 790
596 1462
1430 1347
1544 634
404 1616
857 474
742 391
195 678
1691 1260
1042 891
8 197
1194 112
425 718
1897 1770
970 6
758 567
1971 1058
131 1022
1776 1410
1233 1601
1214 1907
1976 1258
1619 84
1488 1943
1356 541
658 940
457 1406
1891 1245
1832 1392
822 76
358 270
1358 1608
26 911
477 1824
508 17
702 661
119 921
1734 637
853 777
1422 1856
1795 229
1405 1276
1411 266
1709 108
1785 348
1289 377
982 1221
1793 1335
1269 1017
1252 1095
1765 744
1956 133
655 1047
669 912
206 1721
1157 1263
1954 158
1953 1241
1171 999
979 1224
808 744
329 132
1028 1443
1325 1075
1722 1492
54 1642
1950 1816
943 338
1821 716
839 1549
738 226
1563 260
844 1732
458 740
17 1882
1176 256
53 291
674 791
411 1952
75 186
1123 1870
535 1973
1026 643
311 703
1869 1387
1402 1892
1762 1161
1490 205
1523 1586
998 1299
636 245
1547 1746
1219 916
1528 1520
451 1522
635 899
1602 955
170 53
1614 1261
1107 1409
745 577
118 1212
1558 1438
866 1730
1735 1169
1959 1047
563 881
961 256
1709 1626
586 557
1712 600
899 1350
112 1820
801 440
1544 1943
351 1297
673 165
493 1229
1308 443
1209 1575
1570 1484
1592 1486
1578 1360
2000 1807
528 549
454 445
639 523
475 1820
1915 1469
1372 881
1036 699
1610 1311
1755 420
972 1971
1677 528
837 1589
3 832
395 1296
266 179
457 950
597 683
364 788
970 277
228 542
1745 192
1453 1642
1503 1341
1271 852
182 459
619 206
1568 837
816 436
38 977
192 1297
172 965
671 858
112 1787
1749 97
69 653
261 342
1153 1936
972 1235
1624 779
1602 339
68 357
983 1158
1489 1102
791 870
1160 1938
1453 1423
1902 896
694 1978
22 477
1015 1854
1416 301
1836 1865
197 1231
1104 1808
1713 1728
1774 1614
532 1343
782 772
1414 831
801 1009
801 135
1835 427
1837 842
1939 99
826 1003
442 1008
934 367
307 1302
460 128
1247 1799
1291 2000
486 1063
974 1827
685 524
341 1
723 1201
742 1352
614 405
1987 1529
1213 86
1478 1774
181 1610
1739 1372
314 1184
1895 808
690 781
824 232
228 95
1438 1454
931 199
1110 1620
526 269
977 1241
74 1319
194 940
487 1648
1203 1086
588 1187
1129 491
618 712
1864 1849
1759 518
1996 770
660 298
831 1584
1492 615
1061 644
808 12
1443 1999
874 19
1151 681
1362 1032
856 1450
118 1817
18 1829
1596 820
1548 1741
55 861
1292 1266
85 1201
749 599
1726 1326
227 1570
832 472
1549 1599
875 1608
501 1577
1290 170
882 1028
1230 285
1439 1114
1651 1147
1370 810
108 1402
426 446
1736 1508
186 1206
718 777
196 456
155 1256
1456 1495
970 104
1314 1866
139 1798
949 1295
1691 523
1096 797
315 670
1828 553
1431 1817
1628 490
1456 1484
1408 1233
1320 1845
239 1779
1591 1984
121 144
495 77
1818 642
1498 141
60 911
463 779
1632 1567
942 413
357 553
1294 1127
265 472
1194 1986
558 1252
1880 82
192 1734
811 199
1055 485
142 925
456 1096
1107 315
1471 1942
726 1191
820 465
785 1846
1529 1105
255 1514
1786 537
750 1196
1383 412
1874 67
3 1499
1875 1200
520 1095
1171 776
377 1662
692 785
1614 1105
61 977
230 1072
627 462
793 1012
836 1212
693 1036
1875 42
139 1354
2 960
1704 829
1751 284
203 1458
128 1862
569 1498
432 500
47 864
1625 24
1915 1286
1788 789
1032 816
1448 494
1769 51
1477 302
73 864
1329 1290
453 1131
346 852
1150 1313
156 514
1121 1856
262 11
255 1314
642 1228
1044 214
1514 596
1972 218
1351 998
961 216
1204 322
16 331
460 988
658 244
200 1157
1244 1346
1636 612
868 639
1850 447
12 1331
600 1041
225 1955
1010 51
1997 1574
179 20
732 352
1674 1269
697 126
1324 1700
1200 601
1717 1807
1810 1905
587 1313
955 11
1163 837
1635 49
286 1754
769 1591
901 1646
1499 1625
187 520
1733 191
130 1611
1293 1386
667 402
56 1597
132 1182
1828 1393
548 783
1684 585
807 1371
123 1550
933 736
5 110
849 424
1573 1352
445 1474
1264 533
138 1341
899 1144
886 458
784 634
1749 1254
859 932
434 740
1853 1632
1393 1636
1708 1533
1178 1657
1698 1473
1202 769
717 470
1016 340
318 1192
283 1730
804 671
482 613
1159 1457
508 1672
1830 187
864 1582
937 733
988 1029
913 985
221 1260
1629 313
1234 185
445 1276
1456 873
1665 1476
1746 54
1513 745
1445 196
1817 36
853 1208
595 1468
787 519
80 85
1497 1245
710 565
1811 793
1026 1064
1389 1413
753 1447
118 1956
1874 695
965 409
78 1894
1091 1856
619 1349
1066 713
963 416
1604 1438
756 894
1527 239
256 1574
1406 1510
277 1146
1693 1166
1522 1337
684 1685
1170 214
1503 1800
941 1166
480 347
1345 614
1683 1955
1844 169
550 373
1956 1523
939 1151
913 1897
1439 1003
782 82
1001 1579
1438 1740
835 881
401 687
809 1262
734 1827
864 1304
1046 202
1664 1878
631 9
1585 1515
1866 530
1384 1634
168 358
1141 1408
607 871
285 862
371 756
1447 1565
1544 738
543 842
1920 691
39 1136
176 1924
1926 697
301 82
916 642
1020 1741
470 90
228 1954
350 1891
259 744
803 972
666 881
673 1633
1779 1629
1769 1271
503 939
1727 1919
298 863
1629 494
1264 513
1877 757
1199 260
1142 1640
1809 1966
1973 905
946 960
847 1685
1604 1483
831 1552
1406 860
1128 1348
1033 912
1993 1121
551 1616
730 885
646 273
1044 1945
1878 1327
375 267
989 677
1641 244
564 392
953 754
1887 902
412 347
676 380
1525 657
1646 558
1745 415
1303 566
1004 1983
1985 496
757 963
517 235
968 769
1531 1677
333 160
263 1641
375 1229
853 143
1527 1562
1657 1979
560 1571
1626 1164
686 341
1217 1895
483 203
999 1808
464 787
835 1402
833 1082
983 268
368 570
1699 65
563 39
973 880
1231 119
1958 722
852 868
206 1035
1474 1964
992 1789
1579 1795
1783 1788
1821 245
1592 338
627 741
6 1309
1927 1016
482 1410
1003 199
1845 1516
1669 604
672 319
1953 32
280 1060
55 0
1448 1314
824 199
808 275
1543 377
1754 1396
1639 1907
688 1399
1440 469
737 1496
176 302
1376 733
1177 1689
1803 102
306 1610
1221 236
455 1406
977 620
1787 1919
1639 775
502 423
1131 1751
25 1788
285 1203
1569 498
433 1205
1061 1234
1811 969
1671 951
690 157
1167 441
1541 1148
1560 1119
1996 1513
608 1823
483 969
26 1697
1592 1
1722 424
429 1218
1386 695
1981 59
1194 336
104 1034
604 64
460 537
1690 1446
1277 989
1557 990
1190 945
597 1893
1130 1029
640 1309
1396 874
1226 1569
1162 1143
212 790
297 553
1450 1987
1511 928
1858 370
398 652
377 472
342 1971
658 395
360 1779
338 834
913 1860
1734 1092
1145 578
1879 424
1264 1483
1706 1985
1390 842
1624 596
139 1600
1758 474
1824 1821
1828 1702
1729 575
1897 521
19 133
847 716
1736 1105
1224 1865
1933 1932
251 1272
1401 1123
1918 1247
1390 320
1686 1896
951 766
1539 156
1609 1067
129 1224
1315 655
1395 977
1662 1137
1662 137
596 73
1746 901
1858 1007
880 833
1611 1232
1652 298
310 1099
769 717
1802 1038
1440 598
1539 56
1351 1503
1992 864
1522 398
1016 502
1920 530
1205 1867
1565 881
1264 706
947 1444
94 1998
1012 211
17 802
493 122
98 444
508 536
573 1269
479 644
1242 1855
842 363
947 1743
862 464
781 462
1242 623
1112 286
1862 1549
1488 1136
1228 1646
217 551
873 283
30 1517
1127 1576
672 1668
334 1233
392 1735
1920 780
1035 200
1486 291
535 1386
414 907
948 961
439 1502
860 2
989 505
844 708
829 1508
9 301
37 1610
1898 603
1510 1904
686 1819
748 775
644 1963
183 685
1064 852
159 1216
1058 138
1770 759
1358 1959
1455 1823
1762 43
1686 503
1492 11
452 566
792 1162
502 1101
942 1158
121 1307
353 1190
555 1396
701 531
521 1672
1873 390
131 516
378 142
687 1920
412 1064
265 1590
1255 1962
72 1885
1552 1634
887 862
354 76
705 893
541 1286
1463 1348
790 1317
231 79
1252 615
1265 152
591 1442
59 647
716 1040
799 157
406 1858
1168 321
1344 1312
80 280
250 1535
1299 233
1408 1974
753 715
1984 932
38 751
298 1089
1287 1651
1735 1461
262 1981
1936 488
1106 383
1598 1647
315 858
81 1772
1891 1832
647 1765
1380 1919
1970 340
1779 1275
388 1966
280 1411
1139 951
647 1482
531 507
989 680
1759 1166
1542 286
1101 504
506 1321
1038 1239
1447 1187
1930 1867
891 1879
933 364
333 536
1185 1176
1792 1605
129 708
1947 2
1196 1570
1943 113
1746 1963
1793 1247
674 1930
1472 18
888 1121
368 599
1715 1629
700 739
619 791
78 1150
359 1794
597 1965
1879 454
119 1239
1950 325
1475 674
889 1556
1024 254
1552 380
1330 24
896 1097
78 1826
844 348
1082 919
504 237
512 1180
251 624
1558 1176
1272 1773
1662 1943
1774 752
1010 637
833 737
210 18
552 1377
1424 508
546 1089
1814 1590
582 1095
1569 256
1120 1800
1406 1733
1071 119
898 1445
43 595
1925 1046
1404 1668
989 1965
1282 337
1940 1758
214 1382
636 1629
1225 1859
1937 688
293 1294
821 1421
1 1849
85 1309
563 1394
388 1203
901 1149
1012 1926
235 662
1858 1597
995 1025
1750 410
1344 657
459 1648
1796 1194
1260 914
1407 399
875 1641
436 1583
1077 334
969 808
1481 1872
1931 455
1204 1917
151 1569
838 1601
1559 1537
394 1819
216 19
274 1364
648 688
341 857
1738 772
1141 489
295 1290
609 1860
365 1022
779 1208
1441 1327
1978 1149
1738 1356
528 183
675 476
1473 585
823 551
20 554
872 53
1246 1545
1578 705
1915 1449
865 1745
86 997
856 1480
123 1647
768 1319
768 226
214 1541
21 11
905 175
181 1243
173 851
1019 313
1524 926
429 1399
849 1258
1911 759
131 4
976 809
693 1032
1891 1379
464 1292
432 1925
1726 799
526 1076
1350 511
3 351
565 676
1790 67
1451 910
1128 114
482 1932
1665 776
1601 1869
1855 655
683 1726
1092 1452
1971 1066
48 1936
1443 235
1868 136
954 1238
1600 1009
1697 534
559 1660
194 1553
1389 1094
1625 348
1979 771
704 620
1258 324
1541 1953
1285 1638
919 1170
849 570
23 1363
1397 951
1807 1911
1063 1720
612 5
1924 234
383 693
1293 697
862 1130
1971 832
1742 229
460 745
129 1787
1924 1709
435 1116
1095 1471
770 191
644 1075
917 1365
799 1278
1587 1478
504 1337
831 18
1145 1943
1443 255
1072 1718
1686 590
289 1761
1243 635
1214 1664
31 1205
369 700
1567 1151
469 1487
1490 72
1008 900
1433 1283
1404 705
1239 1747
674 1696
1769 1563
1779 749
1373 1744
408 242
1191 1166
958 737
1013 534
1260 788
368 862
938 536
1775 157
717 1691
1910 185
1612 1067
1230 175
817 1519
152 243
184 145
162 482
844 67
1889 1410
439 1507
670 1406
1791 820
946 801
336 1981
814 644
905 1864
513 279
1459 1971
699 381
1549 613
279 699
32 1425
449 1166
1232 67
1006 1821
749 471
1026 784
883 876
1976 747
1347 1957
217 1192
29 694
1392 1275
1181 1461
556 1021
1361 185
434 931
99 132
1638 991
316 1452
1978 1302
1577 74
1513 69
1704 1223
864 1859
633 569
1932 1242
784 1781
1661 475
1387 851
1164 1993
1533 72
618 1582
1832 1727
731 105
1697 1693
1606 126
1386 1237
715 671
1443 1710
1457 865
1037 1724
941 435
1983 197
1217 435
150 403
255 434
1238 541
978 406
1130 723
1817 290
636 1309
1499 467
330 266
323 159
264 879
1341 313
715 1994
413 1458
751 1833
910 199
413 1045
786 1285
397 497
950 1997
1364 672
1203 1300
99 896
1944 1343
530 1670
1734 1608
1581 589
62 1864
1620 1776
1521 1204
1883 1208
1963 450
693 795
570 795
1632 1380
1247 1846
1852 1269
226 221
84 1240
734 400
246 1450
629 155
100 47
226 437
1877 1942
1133 555
856 1946
1670 1529
1548 1675
59 734
528 529
676 824
1914 1403
1476 29
465 345
227 1210
1696 1195
1262 1159
493 939
1351 1207
1118 1321
443 1911
1074 1049
1121 408
1663 553
1959 371
144 1068
641 339
250 265
1378 1236
1782 1741
125 746
1918 1485
1319 1127
1952 941
1830 1897
1527 394
185 163
1255 1984
419 1079
1375 1131
1522 1723
1103 1084
49 1359
1832 1265
821 1136
410 383
1045 606
122 754
959 233
1748 59
781 1264
1985 264
1242 842
1145 1237
1954 1924
78 1759
1547 1719
1443 1401
150 885
388 1655
827 1103
1697 1806
1792 1671
336 1531
1394 565
909 1554
391 223
253 1926
1276 1098
810 1675
1687 1720
944 153
154 302
630 572
1601 1724
1812 1048
171 620
1918 687
1716 1724
1735 953
457 1243
1618 1438
1039 1328
1345 766
1604 205
1257 177
1051 384
555 342
1780 1162
111 1803
668 1022
872 1370
707 1456
1383 1433
762 1011
132 1742
389 860
1049 1320
831 1510
17 665
1401 750
1368 1225
670 1246
883 1583
788 81
1168 448
1982 1768
1116 1272
352 1921
1459 1597
692 1763
722 1999
344 1595
329 2000
1754 1954
1125 855
1273 1081
1453 1069
1703 8
675 965
1198 833
409 1664
229 781
870 1503
1443 713
1314 271
1074 473
296 291
1864 1245
1297 435
90 1083
838 961
1142 1776
858 1042
1887 1890
430 960
317 592
1478 1944
1021 766
919 287
115 1701
985 1852
879 1740
590 881
254 1309
1212 591
1670 1246
1219 925
1196 1687
410 398
1695 743
149 536
172 643
778 646
1301 1515
1373 54
1063 127
483 1625
1492 807
56 823
529 96
665 1148
697 908
404 350
478 1475
632 499
1455 300
1998 936
1825 675
1138 202
1198 1964
1959 869
1853 696
342 1261
1607 112
1324 1857
99 985
81 1517
1385 431
481 605
779 1116
877 763
1737 1386
1426 1737
631 1748
1657 685
1523 1244
46 484
1453 1605
1133 1971
1105 1998
1861 184
934 118
554 1761
1445 1965
22 1541
749 156
1592 915
1294 1740
1277 19
1281 983
1878 1843
1970 1963
903 1105
427 1611
1672 22
740 1262
1558 1174
915 571
473 1243
1596 159
988 1563
1381 1723
1411 327
1364 1489
786 687
762 1225
1966 1995
1812 634
1426 484
1404 80
768 1835
591 820
234 840
195 630
637 749
1195 528
1755 1309
413 414
19 1985
845 1982
1601 346
357 795
477 1046
496 1634
480 563
1174 1879
1034 65
49 815
425 865
1899 1380
605 1594
125 1589
1492 466
484 716
148 1842
1125 1447
891 1245
515 1050
1443 1670
1670 1499
961 1585
898 189
342 1695
36 337
776 1213
1493 1138
3 926
960 736
1702 1667
1391 1551
1975 448
1376 226
669 1918
1661 1683
904 449
1730 1182
603 987
78 1558
648 1414
1563 1243
1616 1857
1171 1333
50 89
477 1072
1498 802
520 562
548 29
365 883
480 1767
469 1533
846 748
1974 1095
1979 71
439 1455
1438 1642
675 1336
1613 1753
1841 351
1467 1411
1419 536
433 1044
949 1754
1844 1167
608 113
433 572
140 949
1034 582
1679 1000
1959 767
1759 1779
1541 1835
1027 401
1313 693
812 1413
734 169
113 1311
565 1840
1734 778
1155 1864
49 955
1978 788
520 319
1919 170
1340 412
1162 796
1188 40
1756 262
588 623
571 427
1860 1657
1630 1995
1439 1447
1945 866
1937 195
1420 465
61 1457
60 864
270 880
1094 86
1134 1349
623 357
533 435
1379 27
1722 1379
1933 1613
1746 633
848 1966
1707 778
1933 1614
503 1845
733 84
89 777
924 900
1859 1873
1429 1975
624 1549
585 1994
1683 36
1053 237
148 1158
1203 1022
1136 1691
1175 1638
801 1687
407 967
1427 1284
456 784
1426 1483
1770 665
121 1501
1001 643
649 1811
1651 403
1550 368
1082 1863
723 1029
1307 1992
425 1750
1496 347
300 87
1144 61
1374 796
313 1900
13 682
1728 916
1035 232
522 563
1377 1233
1710 518
1428 274
1088 1931
656 1269
1197 424
1460 1535
1946 66
1874 1713
1238 14
1135 1079
1138 16
1192 266
1283 578
1737 1859
403 1618
296 1951
1286 248
381 953
1557 466
1250 976
928 1265
28 1855
966 1646
1172 772
287 1371
1206 1006
1295 1085
1869 1241
376 1499
106 1408
1106 278
1101 1978
1386 747
872 1653
641 454
1430 1465
1588 1818
932 1540
1428 1960
1998 1565
185 1766
1841 1371
667 708
1979 1643
783 1606
1312 1898
237 364
427 1182
40 816
555 1103
959 874
822 1836
361 313
836 568
687 835
1572 1774
737 1066
1482 346
1004 893
33 1912
1333 571
1009 106
892 731
1664 265
1524 1991
502 247
745 689
66 1134
1967 614
987 1965
568 414
221 1273
1454 87
1703 913
708 91
1999 1012
1032 1004
846 882
424 1695
4 84
956 1507
1642 153
759 92
170 673
462 263
641 1318
1205 253
1256 1925
487 123
1130 1284
143 706
997 1221
1228 1173
1767 723
1830 1153
578 80
1230 27
1252 1089
1495 571
1027 367
545 1007
374 1100
1233 1396
400 1765
1038 1619
1112 1745
1178 1737
1837 828
992 261
1955 533
1232 1794
784 1006
956 941
269 1737
702 1631
603 1788
697 449
1592 948
1551 1654
41 225
235 1826
1566 1267
476 1678
891 1619
1755 1119
1281 1025
1855 39
1677 1322
2000 636
461 727
108 58
1017 846
1686 624
1514 1886
1215 527
1166 28
1994 507
1184 890
357 163
1983 1718
1585 1909
620 205
1311 233
9 351
1956 1845
1541 743
1612 816
745 1642
1314 1420
1050 488
415 470
1411 71
548 1048
1791 1794
91 288
1634 545
427 1104
447 1280
418 1798
1488 1937
723 1353
292 1515
1355 1036
1137 916
1896 781
1810 1194
684 990
279 708
1825 1240
332 1936
125 963
45 1753
678 37
1946 676
432 205
1536 1492
488 1555
839 1025
214 1738
613 1507
623 876
1444 1058
1289 3
738 336
532 420
933 1709
1117 1348
1134 590
312 963
631 1549
1841 247
373 1415
49 53
523 1168
1709 1422
1513 304
1293 585
1446 1411
342 1049
50 1743
985 1978
241 675
266 1062
707 508
488 1647
319 881
1470 130
1695 110
1669 1749
1497 1784
1165 1168
1939 1722
714 1238
691 1622
1749 1496
1750 723
1896 938
1686 745
1327 1293
1677 1207
1302 378
392 125
177 1264
239 1709
264 791
1058 567
333 1557
601 1928
2000 613
1797 629
814 1027
1732 459
184 610
626 688
502 1636
1264 1936
481 148
1031 105
599 1079
878 1467
1492 1006
977 502
1670 1106
1821 1944
148 822
1728 832
276 1660
839 114
1659 1318
1595 1574
1630 1782
1648 1876
951 1120
1828 960
926 1720
515 1200
796 1484
472 294
1936 765
1672 721
1642 1565
1944 862
22 1055
1055 1750
1638 1426
605 1412
1551 617
273 1018
46 1227
252 1483
1450 1263
1344 62
386 1963
1531 1424
1544 1989
268 1648
1935 1273
927 682
127 1998
1714 736
972 1995
996 475
1540 1265
1068 1151
1714 1237
1717 530
368 14
1040 1559
1359 42
626 101
1553 837
1480 339
1128 1653
200 825
1656 452
995 1312
1326 985
266 253
1955 388
1484 1691
957 1154
621 1706
1838 813
1804 552
228 1802
50 1299
1388 1932
165 1591
205 668
179 337
7 518
1958 1172
484 1321
1783 1485
152 1461
117 40
1549 361
1360 197
1588 1201
1489 848
212 8
357 1981
908 1103
1347 1563
264 1847
467 678
902 789
719 1934
1603 831
1527 1973
386 1474
1579 1815
1418 1829
964 1541
475 778
1599 621
82 1973
1074 474
898 1687
250 1280
1499 687
327 562
1172 1683
1806 1766
1292 1956
898 554
768 1454
838 888
176 1126
1795 1980
435 1191
1244 1883
894 234
402 1482
601 1179
576 342
1971 1060
290 1090
780 321
370 103
267 249
1404 1172
703 662
1126 705
117 707
978 1866
449 1270
233 1963
1465 83
473 393
933 1366
1199 177
317 1422
1009 1608
325 181
1454 1342
196 821
443 1763
1185 67
943 282
114 1099
221 1057
638 1289
1940 1610
991 705
183 1702
141 1838
197 740
54 260
1322 1513
481 1510
139 1301
833 447
1326 1736
51 1321
518 1670
1599 1002
552 961
219 1839
1105 1684
1257 783
216 1675
1116 21
1386 663
534 478
1732 1075
275 67
1492 1037
1171 1987
616 532
877 471
356 1399
20 1976
138 902
1691 1603
1843 554
1628 1231
1307 1882
1436 1805
1892 288
1014 1175
981 1643
1017 418
1534 192
1723 1197
1142 634
1406 1342
1552 1588
1700 1629
698 41
1005 1054
1332 303
1920 1657
861 722
1818 128
1298 65
73 1337
89 1036
1301 677
1796 1104
1000 480
1702 1739
1641 1939
298 1780
986 372
1113 341
1299 1891
621 1386
478 1364
1260 732
1782 1629
337 663
95 1830
737 1296
614 1499
827 843
1384 332
153 1956
1912 585
1781 1225
1282 1726
1772 1594
415 661
495 1851
1884 617
987 1592
1225 1150
305 1409
1707 1889
1891 697
1504 1426
1474 1241
1655 561
1207 1324
80 1222
527 552
1775 868
393 1730
1204 1196
66 1594
1117 154
1935 469
1456 928
245 71
605 1730
1065 1748
1045 1235
1873 1780
244 716
1617 714
514 1520
1835 724
1930 1893
1292 1102
1961 1930
600 228
1071 333
1330 1353
560 951
1233 265
1417 1953
1888 1239
663 1631
1535 1057
903 900
605 1023
369 386
89 1356
1729 1825
1390 1233
1112 972
1638 553
829 179
1596 1457
232 1953
1830 1600
495 66
1435 295
1015 1913
1362 1535
227 712
1410 317
1860 257
620 456
1949 1903
1308 1636
188 531
919 1879
461 1052
327 329
522 1293
1299 51
1319 786
182 796
1146 1408
100 1304
246 773
58 520
1790 1946
1856 1786
1699 629
77 116
478 1058
1664 146
203 463
186 1543
1848 260
1536 1537
1448 508
1429 1473
1341 940
1785 1484
1010 1504
1601 879
964 632
719 196
234 1126
1446 737
567 509
1645 541
1074 246
1762 316
121 1507
1295 734
1513 206
1670 163
1247 1645
269 647
1695 1589
1523 1746
269 1839
445 864
637 945
213 1687
710 1345
252 89
169 787
4 1230
672 658
806 1564
1350 428
519 551
1624 846
873 1177
936 1241
1422 1685
2 657
143 1075
1946 899
720 1809
359 1693
1249 1874
733 1493
580 1260
580 298
355 793
1387 1515
553 1187
334 539
325 375
1085 1671
189 1133
1544 1097
441 397
970 1320
1674 694
463 1324
1757 794
432 391
316 1627
10 855
1722 477
1406 843
482 772
891 676
1628 1088
680 1488
480 316
1801 1796
1733 495
137 1181
538 96
1197 1003
907 1561
110 1680
683 1607
1268 1300
389 1497
1903 802
284 76
1550 436
1855 389
380 974
1060 1273
482 463
497 1885
1880 1524
1440 1452
181 870
9 1332
1206 294
835 333
1851 619
389 191
1130 49
915 432
443 1792
1026 22
1007 703
1693 1491
1341 663
264 23
1811 1381
1757 579
19 1579
762 1402
464 87
382 964
471 277
652 580
1444 1758
1012 1940
1509 346
672 828
372 682
755 1533
1573 1751
1518 1265
1853 1384
1312 627
1493 572
89 802
829 409
1754 377
128 951
473 1072
1207 1423
749 1670
1820 1516
359 414
698 383
1042 1251
1864 1936
290 601
934 302
1806 1914
225 1006
1008 281
1419 581
1263 1576
1997 1436
1670 635
1196 552
234 1163
31 418
908 432
425 340
1876 1900
303 359
619 521
24 1870
227 1544
1977 227
835 200
1614 1371
1247 1593
963 1469
993 1412
1811 1345
1163 1423
1493 933
452 499
138 442
1296 293
1166 273
308 300
720 575
1384 609
193 719
1481 913
74 639
1559 707
393 1879
1272 343
17 349
1572 469
1798 282
1792 207
1815 1846
687 1534
1970 1177
544 218
1450 306
566 75
1784 1318
1010 1102
1698 257
1282 1509
1156 1517
140 50
1904 1065
947 691
55 185
1243 1333
127 1314
1814 1908
1652 1369
1418 1870
532 1941
1505 1605
968 626
1355 1552
1867 75
745 1420
1296 1586
1336 1412
1480 179
1896 991
1776 1919
186 1223
62 267
8 219
1898 332
235 1118
1041 17
224 1352
932 1715
1930 1582
943 312
1346 368
1857 289
546 943
1063 353
666 811
480 1457
1786 1670
960 866
719 420
1703 190
374 436
193 1949
1913 909
1960 1164
1635 1435
339 1590
906 461
29 1270
1367 613
1885 1383
1762 1754
981 336
1152 413
1891 471
753 1756
1536 1239
1072 53
1053 40
171 1113
39 86
716 1273
1711 582
1106 91
1256 596
68 1279
1090 1727
82 1207
1178 766
1625 1366
1972 460
636 1047
425 396
822 820
1339 519
177 1207
1498 1961
1343 1552
1521 1450
808 762
509 1980
210 463
475 1555
1947 577
257 1147
1828 1947
1667 815
497 1901
28 1341
1544 1879
760 59
1489 1402
140 692
1361 866
587 1902
1921 209
1924 910
1769 946
961 283
1912 1467
1984 1489
787 1871
589 1102
1100 595
1470 78
1080 1198
1580 293
1066 1355
453 1189
902 351
1994 381
72 1134
912 1849
1483 148
648 883
897 605
624 716
1377 1624
1781 6
1669 471
1904 1301
625 512
1601 729
1502 874
1216 322
1597 230
1916 1801
1340 389
368 1458
238 352
1948 90
468 1174
1221 1322
607 1727
1954 1795
1526 586
1410 1543
1041 1545
357 956
1211 351
117 447
145 45
121 1196
219 1546
1374 1022
1503 1727
1523 2000
1163 387
566 1277
1950 1809
494 882
1530 1017
1935 1143
780 1687
680 465
1278 1691
1126 552
504 23
1708 1924
1890 1525
901 659
532 940
365 868
418 1245
1207 1466
1996 1289
63 570
1197 1476
1213 1604
902 1836
647 50
1982 1297
1833 927
1005 1396
824 455
1252 1654
1208 1772
1335 210
293 580
1605 1052
1704 756
1934 1926
495 1574
1570 184
1637 480
612 1290
1641 80
1467 182
1955 996
1595 602
1892 549
1597 1217
473 30
560 1431
191 748
1810 1501
134 1581
178 1797
1320 1190
1567 1742
741 992
1468 297
785 20
1654 1204
1631 1574
621 515
1962 660
309 744
1908 103
1687 1879
1648 878
1495 993
1174 1915
1431 965
227 1688
535 782
1350 1266
1060 1512
1113 37
130 435
837 1414
763 1971
785 1230
933 477
874 606
711 540
1853 1088
1770 1182
162 1102
1057 1920
111 782
588 1912
1783 1893
1006 1474
331 1706
1573 1734
1688 220
1927 1906
1345 1064
1738 1385
1826 855
96 1003
133 1536
1396 1178
1868 1118
551 948
601 200
1247 44
1008 1488
118 179
1943 459
214 312
40 908
1676 229
1076 1272
629 188
804 935
805 161
1922 1685
822 28
1388 637
729 968
1524 1451
1355 557
1691 233
1883 232
1036 907
904 178
1419 300
574 1121
174 889
180 123
1165 713
1473 344
624 194
1538 557
198 604
320 1349
1211 127
209 1355
114 1485
1922 1424
645 429
1838 305
1412 161
730 1484
821 65
979 1615
1156 1345
1022 192
857 293
1506 916
1638 1786
1406 1863
912 1945
1136 322
781 1613
465 1979
1686 693
917 1233
1773 1510
468 1917
1572 867
1166 998
1024 591
1298 1033
920 1482
1337 1553
294 649
850 257
485 587
1238 1360
1681 578
93 578
956 1075
1155 39
766 33
869 695
780 284
1560 1480
432 1019
1972 1119
1197 1166
141 95
1854 529
842 1636
797 1271
1158 1127
1671 1900
1004 818
735 856
965 278
790 1022
756 476
1996 824
533 1804
723 1509
1104 1849
1613 431
1086 1629
582 496
1249 1962
1739 1267
1452 618
392 1525
1656 1308
1427 1905
1565 494
284 427
1485 290
1414 1047
493 221
56 725
793 146
1173 300
216 1134
1406 1193
1999 628
1784 213
186 75
1473 488
635 138
1602 298
743 679
228 287
1024 719
1434 114
1166 821
975 281
1330 1541
505 1140
1719 1383
479 996
1270 1119
1195 704
1414 878
364 1708
1628 1660
428 1485
1655 891
663 294
1702 1356
1040 1753
320 267
445 409
1801 2000
890 1421
903 715
233 1350
1466 1947
660 644
1354 151
779 904
447 371
574 1740
733 1749
1644 1127
594 1571
460 465
1082 964
22 1797
770 493
156 1267
1573 1513
570 568
1833 1997
199 1406
546 490
315 528
373 1613
71 462
1432 1193
1066 118
766 904
795 627
1495 916
950 658
1746 701
1506 1709
564 1062
853 22
1943 186
1151 682
912 918
1626 170
1845 825
144 1899
432 316
1491 232
1885 1348
28 1781
1034 1077
177 1664
254 20
1935 384
153 1267
257 575
546 226
267 391
557 404
479 1520
863 1441
772 1972
1058 1848
1715 573
774 1535
1595 964
988 1863
801 503
1171 732
225 446
11 1307
410 1012
1945 1814
724 1532
318 174
749 1685
1215 1042
1214 1611
1286 1725
743 212
332 1866
706 238
1072 1917
1580 471
501 661
1142 1827
1868 643
1616 1793
1179 1260
1672 1516
1554 803
1192 1199
438 1892
1986 128
467 1761
213 1089
71 1150
1878 1730
559 408
883 1651
165 1977
1718 644
1582 325
1103 1852
480 787
112 485
1473 1111
1755 127
999 324
1155 1654
614 184
1585 1780
1805 251
546 523
1067 1336
697 1640
757 474
1110 460
745 1961
1842 845
379 959
839 473
1000 42
370 337
121 886
1883 1653
597 1136
580 1353
616 85
1019 1359
1276 619
1758 1783
9 1471
1781 1931
808 101
721 1238
230 652
1284 1290
359 764
1003 528
1536 1664
464 732
864 495
1971 104
182 256
850 1393
998 1407
772 1003
861 304
274 350
1988 1722
1215 135
1710 1849
1948 772
799 1373
1234 1039
507 1808
1447 697
545 1934
871 2000
286 191
1359 1363
1750 566
1778 1798
1299 551
1607 350
1823 420
952 1287
1156 163
1944 495
32 1543
1515 1996
739 939
849 662
1193 1648
409 21
1490 1830
294 1649
1096 888
1523 583
849 1443
1716 1444
888 1586
1459 1350
526 520
500 1512
1403 736
237 174
1914 942
1121 1583
726 837
273 1998
418 934
1540 969
675 1485
250 1882
997 545
1543 1705
1308 826
1523 1348
1222 750
342 1035
1928 1874
598 197
324 1107
1408 1679
1700 790
1004 437
625 1454
351 813
897 665
136 1383
963 1963
842 699
1790 783
1297 1547
1902 1171
624 1641
955 1377
388 955
19 1324
719 1388
1153 1285
181 1388
924 158
1590 1881
301 1227
1437 755
628 1637
1065 666
52 1573
235 532
685 489
407 1343
963 1451
672 1949
946 150
712 695
1589 423
909 604
1234 555
252 1269
538 1348
921 1371
1411 1173
1264 445
1672 1677
276 485
1847 1027
424 1179
471 1395
899 1770
187 1553
1732 907
1846 959
1242 1620
1566 678
1951 1803
1425 967
1295 924
28 1919
828 1139
395 1146
1974 313
1762 620
1285 1503
593 1358
1004 1705
346 485
910 952
271 1841
1599 1673
464 596
1671 1017
1706 1449
1405 1735
45 563
548 1781
1973 578
30 1396
1348 1998
923 1132
1780 1781
1353 274
1419 1433
352 326
103 885
809 1394
454 1837
511 666
366 1680
687 865
1022 960
487 1831
1357 1920
955 1142
662 239
997 1828
1254 194
281 1615
1015 1091
996 1271
310 1569
362 1725
1407 44
589 3
721 950
1247 1874
1251 603
1611 392
1150 647
43 1531
704 984
206 1789
25 655
1383 930
25 396
1583 1349
516 1339
869 641
695 1178
64 1773
971 1304
263 1346
1449 1813
406 878
1510 1249
1160 995
1114 1971
90 860
316 1317
1571 229
1022 220
1285 672
1632 734
954 294
765 1528
365 286
1438 1472
1595 1829
1343 1877
1306 269
287 1698
1752 432
386 603
619 683
1940 1212
118 106
1856 1249
581 1316
542 1836
1253 354
1182 397
1356 992
800 432
252 1795
1374 1698
1209 362
694 1073
1328 205
816 1589
373 1936
485 599
39 385
540 1059
554 292
1090 1958
151 118
1730 679
1322 1312
1571 1672
589 492
1211 1763
1247 1684
723 788
1708 761
1158 998
1158 1082
215 399
313 530
1367 1255
684 1267
495 357
1515 833
1690 639
1477 111
1523 170
367 1870
1687 713
1366 922
1822 1841
1968 1541
1194 640
1347 1122
486 1443
1734 1118
1204 302
5 1281
1650 1495
1220 1970
394 189
285 1530
1001 1140
1479 394
1203 1270
205 1152
1268 1502
1936 1250
1927 941
1591 688
1875 1884
1631 950
479 1552
942 1696
906 1198
43 1125
50 870
347 1005
573 215
550 1990
1498 1303
1195 1511
431 672
947 852
464 701
513 1718
1919 1925
857 1820
1940 383
1776 714
77 1876
1097 238
1497 1418
398 572
91 1115
554 294
1357 798
59 875
115 1989
1336 1705
177 1929
1056 1275
1579 1355
1161 256
1956 1318
1338 1708
213 608
843 1170
1345 798
1261 55
1008 1555
227 655
1504 824
1447 1873
1625 1068
1183 276
775 1113
1538 1887
324 207
138 1934
1077 312
343 588
593 802
1405 1814
406 286
603 1457
1046 190
1370 287
326 770
0 1082
227 210
1235 544
910 771
1082 970
595 827
504 1357
816 1865
263 633
1714 157
1185 448
229 880
405 1758
750 1807
1713 459
1862 38
1168 1463
1640 1937
118 608
401 809
1907 1883
1275 1744
1915 1428
1978 917
812 1201
26 1447
1912 142
1211 1225
302 1577
1009 1051
808 1138
1208 380
1974 772
816 156
1910 155
746 471
1445 443
1028 540
585 573
1571 603
935 268
1730 1741
821 1710
1412 861
1515 155
908 24
1070 1753
842 995
584 434
840 883
1068 1669
1225 1221
1486 444
1047 854
945 1100
1460 715
1551 101
451 949
727 209
335 23
1693 796
1503 1425
1661 1707
869 1427
1127 1944
610 912
477 417
341 1392
766 564
205 971
1352 156
1621 147
1194 1393
1308 778
1891 125
1383 252
563 1039
1745 759
105 894
1440 1176
1750 886
374 278
198 259
619 401
1496 1807
481 526
174 208
264 1647
1959 996
1028 323
880 1735
367 599
1732 370
1263 250
1762 924
237 1935
1807 1407
1955 944
1048 1266
1321 1666
1987 736
1795 295
418 1445
1223 1712
278 1284
1258 170
1006 1349
534 1701
1345 1613
1617 249
1803 1807
1588 955
659 1183
405 870
1978 401
1717 1865
291 750
1007 1134
73 272
951 2000
1548 1223
802 195
871 1008
1507 1110
830 1250
630 9
146 1617
474 88
674 841
670 1212
874 1358
385 1398
1937 456
1053 1504
267 330
1229 1837
1439 1862
671 1267
1719 726
15 1797
432 1711
366 785
783 131
445 1542
1880 1620
1072 1332
507 1776
191 158
1921 296
1912 303
131 1
651 331
1597 1416
976 1912
1015 1237
554 374
1763 368
1774 934
1630 1569
897 1334
543 1069
1722 1243
1694 276
739 1453
1947 574
1214 339
476 1755
1178 1611
976 1473
1322 748
133 274
1314 1555
376 1333
322 185
901 417
40 919
1205 80
514 88
733 183
981 1679
690 1942
1852 148
926 1316
1720 1025
999 167
87 281
1178 1528
1101 770
815 768
1770 1157
1710 1624
1353 1970
246 76
167 1832
255 598
1842 615
395 965
1668 1006
1117 1735
1070 885
1788 1262
1446 537
1729 34
952 1244
1909 704
102 1149
633 439
1554 136
1724 1203
192 47
373 1305
1647 1847
1674 437
1959 1268
1843 134
252 474
1374 1073
1947 1850
1358 1049
2 295
570 299
632 1455
1271 1126
1735 402
87 1121
289 1535
1057 839
1255 1265
1157 1848
901 150
1075 1684
1977 52
1617 431
528 182
1199 499
167 668
448 1828
267 1030
950 261
879 301
1068 1945
808 1949
1745 68
840 234
1034 1380
737 1922
814 1432
1988 336
1296 1091
39 1686
1337 269
1095 1316
1129 872
992 1161
1241 1769
436 500
188 470
523 601
1338 222
1934 1433
451 485
1 1767
1915 1619
1797 1470
417 1190
1529 10
1887 1947
1494 1618
1078 1261
1233 747
43 1558
1980 1595
546 494
780 1223
1586 1721
173 1313
695 345
1925 1726
98 733
1818 1197
1402 164
807 1730
940 1620
1118 826
1687 1478
1940 1049
47 894
1780 653
1557 1180
1470 1145
1654 937
1304 849
1766 1806
1638 1012
779 175
544 989
592 1876
58 1588
489 170
1331 1911
763 1893
1669 1432
519 393
1387 169
419 1881
1348 521
1886 1074
115 1011
54 149
1743 1641
107 857
747 1129
1197 1497
1832 724
649 843
409 1465
1621 732
1629 450
570 1364
1944 550
788 1355
908 384
1291 162
513 1959
1433 1842
1583 635
1635 473
1075 254
826 549
1326 1591
750 416
1779 1351
1817 1795
807 1528
1098 1584
902 1742
476 158
347 1658
1476 1162
118 554
766 303
815 223
1271 745
1318 375
1189 66
1398 34
487 117
1853 926
1511 1435
1866 1456
411 445
1799 1687
984 1021
1615 1656
1089 1196
336 1588
38 16
835 583
496 766
1045 1839
333 1016
756 793
1720 1001
1814 1499
1167 692
1006 1471
1696 889
503 1648
290 672
1112 896
1244 1544
664 455
872 1670
158 1458
991 1575
1056 1142
1851 916
1839 263
1549 439
1572 1280
1717 670
1911 1086
1344 1759
476 659
1539 637
941 961
164 484
67 391
922 1149
1734 1283
1950 1127
1144 145
647 263
812 588
1 509
1176 1267
410 1348
1013 1495
1754 441
749 1337
1796 1652
85 1264
1771 533
1480 1430
589 783
1349 1789
1024 698
304 1931
480 974
894 1298
732 1004
1349 1786
146 1221
1931 1541
154 1764
721 870
1117 1051
960 1931
1351 1543
1225 18
215 1744
13 780
122 1074
413 661
169 1763
560 1461
1954 471
558 1047
700 1303
996 1681
1648 1543
1704 621
1989 1759
494 390
1809 766
1876 477
502 1256
1801 501
1917 523
738 1546
1212 1330
76 1358
1814 1150
1997 1411
64 456
705 644
1355 1922
667 1139
1428 810
730 1451
1245 414
639 1132
722 294
1518 899
708 1971
1284 91
1286 962
1475 1690
1749 162
1727 360
291 235
773 1191
1426 1397
1553 869
125 310
1584 334
1736 1550
733 1046
1472 158
1919 1381
741 911
1092 1925
541 537
38 344
1483 1723
340 31
929 1767
765 1412
706 425
1705 1949
1116 570
360 413
681 999
1010 78
382 1304
1651 1916
1219 174
146 1975
230 1526
453 660
1670 129
1563 1587
482 123
1783 1918
975 585
838 120
219 1264
858 1966
955 911
1811 1128
1496 561
916 1835
640 1012
1487 1191
1138 221
909 420
1599 1428
485 260
367 1403
624 1987
1350 120
213 1304
703 82
422 219
161 1240
1332 976
260 1827
598 1130
408 1434
1987 1780
869 1639
331 765
803 174
190 857
1053 1430
1818 1259
923 728
1306 407
438 1957
244 334
661 1524
1372 1200
1456 1026
1243 469
1353 763
1664 819
1363 217
1025 1749
1580 1249
1302 37
1274 13
1373 1697
1856 62
854 1912
238 361
518 1827
359 871
306 1021
895 423
1921 1299
1238 1879
1554 1275
575 168
1598 1365
1003 1135
1358 429
601 452
880 1027
25 1694
324 1143
661 1034
1074 1352
1745 1460
1596 1042
1942 300
195 940
698 987
972 364
1410 1117
725 222
130 364
405 999
867 877
1113 251
742 1896
1002 724
1914 470
637 988
1076 1663
1801 590
507 865
165 938
1994 78
725 521
741 1443
1865 326
1079 423
1723 1152
1666 1735
652 1791
1135 1385
7 48
1930 1172
1975 860
963 1122
840 1099
983 748
1541 903
96 175
44 421
908 1578
487 1338
458 1291
403 1277
776 1334
1463 1977
471 565
1052 418
559 816
280 337
882 121
1000 899
1700 558
1179 74
1596 409
1469 100
508 1779
1130 129
670 909
1557 1231
253 1070
626 1127
1283 438
709 1870
1179 490
55 1288
619 833
190 1542
1593 1197
1094 491
253 112
306 1954
350 1525
1442 1432
1500 1311
1283 1238
1077 688
1552 1509
416 1161
1569 271
354 367
1635 225
805 1380
1777 1559
127 212
269 1398
1324 502
460 969
1487 631
1090 909
640 1697
1035 1725
1435 1095
1411 503
144 859
230 1281
384 478
1690 960
1024 1790
1330 1433
457 369
1248 1988
1279 1008
1136 1781
1796 118
449 316
950 536
176 619
173 1871
691 1000
457 1438
779 964
284 932
1615 1721
152 1426
107 135
1556 613
1445 456
882 128
1690 805
1220 758
1787 1113
1178 582
1695 327
893 1655
1248 1322
1199 1076
398 250
1249 1103
866 277
857 252
136 1788
1449 1931
560 34
832 1495
692 146
1420 677
251 874
1852 1548
749 1644
1459 183
521 1240
1423 1002
710 1210
1984 1940
1039 1395
1316 1936
1590 308
317 1174
797 1394
816 1876
1619 1323
1157 767
800 1602
1218 1413
1971 1437
1451 1499
140 1733
1680 1749
839 1446
662 55
752 395
532 213
1754 1654
1008 1149
1646 771
642 950
1923 1473
1937 197
1639 1892
326 328
1817 1895
387 1746
355 139
1186 897
1052 1058
1564 1818
1018 1531
1741 1258
630 811
1068 1486
716 860
1820 1993
1642 905
275 1465
1804 196
196 344
405 1817
1575 520
378 1056
557 49
1714 711
251 1463
1403 1919
1436 499
1919 809
1613 135
1347 1602
971 466
1888 918
1233 812
1628 1825
1944 1214
1148 1621
1824 898
1978 854
1724 615
1991 1193
1562 1069
1576 1973
1495 942
1006 764
1734 933
1709 1206
1647 1231
1107 1825
1622 1087
401 885
134 1049
159 370
62 384
705 1575
1748 1643
630 150
1967 802
1620 1028
1878 1865
1375 499
1212 910
188 1389
464 494
234 1511
799 706
619 1171
1719 1582
1688 1944
1827 192
1579 1174
934 1520
123 507
1191 312
1667 1468
17 1392
155 1182
1846 150
1058 7
1835 587
1551 1164
1472 1673
529 1375
786 1950
1748 1150
560 1347
498 1350
196 1982
298 498
278 1262
1531 962
1017 1937
1533 1630
1762 1494
1175 1631
1843 996
1427 155
1000 1631
171 569
27 1153
1426 846
1047 1935
3 866
1041 1718
1673 528
573 1150
215 1814
1979 165
305 1308
947 425
865 534
972 1232
675 536
211 863
1917 1061
1185 1187
1346 1348
495 1017
140 672
801 1380
851 1966
758 1483
1695 1786
1451 1182
1084 404
33 847
1240 1571
1100 458
1408 357
1794 844
770 245
803 673
686 1605
634 807
1703 1896
268 89
1360 1228
1344 1376
309 137
891 1937
272 1301
476 673
1426 138
279 1471
977 869
1519 1155
378 48
848 1148
1870 1434
575 1394
523 1373
1940 427
281 1855
156 1396
1740 472
1415 33
916 1382
1157 649
1310 937
1222 1399
1913 1146
161 1030
1108 308
612 600
1111 1515
446 1273
1820 1688
1724 1831
209 1948
883 852
1108 582
1159 510
1159 1527
320 371
181 160
671 1931
841 1353
819 397
1847 506
777 912
768 156
88 719
1368 718
1883 518
768 1060
916 56
1207 1524
546 20
1754 959
778 1702
147 1363
1245 1069
764 1163
508 1849
812 338
1611 1495
411 1178
498 218
1018 1757
877 895
845 360
1805 279
134 1515
266 1699
168 918
1387 424
27 217
1533 1355
1058 1879
397 966
1982 640
1685 1383
223 1114
1166 1450
799 473
39 1141
722 1271
259 1426
702 335
1661 322
92 1064
1640 715
46 1316
1142 405
523 1682
1196 1401
640 133
1561 1268
1312 329
218 474
1694 1019
803 1574
1817 830
307 1743
1542 1417
695 222
1178 1166
547 1778
24 359
225 1583
892 423
974 223
110 166
1456 88
1346 944
1929 1167
497 1195
1728 1410
1224 1648
1581 1927
260 587
873 958
1669 1800
1700 1860
1403 212
892 186
183 1716
1520 956
1252 1739
1639 798
1340 1971
341 1890
877 1296
1781 321
1805 1791
290 1878
681 1587
1858 1976
323 593
251 1214
556 329
1917 1632
626 545
1749 203
1480 714
511 1713
1904 1268
1200 1831
978 1140
1928 430
25 1490
1043 1958
1912 1150
1984 158
1672 1797
205 580
1984 1118
1169 737
837 936
201 236
1595 1033
1019 851
374 25
699 556
59 506
993 1656
871 1482
32 631
1775 587
1883 1771
1372 836
1315 264
1836 1879
916 1181
860 1612
493 1284
1595 1566
1920 1244
1575 80
375 412
1632 920
1687 970
1763 301
1767 52
234 326
597 1444
516 1456
1067 1608
492 300
989 1530
1313 1046
67 1166
1456 1768
882 1549
276 1319
438 1354
791 438
1084 205
1791 451
1034 146
1133 689
444 1030
1250 970
1697 1822
1469 103
525 702
1480 1338
1722 41
1638 1442
1294 853
149 1910
65 786
1242 1236
1952 66
1441 1890
109 1992
467 647
1200 1523
1770 1671
920 485
333 1423
1663 170
1195 1104
764 667
1227 1697
40 674
767 594
1028 1194
1074 1523
838 413
190 359
1191 1739
286 718
1075 345
1303 59
1486 57
122 526
1906 1158
123 386
13 822
73 757
742 1536
1197 418
450 1322
5 917
79 742
1883 1543
1874 40
1074 1381
1381 1518
1399 1069
104 892
194 1154
269 329
378 1171
259 432
691 773
510 1751
1578 538
1339 267
576 1340
784 1994
1421 1306
1186 173
1526 111
1922 795
168 180
1828 587
1861 1737
1810 1997
1043 1766
91 1361
1159 528
1317 1120
298 1653
1532 165
425 1940
1429 1478
324 706
1560 327
430 677
1179 762
1569 1798
1245 208
33 1024
1592 1397
782 501
753 460
147 1246
1786 1402
321 1051
1612 1451
1241 1489
754 213
1004 118
470 749
295 1947
934 597
1834 252
1127 474
587 1777
1530 334
1166 1109
1834 742
1378 471
478 1673
232 1615
1856 791
414 30
1408 325
1438 686
967 189
975 984
1676 351
262 1504
143 1958
1702 111
29 1457
879 502
798 590
457 520
1511 790
189 735
419 1791
154 1496
1819 788
115 1908
1347 345
1784 1026
1460 1902
1674 1936
635 1181
1407 634
1649 1714
415 1545
1503 1747
1623 1960
914 922
133 289
1572 1639
1015 260
1754 160
836 587
706 1221
1585 1762
683 402
1857 1880
543 1238
1600 1314
426 1335
766 1049
280 379
856 686
181 1389
1745 529
40 612
827 1322
1059 1698
144 1867
149 1238
1283 974
563 1423
1255 518
176 742
187 447
1864 1842
403 496
990 1138
1036 1459
1951 1239
789 965
183 861
644 1239
1079 11
1450 712
1792 206
1385 1486
554 1081
756 1363
44 177
255 49
1494 55
1305 203
379 1122
603 1500
311 1209
973 483
1099 1629
1953 117
262 90
1870 1871
1493 1160
284 1142
993 408
27 1766
1045 1273
386 1404
542 1708
1250 979
391 715
236 1556
1927 587
1392 617
1044 619
832 820
1447 441
1344 925
1802 1167
1727 67
341 1052
344 1510
1831 1147
478 845
561 318
70 755
1277 1253
985 1450
612 1529
571 659
442 1794
1621 182
465 308
1981 1385
66 155
955 322
1601 1820
491 411
1728 1888
1482 28
487 1150
258 339
795 850
461 1115
458 665
862 1891
1944 1566
197 151
1085 1696
409 1966
1321 803
236 1639
69 1111
385 124
1544 305
1137 902
573 1580
1159 1809
887 1256
1189 1154
812 64
849 1418
453 1950
1867 976
872 386
1306 1834
1106 1599
222 809
1111 1762
601 1819
622 1276
1239 879
1274 1054
1796 1931
193 162
206 1081
727 1758
97 371
1517 1195
1468 543
1322 410
213 1293
1153 957
1527 191
986 1267
56 461
1798 1069
594 858
1498 464
1404 130
1641 1872
701 672
1962 455
814 702
215 1150
1236 1008
1500 1884
202 312
1008 959
464 758
459 1232
165 1414
148 1230
1600 1351
219 442
1858 166
1954 1400
901 678
1210 1147
38 944
193 625
1874 1399
342 905
1448 552
684 20
592 1124
1360 381
1544 49
1976 636
443 774
620 1067
563 168
1271 959
231 547
295 1414
1267 1364
1240 1260
1761 1668
1593 1222
1409 1642
504 522
1074 840
426 1880
1492 281
1154 1499
855 670
1483 1067
724 1749
1132 995
1296 1180
1256 1909
429 1908
66 493
1932 292
1805 1889
1245 451
419 1497
1485 3
1728 623
1391 788
1940 375
1918 668
1223 258
68 576
804 173
885 1391
1779 1563
1015 651
610 1518
1663 1083
1777 920
157 557
324 1244
639 1147
491 173
1803 505
977 1982
558 354
1486 939
266 1759
1102 886
545 424
508 1073
1740 1263
1304 1739
21 1675
975 228
421 1473
699 1498
1982 262
1971 422
106 1584
1782 371
1705 38
1916 1299
1193 744
775 1634
1968 106
40 1818
281 1524
1780 51
1133 569
792 526
968 111
726 1342
1656 1611
1280 1436
974 1955
104 984
839 393
1105 879
527 1279
1769 75
648 850
988 1345
1626 1241
1280 1533
1205 1612
1578 841
973 1118
1325 1910
47 1514
1112 1243
51 1681
1828 1366
504 483
845 1806
619 1300
1039 136
503 1213
42 701
472 924
741 1138
1107 1356
258 1119
271 787
1807 52
1532 22
1436 331
564 477
415 958
780 1419
638 947
224 698
1749 466
69 1264
123 1218
388 1088
696 344
1968 1330
386 1414
390 1193
924 1236
1605 1750
987 1732
1313 553
153 438
49 345
1148 886
979 496
1799 1024
1721 933
1964 438
1467 1775
1217 1151
92 815
319 354
1270 234
1941 617
1929 379
794 887
422 336
1779 573
1063 1052
1401 930
1707 792
420 1515
656 1432
785 1062
232 843
1103 8
733 433
362 848
1845 1562
1632 760
1424 946
453 225
852 1904
946 648
1206 1323
420 331
780 1407
86 1883
410 1060
1387 845
673 1166
50 99
1550 358
1166 492
1124 1291
899 863
1346 1534
1861 739
1623 1776
346 416
111 1842
1666 643
986 995
1915 1107
1617 232
905 1550
375 1181
686 325
1227 93
1456 205
1886 1973
1995 941
1757 1236
1857 13
1774 520
174 996
1246 1984
235 82
1198 1079
110 1528
661 453
1802 1956
1584 143
685 815
294 619
855 1565
353 1452
978 1292
1405 495
135 725
575 1422
1973 1102
459 986
658 231
976 1436
1008 724
1492 1608
435 927
14 403
1457 1410
204 1492
180 1283
804 1265
786 1778
449 279
1996 1057
236 952
863 507
1486 1933
304 22
381 835
101 372
1270 1099
114 600
1521 1528
485 463
362 408
560 1413
1778 1973
1342 1759
1915 51
1661 651
1876 1091
498 1278
460 1657
512 1719
882 1303
982 1865
1158 1714
696 208
156 1401
949 1005
229 68
1184 849
180 91
1691 1274
292 332
1865 1270
437 1060
1162 566
1020 1433
1127 776
1250 258
47 1079
1587 121
1441 453
1553 930
1570 312
1079 325
264 644
762 404
35 1485
1597 1786
373 758
401 57
1630 1973
1442 436
1537 251
340 1386
294 1961
1107 841
1157 1012
275 1535
150 415
496 402
948 525
747 833
1922 1031
665 1821
30 52
1460 1201
719 995
1360 1505
410 1940
1296 87
1616 1448
52 1168
324 1716
1079 404
1402 1670
114 1708
1229 100
1803 1350
1805 782
1904 738
851 1793
1869 1421
1745 955
1935 740
824 234
734 1339
1118 55
1777 1274
10 1666
878 1595
787 1905
1502 1622
1396 916
980 501
583 758
1470 1587
834 176
1530 1260
727 1582
506 1168
1483 507
775 1473
704 158
578 1773
349 850
1838 534
1205 134
1863 1289
1512 68
1587 1295
1582 1508
1076 334
970 307
1163 1364
1218 283
845 1902
1578 751
1467 1615
445 19
1223 1016
799 831
127 720
54 1234
244 1067
509 1334
26 1633
581 1368
909 1602
303 481
1785 589
1848 1104
511 1609
38 280
629 1800
1539 68
966 1420
1387 1339
1166 1101
864 1118
1071 68
428 529
1570 1417
1240 688
480 1875
72 4
1272 1027
1982 1968
1465 1795
473 122
1478 1036
1153 719
574 1270
1640 244
116 571
1866 1301
1537 1780
1990 1117
1576 1086
174 597
1484 648
332 1258
70 1552
1891 1230
227 425
1067 532
399 975
1624 1662
1255 1161
1449 373
311 732
1785 1563
480 1316
102 1180
830 687
885 1333
896 640
66 130
1734 1172
67 442
886 43
1136 1583
1390 1363
1823 1707
286 818
652 510
570 524
909 959
305 725
1794 593
1297 1861
6 699
1196 966
1166 1916
1667 905
646 995
1593 425
403 1131
1709 968
1194 96
1596 1842
1481 123
1522 560
612 1627
1937 1118
1830 414
389 720
1489 432
1887 1978
1420 1306
1989 185
1698 506
1960 701
1943 676
794 1883
1925 1901
1607 865
600 675
592 1239
705 178
1941 7
585 318
196 91
810 317
189 302
1208 69
392 1492
269 496
827 1689
1418 177
1862 1997
505 694
666 103
558 382
1844 1611
680 888
1152 1850
1530 1823
994 984
179 119
802 728
493 1819
31 1161
822 280
1546 1105
1977 1240
1843 1954
1541 1820
1946 611
1859 1929
306 1125
1723 1634
479 1302
1614 1705
729 1189
1400 626
672 613
18 339
1309 250
1260 381
909 1664
911 1811
1181 899
220 878
979 209
1825 558
1763 583
223 505
1125 1899
1999 811
1691 795
1633 101
1387 1381
876 1065
25 1995
997 137
1310 1002
845 693
204 1396
968 803
20 854
1433 157
558 753
1747 460
773 944
1221 1121
1301 455
523 331
89 653
1733 1251
1041 643
557 448
267 1450
1268 1365
1065 348
765 1774
485 1545
1190 70
118 1133
861 1588
1379 1845
1472 790
713 29
1141 770
1184 1603
298 31
484 616
1156 264
487 86
562 1688
1566 511
1360 1429
694 887
193 966
1941 101
1942 774
1103 1312
786 486
98 1261
1499 1738
1845 1802
10 464
1326 886
655 1757
868 1659
182 1118
1591 1462
805 983
525 1848
930 8
100 1450
908 507
1018 1988
242 150
615 790
921 1621
1782 58
221 1522
965 1568
526 351
143 1047
742 1368
1030 1942
1570 619
118 1435
1761 184
1976 473
586 891
1219 1547
1532 1383
218 225
1803 1783
346 1138
1286 1944
556 1047
341 1907
1156 1158
929 1038
151 1887
608 1897
287 559
792 790
571 1994
951 1893
222 857
1258 927
1932 339
1767 313
1996 253
1541 404
1637 515
655 161
1098 1412
5 124
1439 269
636 993
1142 818
699 1047
650 1150
1573 791
555 1045
480 1803
1617 1454
311 1101
1804 277
1397 515
847 1630
1393 1950
1005 679
401 269
1924 337
941 1195
242 815
887 1012
1454 557
625 221
1885 334
1450 924
378 670
53 1342
1856 568
59 464
342 1320
622 1880
1452 1365
1719 642
640 28
1752 1368
877 683
484 468
928 175
949 660
439 1584
1469 1457
549 1955
176 1317
937 1359
116 91
659 1293
496 243
1498 1512
1395 1046
322 881
496 1631
858 1462
1080 633
1120 799
1210 691
220 359
1482 328
192 165
595 910
220 633
452 1571
1891 1432
9 725
1110 1656
1775 1407
1857 846
1575 1380
840 440
1831 1302
389 635
452 738
156 1957
312 334
634 949
352 823
366 94
1477 336
618 1691
13 1748
1145 1294
732 1831
1173 1456
338 259
800 1401
309 1998
858 145
1265 896
445 173
538 0
519 165
1325 483
1789 612
662 937
68 1052
349 712
1996 419
438 1158
476 409
1969 280
1551 803
30 245
1470 1136
1425 1849
1380 977
525 1479
1775 243
1761 1384
387 1961
1891 683
1624 919
1315 1991
1583 374
464 868
43 1608
1483 1930
724 808
754 1060
1358 1685
1890 196
1913 598
1732 1198
726 1889
1199 519
493 128
1335 290
818 1552
1553 1830
719 844
40 191
27 1718
1543 387
538 1236
1708 506
0 864
1828 80
1829 1953
377 1842
456 122
612 867
775 371
797 508
242 1254
1587 1696
933 1976
915 377
515 466
617 94
1276 151
1152 949
437 1287
53 119
398 1571
1256 70
1862 1250
80 1239
1671 1114
48 339
1131 1722
565 688
412 1569
385 6
1812 278
433 282
1734 15
579 1819
744 3
481 1058
1783 962
947 770
1186 1101
453 1555
1742 552
207 1050
788 1192
1027 1320
788 1755
219 252
1286 1083
1870 1561
683 1794
1453 1807
1416 536
664 1825
77 1002
1926 1848
317 534
1980 1057
701 1797
1501 1079
1511 799
520 1283
1516 573
1130 1060
1047 1037
872 1848
1379 6
512 915
298 1956
1375 231
381 16
1094 1291
280 1702
1208 1356
1373 296
1433 1726
1490 484
1156 1490
1422 357
595 1828
760 870
83 158
1859 1851
1343 263
1318 471
1034 525
334 127
1527 1675
640 948
1958 1581
66 280
990 49
1305 1948
1704 380
780 514
302 312
699 133
106 774
487 321
1519 123
1555 1407
660 1643
511 1578
1508 1948
686 649
633 1545
1822 35
1495 597
1000 585
704 1184
1193 149
723 694
191 400
431 117
1668 943
702 723
576 1245
901 419
1742 708
489 1470
1696 1803
2 927
1688 691
608 657
1162 1604
873 737
1175 620
1755 899
985 1672
1203 1466
1112 551
459 19
394 678
1533 1249
1433 1863
552 609
292 1422
1173 415
496 600
375 747
1742 1121
1993 290
1231 377
706 866
1622 109
1921 1473
1161 1683
1010 1604
1190 1001
443 508
387 1772
698 25
1224 480
1446 873
996 1177
1081 1568
1472 1638
1441 933
664 997
815 1869
1700 705
329 526
557 889
574 1469
1674 555
1145 1791
1486 1287
636 959
915 278
420 1859
398 1814
134 1030
909 1752
1178 819
280 438
650 1799
619 1256
637 1906
467 416
332 719
128 1980
26 1007
488 1963
1699 1504
1985 1482
978 443
1300 968
1984 1797
1815 849
626 275
168 1639
238 821
156 1328
1066 515
1290 1863
1486 230
1794 1732
1096 1731
84 1792
1578 1578
1173 1739
1715 1890
1243 535
504 1091
1927 323
848 141
1471 998
237 871
1199 1404
1048 535
577 1414
367 283
1477 1347
1780 302
931 1814
692 6
542 556
242 1890
956 1042
822 531
880 1205
4 1622
173 998
206 553
1793 217
1650 670
317 1018
697 1014
1545 1354
1944 1755
1589 1492
505 1571
1612 90
825 783
474 1697
1925 1979
1464 1109
1402 910
1332 1117
1152 1526
0 198
80 254
1464 1140
1173 1530
30 748
550 1817
679 205
1883 676
1557 1072
1091 1047
1781 538
847 151
1350 1436
791 1811
807 1488
1401 216
1195 1508
512 1163
81 1971
1980 112
886 903
1305 127
263 638
139 1673
790 1887
171 1885
245 1078
1810 408
945 455
1479 1290
956 1560
1684 488
1148 700
1843 309
1157 1816
685 1314
177 513
1062 688
1954 997
1102 1885
1699 369
31 149
597 1495
156 397
788 1641
863 865
1461 1121
1823 258
602 714
606 789
1961 76
1459 1908
886 1534
177 1569
1604 1142
1231 1041
1941 1906
1749 935
569 406
667 1870
816 1880
1294 1638
624 1288
70 1074
352 1851
968 1340
787 1571
66 550
1308 13
930 91
1225 1648
1720 1189
1328 1251
1613 1798
406 272
1507 635
351 1831
672 820
1979 851
64 1243
581 1087
319 1874
1386 1214
957 1682
1142 309
1864 1263
510 774
1619 784
899 736
1718 412
242 1798
666 1352
924 1660
176 663
845 143
682 94
64 1332
419 135
1690 687
1636 1546
851 503
125 985
441 200
416 801
262 440
969 1711
611 270
1639 1374
517 440
1762 1237
1585 362
657 1677
456 768
550 430
789 1330
1475 1617
906 1747
1777 742
667 1390
327 1605
844 413
1040 176
379 1576
421 1363
137 554
655 355
1459 1792
126 973
1455 897
1269 1520
372 490
729 1638
656 1203
1907 1239
340 738
898 1610
1362 118
1775 100
239 707
590 1160
955 1845
1736 31
1716 981
585 36
2 1118
575 399
3 869
418 559
868 169
925 786
1531 12
158 373
1445 614
848 803
1409 366
1207 1206
1107 1567
497 663
1453 201
388 1920
132 1763
967 668
137 1281
1950 1559
30 622
1598 1450
747 1674
1787 96
925 1575
120 2
1356 1557
914 1211
931 1941
1427 1744
1980 1511
402 1313
1442 307
1956 1799
47 1372
1778 1489
594 348
635 992
1404 1146
456 614
197 1260
1668 892
1122 299
1966 146
1818 1478
1068 195
1722 335
1889 1966
151 827
1326 693
999 150
1521 627
1245 21
489 1604
1917 885
260 767
240 66
1458 881
1341 910
773 1231
391 579
957 394
423 380
43 1299
1006 1380
1619 951
1692 1040
1182 1299
1398 596
708 1219
1129 1574
1456 697
1598 1498
547 1808
1143 119
665 99
528 1801
1633 1041
1236 571
77 213
268 941
1441 1104
1943 437
131 1850
1396 745
838 315
1883 1073
1381 365
517 960
1650 1471
223 457
208 884
1578 1784
172 1412
575 251
613 35
1070 309
473 1462
1725 873
1911 703
534 1307
237 988
1415 888
979 1413
336 364
1483 2
1465 1871
1085 993
367 1004
637 787
1440 1934
1655 1794
1467 964
761 300
262 529
250 150
336 1657
1804 1240
1106 860
1912 1642
1337 1137
1143 1249
1192 291
62 1617
1628 521
1266 1604
607 993
908 1698
1808 1657
405 1341
599 167
319 1411
481 699
1588 1423
1988 410
1250 572
35 259
530 1986
737 198
822 1309
1697 174
1749 1714
205 1337
1636 72
854 1113
242 1734
483 1935
1121 905
1991 965
191 1389
1574 1673
108 1803
901 1680
533 965
1704 177
1634 487
634 1957
1453 1787
716 1731
1079 307
860 1826
515 566
1175 517
1931 51
1768 276
478 552
878 1747
1476 385
880 584
1616 1663
1705 1230
812 14
1046 1940
1488 835
65 1159
127 130
765 953
703 763
1767 356
970 1920
913 1248
299 615
972 368
1535 1441
54 1983
1117 39
1737 459
458 1940
1732 106
1388 540
620 1622
1213 250
65 611
1872 277
1738 1826
77 808
517 845
1558 1082
845 1043
575 1082
1915 344
1388 1863
1565 885
773 1893
1821 1487
1235 1943
441 1699
1270 866
1424 990
9 1582
1798 442
1659 706
1190 925
1792 876
960 909
398 1665
956 1564
183 313
824 1499
1538 431
1437 1283
1695 1517
1915 1189
1670 1250
1897 1395
1079 725
1136 1061
1461 1671
1725 909
798 1921
1598 800
297 521
1719 407
1304 1127
396 45
1098 464
1889 12
360 632
1344 1500
685 780
1301 1548
1898 1678
1397 1253
1785 810
1440 154
406 519
1293 889
1330 1878
1002 844
946 383
1239 1390
1680 704
1818 1618
884 1955
1154 1614
1943 1791
1469 501
1318 1630
761 1898
1457 1183
1614 1593
393 1395
1455 426
395 1338
129 560
470 1441
69 558
813 83
566 148
1544 58
1596 345
228 619
1807 1935
185 1493
1675 1885
692 580
257 1627
80 342
620 564
1305 1861
1152 1730
1848 1628
324 1764
1899 1060
291 1277
579 1034
676 382
959 1214
1411 1886
188 1209
351 433
1197 1489
1726 385
177 333
538 1276
1673 1770
132 172
616 1142
657 1849
307 1391
1015 28
1593 1349
204 259
657 1836
872 1622
1057 1691
255 1412
1595 267
1827 737
1617 542
455 120
441 1370
852 1756
246 1885
1297 1121
1976 197
804 1748
1965 1522
1502 1285
228 780
1351 1986
1996 561
1067 1772
1191 1646
685 766
710 208
584 1971
1500 741
648 610
950 445
1713 1873
1989 1741
1115 617
837 1617
261 1308
1168 391
1601 365
931 122
120 1157
1299 1578
957 657
1913 452
1270 1836
190 210
961 1813
1875 1610
507 1720
1180 1930
776 1159
1837 279
901 734
1619 97
1876 1420
1232 637
230 1916
1377 1002
746 560
78 1439
417 1743
56 212
1819 897
1940 653
569 643
1502 364
161 1444
1611 1489
122 353
1924 671
1165 663
374 1992
1735 1587
1899 1879
704 119
3 1927
1917 569
1275 1234
1019 779
691 1633
33 1784
1544 1042
692 980
1980 1974
1558 620
18 1704
1872 195
1753 327
576 1638
1782 1064
1290 220
1960 1160
705 1006
638 1485
908 775
1672 429
1269 146
1808 1231
1474 1367
759 1245
70 1223
1362 1025
460 533
1308 1925
1383 1758
282 457
1590 327
385 638
653 435
849 1774
1221 1820
1503 1514
1605 1294
351 1373
846 1629
1102 728
1965 1257
442 1300
1848 1698
692 693
999 857
383 781
1700 1875
380 432
1880 488
77 8
1597 341
1317 1754
326 154
1099 1295
1750 1839
213 1567
1010 1675
1115 1653
1934 1749
1117 704
630 1092
187 732
1554 1371
1078 1165
646 1653
34 1146
1345 729
1726 571
1344 1738
964 1130
375 1548
345 1667
338 1464
1111 1756
1265 1460
633 1901
84 1686
1859 1954
1624 876
1205 1114
471 988
865 697
514 1636
1863 393
1637 779
906 1059
965 1470
1185 318
1588 98
165 118
916 1593
1152 1451
184 1027
1207 54
826 888
818 131
283 581
1738 1893
1900 191
1910 1655
641 650
1770 1353
6 711
267 1341
1395 882
1552 1131
748 841
353 788
564 1497
177 88
530 848
831 1005
1497 1500
1680 749
154 1240
392 1201
617 1751
397 1684
5 198
1501 396
512 1102
268 379
416 1546
1522 1655
769 746
196 1686
1210 1119
1208 871
939 1139
911 1754
861 222
2 1336
440 368
1616 726
403 351
582 711
1722 944
285 540
1795 58
96 993
124 1292
1544 812
387 1462
1587 764
1730 1387
1815 1182
1238 1869
625 468
259 274
512 1595
972 195
1170 925
219 1589
977 1992
808 1739
1374 991
924 541
668 681
11 231
145 1655
441 835
1145 846
1916 859
1913 756
484 1803
1187 1285
1890 1508
25 870
1973 734
1638 1666
557 319
1237 125
576 629
167 412
1689 1042
306 1778
1798 165
1195 1646
1221 182
1859 227
1887 1287
1208 1506
1774 1836
1857 1390
349 730
468 1042
712 1703
1346 432
1824 1146
932 573
1979 363
1045 804
440 1654
495 1906
1319 1386
49 146
229 759
1374 153
488 1065
817 706
1315 1625
1721 1660
1880 211
370 1148
1242 1166
535 594
533 1259
1706 1101
1839 11
170 1250
1236 1529
1702 761
1525 936
1791 825
851 742
519 335
1970 653
1313 1551
753 1530
814 589
1800 1852
451 1187
1192 1932
761 1475
1273 1495
700 868
429 901
785 196
806 31
121 122
964 778
1330 1647
1972 1399
1446 1518
1119 534
1678 1825
1948 1552
590 1473
794 1411
1999 115
1598 723
144 413
860 1733
641 74
1847 1243
1607 411
810 82
1976 734
1216 681
813 1959
490 345
244 589
1273 1267
417 209
1492 1884
1157 995
1638 1324
1998 86
674 449
1822 1644
595 660
1667 1811
408 403
315 1713
1992 1351
1394 1805
905 192
620 119
1500 365
1065 1436
113 235
847 1144
395 726
1601 850
911 1158
558 970
288 740
850 681
1176 911
164 1355
34 983
888 1463
274 1578
1042 1876
1609 410
1819 1235
77 1888
217 993
1161 555
490 174
1752 421
1297 269
808 1636
924 628
1233 1341
1442 1978
1684 1157
988 185
772 1316
805 1202
166 1857
307 1791
254 111
225 1235
1328 123
602 1106
628 124
830 1996
1242 1427
558 1087
87 1726
1928 1235
1440 1632
56 376
1231 307
1779 248
405 1660
1790 779
999 1578
1583 1214
1187 1701
1492 244
1280 155
125 1246
1572 444
174 583
1590 694
1048 1186
1388 1696
1733 502
1109 1428
1057 517
621 964
484 545
1588 1392
1000 151
641 1377
1714 741
343 1125
1919 789
343 277
1249 1568
938 1451
1806 772
75 1940
1622 1896
402 1673
526 704
235 787
1525 1369
1275 463
175 1370
916 755
795 905
1026 1992
439 1625
868 1862
1239 1734
323 1764
22 1435
1937 1866
209 1908
302 860
335 1106
643 1889
36 1080
264 645
1017 242
1891 513
1217 745
1553 471
1765 444
1918 1236
760 12
1680 1076
1973 1181
1459 632
1069 1014
1508 1272
555 75
102 251
634 1733
1643 225
246 355
244 1599
141 752
1488 52
1438 1159
876 1536
536 223
46 1050
66 777
1618 353
976 826
816 1302
1291 1749
215 1190
1212 309
818 928
1668 1763
1135 1424
503 574
1320 712
620 158
702 1692
718 723
647 1789
1982 704
1002 264
353 46
1858 1203
976 1368
1507 1655
798 738
677 1260
1619 1372
1540 1323
41 852
505 1092
1033 1731
1645 581
590 665
65 1933
1341 1792
1185 1590
578 1613
1216 164
98 1533
300 1671
1158 112
1834 1365
1016 1581
1807 1392
1349 1348
586 660
1695 1655
1852 292
1431 1257
790 371
361 665
1003 1177
860 57
1628 702
808 444
1965 986
