1000
1683 647
1024 1878
383 954
1320 1487
309 1516
216 1151
129 1178
9 1237
1196 206
1893 1747
1921 1863
1622 1118
1034 1457
697 81
1396 1336
866 1540
1807 255
1389 37
599 1790
1653 1878
182 526
1079 633
978 1249
1637 390
21 864
387 410
1201 1982
1697 449
1747 794
1743 1009
1036 1592
952 1536
1664 1531
330 493
1253 582
1857 1405
1896 1000
1897 1033
1056 1938
595 423
773 1950
207 1808
1168 1688
1865 1335
560 927
1812 833
894 969
2000 539
4 849
1368 642
1445 1175
390 1484
1018 61
679 984
66 1583
1281 1208
664 970
834 853
687 102
757 783
523 374
1432 650
1017 56
462 111
182 1135
745 712
1988 202
350 411
23 1856
1827 231
451 1948
1639 113
749 1261
227 1906
636 400
842 1353
331 1963
1051 432
1851 844
1374 1504
1368 644
1528 624
303 1219
259 39
935 550
1439 440
1376 1774
588 1897
954 40
1039 24
583 220
1093 633
949 1169
1615 569
885 1485
1805 1570
1846 1653
1060 375
1781 104
323 1668
1659 472
1844 1979
911 65
865 1620
1523 1734
197 90
483 357
1741 952
1006 1731
893 613
276 343
1016 1379
806 1084
1504 1936
490 723
1423 991
942 1698
1162 52
296 1978
609 423
394 493
143 252
972 938
256 123
347 79
536 389
1543 560
1081 739
319 1474
1392 1757
1560 1675
1762 67
220 150
573 1226
1324 148
273 377
1582 918
1769 1564
1403 1755
1059 1284
912 1494
822 152
602 637
541 1554
355 160
1912 592
13 462
1992 660
1794 89
1938 1221
141 568
72 1814
1444 1558
690 895
960 629
683 665
1020 115
125 1171
1260 1755
1344 865
1943 1073
1122 1495
689 546
1450 1712
984 1104
1294 1171
1244 1555
964 883
116 604
475 1959
400 1049
1412 1468
776 791
1020 72
206 664
1547 404
880 204
1600 706
840 631
1461 773
943 1455
1294 402
943 790
803 1453
1916 1082
797 775
1874 1433
1852 843
56 142
500 1852
546 130
1262 1072
768 611
1102 1371
1810 347
236 970
1491 842
1476 1151
761 3
1141 408
1108 1461
682 1986
115 851
1734 1474
556 1085
1578 1736
927 485
1140 1323
1815 1200
987 1342
349 1704
289 486
194 1230
1027 1088
1211 806
1566 953
1926 878
20 104
423 1629
380 740
1861 7
766 1887
1316 87
1635 623
1618 725
324 764
519 1008
1438 173
1569 778
149 1627
1343 598
965 305
364 385
835 1308
1761 58
794 793
434 1526
797 832
294 1656
617 351
1092 1509
1377 1982
1219 660
595 226
1370 9
1557 1181
877 323
987 1703
296 1028
67 1876
1274 808
876 781
1090 1987
65 364
1918 1580
86 114
854 138
1798 1330
1480 1186
1444 1320
1798 1298
870 562
1075 671
1622 443
1558 1277
280 997
586 1821
486 1629
46 1069
463 141
570 38
1116 1092
1100 1122
831 1816
1360 1252
422 1731
1568 1162
1442 811
864 1246
1748 1115
1627 1656
1906 1968
1293 315
1895 639
924 1043
925 1642
1272 586
519 871
1351 745
1368 1923
100 1860
944 906
1166 1898
888 485
822 697
1428 1212
718 1349
31 557
1149 719
1996 1211
989 1453
28 728
1682 1164
1764 965
712 1091
1848 919
807 318
671 1369
1983 1112
962 453
1581 1563
567 1699
4 1905
1049 54
1024 14
1902 250
1471 665
739 265
117 1820
1328 1104
1408 1327
1168 886
1594 1683
783 77
1288 761
1048 505
1656 1188
510 1322
352 860
1517 1574
517 844
1470 1884
68 1788
1899 1128
350 1394
1382 28
916 1464
1922 644
752 1999
1908 1169
1944 1217
1662 175
1747 913
1007 1462
757 1433
844 1366
1931 520
858 1555
1152 1593
922 1699
262 74
613 1344
1164 1704
603 800
844 872
277 1375
1052 515
1725 1024
1901 1183
1658 717
580 1810
275 1421
118 433
1036 1429
1618 670
1463 1350
1956 60
1105 1141
737 696
1074 1537
946 1521
1334 558
1184 1894
375 1949
1575 459
526 248
15 1046
670 714
949 1271
322 1181
1511 1534
45 1791
856 513
83 1391
946 890
1046 94
312 1831
208 1408
698 750
1647 356
1109 143
1082 675
740 201
690 1672
865 1595
1364 1244
898 584
265 583
1668 901
838 576
46 1121
289 1430
937 863
1834 1937
1409 1029
1078 106
1501 32
671 1075
69 1431
1771 1844
259 1096
528 1430
1595 1127
703 381
1819 1552
1692 953
195 634
1818 374
1453 501
244 1636
1969 707
1638 1999
1893 1378
1982 323
1431 1264
436 1253
283 293
701 1845
1137 1079
1062 657
711 865
1076 1143
1161 53
310 1427
1457 531
1787 1560
590 1500
1962 92
1862 1658
312 437
1009 614
1106 1432
162 1410
1043 1412
822 21
503 1661
1411 1755
1543 1389
1917 1448
1432 1207
146 700
338 949
1020 725
1665 274
1789 1195
1839 1277
490 792
1385 133
1918 677
414 1912
1229 665
537 73
329 1837
311 1339
639 351
952 65
1926 491
1413 1106
784 1805
1470 1353
1692 1106
1944 651
1365 596
1804 211
14 1394
885 323
157 1752
4 701
355 686
1680 1308
1936 478
1670 1774
612 1778
1853 1007
1913 756
1638 960
1697 68
1494 398
1028 1619
1329 746
1359 1327
888 1647
945 1094
896 1997
203 1345
852 832
1341 1236
384 1775
1520 187
639 1624
1940 1258
1645 640
1981 813
1780 1487
400 338
1183 1914
1080 1908
920 1587
1111 136
1011 1241
782 1209
1536 1063
986 1892
757 983
521 1205
1350 853
1780 271
1791 1540
862 34
1369 777
1534 458
368 1628
72 625
130 888
1101 1636
1398 1336
1915 1064
1621 244
1833 1532
590 1705
364 367
1164 589
606 702
1167 1545
35 250
1181 1997
300 551
920 1637
1964 896
807 1552
439 465
1974 498
287 276
404 1819
642 1782
1868 554
1065 172
1149 113
560 354
1608 1266
335 718
78 274
1886 748
671 1397
1070 1791
364 61
294 572
676 1851
715 510
1999 218
700 63
1877 1845
485 1895
1969 1187
805 368
229 468
1866 1044
1704 912
239 938
1421 1022
818 1095
1384 725
830 1208
671 48
1551 775
456 970
1704 1368
383 672
1374 940
1545 950
1424 925
281 1533
710 553
292 855
1891 1976
1388 399
927 149
1355 322
1275 775
299 133
748 1548
118 1675
890 690
473 1990
112 769
1067 980
1962 639
898 1132
201 573
1094 377
1442 888
1133 53
538 1920
333 1945
1749 1953
844 1253
1350 1666
1296 1565
846 1718
1470 1836
856 421
265 1893
344 1124
1247 103
1876 1875
687 806
676 117
449 435
904 1515
1244 401
839 736
1220 413
506 1189
35 1329
693 386
1269 1528
1453 1428
1812 1372
815 1975
73 883
1857 938
1710 958
1825 712
1045 1343
1525 10
22 1797
42 1489
1332 458
161 415
1782 323
649 1382
577 333
1951 923
1849 1652
1731 1534
1803 1704
544 1840
1444 762
303 1351
340 1626
1519 1922
1399 819
28 1165
251 1775
881 1298
687 1592
425 281
268 157
15 161
1338 778
101 858
984 440
1838 344
1000 1550
548 1916
1835 372
1145 70
232 488
1190 715
915 218
395 1080
1808 1580
506 619
1606 1230
91 265
415 500
474 28
583 1805
831 742
1498 282
753 1618
142 208
124 1391
1009 620
1740 385
592 1792
1073 918
667 303
450 840
1770 1956
445 106
294 1324
1790 258
108 181
408 570
1190 370
570 1580
406 1866
391 15
964 1970
1325 793
1696 1601
889 1433
1905 1862
1030 1625
253 1240
877 1345
242 1778
1115 683
4 1637
681 1427
1114 550
1687 371
851 840
185 1755
199 963
989 1915
1869 1373
1414 547
942 1505
629 1264
816 1763
1432 1102
1544 988
288 1041
603 251
1255 1283
366 435
1258 1335
600 566
1215 1490
492 1504
1458 1587
945 149
350 1161
1237 1029
1145 402
982 325
1726 286
373 1356
1906 1503
686 1245
1463 547
1346 41
591 904
1091 18
1895 1649
968 297
1129 479
599 800
1719 517
1334 1590
115 161
880 297
961 961
403 1736
1790 737
776 632
644 519
1538 856
548 1564
1147 749
1225 1521
719 193
1286 1626
1679 1438
107 113
521 53
1423 790
1445 562
662 833
1489 260
1906 568
3 1351
1938 1823
1534 229
1490 746
1965 611
1369 1606
88 1213
1233 1533
246 1356
1772 1339
1827 1322
1990 108
151 468
1217 1752
1851 1015
746 1715
1256 1318
85 1629
603 1282
190 1562
100 1931
32 1448
416 656
1808 1350
141 1373
802 861
907 1013
43 712
647 10
1126 1054
631 924
642 1146
1935 864
1036 1943
878 1372
639 255
848 741
379 1977
340 1296
1855 1380
1011 983
865 1926
300 1520
1 1899
683 1577
815 778
565 693
243 1598
1970 1439
170 1002
872 360
43 1608
894 333
903 1065
592 1852
1853 958
519 192
1467 1977
350 755
81 454
1221 781
209 1036
1455 781
1072 1907
163 718
17 544
576 1844
1307 1134
1328 1782
1316 1095
1108 1674
637 492
1743 744
878 1388
914 963
920 808
1483 400
698 1652
1052 566
297 236
1292 742
826 268
25 1032
1099 1419
1597 1728
852 1836
1093 138
526 1588
595 41
1233 1340
1093 1620
851 123
591 1015
527 689
972 291
1326 1721
1947 256
551 1215
762 1702
80 1987
194 1533
616 388
1891 1989
1912 775
1792 1126
915 1372
1262 1185
964 1791
1954 1283
1067 90
1591 327
507 149
766 1079
1353 1966
178 1580
761 938
1285 271
1566 775
1232 1981
735 100
752 155
37 339
523 1110
438 1511
828 100
1541 1044
648 1844
706 1523
604 1018
494 1654
643 1513
1016 139
1382 1870
1022 470
102 585
1985 25
1060 356
140 802
1509 1340
1141 681
1429 1259
1649 17
223 1410
120 769
516 1412
1897 1744
134 1828
1003 444
899 1515
1576 973
1615 264
91 1475
1440 1816
1581 150
185 1750
139 1322
1788 39
597 57
1363 1944
179 1878
1511 1494
1792 1315
882 978
1926 705
1309 1740
194 830
49 174
772 617
1973 167
1917 1009
1545 66
1456 476
581 1293
488 388
1840 816
365 1920
1958 895
648 1641
1109 302
1219 955
634 1625
1925 813
542 1306
1 1241
1477 1799
436 1653
1143 382
1434 323
565 1275
42 1812
1173 1662
1172 748
671 980
395 1034
841 1403
1894 646
1264 445
628 137
519 1514
1611 264
1047 1447
1720 1643
529 157
1869 688
637 1264
294 103
688 90
86 710
1855 1192
1256 1458
608 1460
921 1302
593 270
482 1677
1023 1771
275 751
874 516
189 1998
1890 915
26 1728
146 1237
1253 1826
82 986
363 482
152 1130
610 1115
1795 9
