10000
1278 506
1586 429
397 867
217 1163
1513 860
975 1920
1334 71
1958 19
1429 551
540 1985
982 1482
1110 583
193 1311
947 1265
610 1046
517 350
1443 1599
580 827
372 563
1466 131
346 898
1573 868
995 1499
29 594
315 754
719 1309
1713 1474
757 807
270 1088
130 508
78 120
39 1982
678 286
635 253
1906 430
608 501
1559 381
671 1469
1567 1992
482 910
340 810
554 1663
373 1810
525 1176
952 1171
70 563
345 375
1811 1965
1800 891
1630 453
61 447
1932 1093
1508 1065
425 955
1278 504
1837 126
1043 965
1742 840
1218 318
536 692
262 1766
1416 1095
527 1369
93 293
481 432
1691 1333
842 37
650 493
1738 285
1287 274
1992 1486
915 152
1005 1608
451 1127
1642 176
1079 696
1546 1068
1722 1700
335 1368
598 333
112 997
611 1166
1657 1563
150 119
1063 417
1430 1353
950 1074
1319 288
817 1303
927 1034
662 201
1897 234
474 1809
69 93
76 1661
1683 1417
722 1230
218 657
25 1937
1628 1944
1197 1604
718 1967
1114 1064
1749 1899
1855 844
868 1780
442 1344
549 639
1995 1291
634 944
597 154
1823 671
1926 1032
553 1754
101 1677
1389 356
667 229
612 48
1206 1447
592 432
789 305
1335 925
1124 1034
674 166
1992 915
887 661
407 355
707 938
285 198
385 1046
1854 975
161 211
1301 1983
1835 1061
931 1818
90 998
1554 1824
785 1352
1384 720
1886 764
1175 798
883 1468
1613 1628
60 1225
1885 1501
733 530
1957 919
828 314
617 1276
1788 1955
680 501
914 161
1101 255
1126 491
1010 1262
1582 1528
1652 1321
1129 777
272 43
585 33
392 1676
1600 1006
1345 644
1747 47
795 1024
1890 1378
1964 835
1755 1898
1400 1271
1430 1167
1258 839
965 1097
279 922
1981 1696
624 1974
1293 309
963 1271
1497 1763
296 913
993 1350
1071 470
1871 1130
1302 949
295 1099
1096 1022
1943 431
1959 1886
694 238
1293 1413
1271 178
1329 1411
120 1572
1031 681
881 1555
798 642
210 1630
1117 1796
243 437
347 574
265 684
1032 421
1186 824
955 1785
1989 437
1124 1787
1343 185
1911 433
1657 1513
1840 1210
276 921
1146 1711
865 551
1751 1589
481 1074
1545 398
737 1962
1139 1022
411 1377
1759 1344
433 907
1387 1726
1888 188
692 750
1896 322
624 70
903 1322
1138 932
1887 36
259 1005
1538 514
353 100
1122 1945
797 1134
1104 663
186 791
185 64
1314 1504
1064 509
1787 903
1220 1674
902 405
1085 1861
1688 1851
1998 1123
1308 181
629 938
1481 1602
989 1058
1539 139
1735 336
390 311
616 599
104 796
292 1093
1213 1193
1967 1880
533 1647
288 915
1458 1784
118 994
309 1027
771 641
762 515
392 81
1737 77
909 1718
1775 1108
507 1840
1833 1634
380 339
1837 1763
173 162
477 1862
1310 685
613 1887
881 994
1553 12
1188 1644
1621 1034
643 1780
1255 49
553 637
1469 1450
1122 1857
851 1029
1332 1826
1914 1557
1703 1836
731 299
1312 1039
320 262
404 316
475 131
502 420
473 1736
970 1663
1628 137
700 795
1757 592
1235 970
1924 705
173 652
995 1537
1150 541
718 555
15 1584
1424 407
119 1079
1782 1133
161 1282
1229 499
1648 1187
303 209
1401 506
1103 406
1546 383
705 1866
372 316
616 699
1282 940
1578 1535
62 194
1876 273
1309 348
1672 715
578 588
633 1755
1424 123
1599 966
648 1647
1327 193
1467 826
1166 194
562 524
822 869
1773 218
444 135
1879 871
1657 841
1773 433
237 1379
1230 350
540 873
1272 1934
1333 1745
74 1448
887 563
1392 1971
1420 409
1963 124
694 1159
1972 1401
1949 1971
230 725
160 377
1971 841
132 1663
590 1130
1945 518
1750 1562
1835 1903
1399 218
1846 1935
915 226
1882 475
204 1710
1558 1119
992 1628
1377 111
686 1818
573 837
1385 1063
1254 1557
50 1369
1568 1167
1433 1136
1385 550
493 933
1041 1419
1574 549
1097 1947
1358 1461
1343 1441
359 72
182 881
1013 531
1252 951
869 1279
1140 1508
1773 485
1695 1167
114 523
49 1419
674 1775
1435 1355
941 54
1021 1230
335 1283
710 1726
1472 1907
1696 1957
882 960
1560 257
1394 1891
879 1096
243 376
806 162
1267 1376
142 1997
94 296
174 245
997 877
1223 104
216 729
385 305
1371 614
1992 1316
1650 353
1124 437
280 185
542 1298
710 756
621 1164
1427 1785
727 1021
1629 1220
1326 1033
938 441
940 1727
376 1393
1523 1712
1308 1927
1251 1342
742 606
1195 1174
1996 282
277 946
1573 1922
1868 1772
1139 1627
254 684
1770 1326
1948 1813
894 1016
1861 702
1512 1018
128 1357
113 768
1520 1725
186 1826
1011 1008
816 601
1189 696
1888 913
1828 1208
1915 416
64 1617
139 4
1203 1986
840 1960
51 1144
536 995
1304 520
1374 1722
874 1034
521 1297
1172 1511
806 1045
335 921
566 599
1047 1644
993 0
599 1430
1471 963
1261 706
388 192
1417 766
1367 503
358 405
1892 1958
1190 362
501 87
1849 423
1956 873
61 1213
35 239
312 1243
270 514
1916 1722
1879 1626
166 278
1052 817
469 1630
1312 982
1543 1530
1340 1291
1115 1176
653 343
1632 1973
1505 1937
1104 601
102 120
713 962
1835 1459
1375 848
810 372
1205 1143
631 289
1605 82
1550 914
1820 1308
1566 1585
383 1544
1885 1606
1524 1432
1047 1980
84 0
1107 1203
123 616
411 803
1752 396
806 637
1362 1024
607 1305
468 206
1088 419
1911 1983
296 953
1018 1226
1742 1467
1207 417
1090 1150
900 1493
1732 1387
752 1557
185 1597
134 712
952 115
1174 764
1636 275
1636 819
725 1817
585 72
561 570
1550 396
1476 641
1031 395
870 1682
1512 1048
214 1704
1787 1507
1856 1472
1957 107
1964 1994
915 883
1936 1021
52 862
255 1735
526 828
132 640
1774 1631
114 340
260 801
1350 1615
1172 343
964 1032
916 208
521 763
447 947
1582 846
1124 258
734 199
1944 935
1347 1947
1257 545
430 685
687 1274
626 1774
601 1751
1217 1882
660 702
1724 594
1087 1613
1222 1963
307 30
704 90
377 1615
1669 714
1156 1456
1818 432
989 547
96 1920
1065 1316
1533 1135
231 1128
375 626
1809 39
1850 1534
719 1803
1708 1287
1093 510
1434 652
1009 1490
1713 1781
534 1571
1379 242
895 1947
344 1578
1849 1923
1822 424
827 266
1647 16
1361 1389
548 702
888 407
439 451
156 1602
620 266
1483 684
52 260
1941 304
544 966
1274 1034
1631 1488
879 363
1016 640
1428 1343
477 1560
759 244
1953 53
1095 1160
398 1172
608 749
499 1743
541 842
1125 1508
1997 398
1982 821
1707 937
1426 172
701 1280
1781 1292
1338 37
609 1651
962 1303
315 1301
1989 557
184 260
854 1749
1329 1616
898 481
942 1669
1783 243
1005 1342
1861 1550
1603 1997
1407 175
1881 1562
1035 1491
835 1972
1645 1180
1882 506
1049 603
1217 1495
1978 997
1473 12
1761 1730
797 1778
1219 1165
125 992
1711 787
1611 1916
384 639
383 216
1207 1075
1661 1397
1183 1152
1887 826
1343 1394
1884 268
1538 186
36 1676
1320 571
1435 278
1392 396
724 522
380 1286
637 309
1204 1346
1081 620
1916 1599
1920 1376
1526 1819
1957 675
1175 909
198 341
1647 541
1071 1202
575 1786
1744 661
1347 1036
1927 94
1217 1861
890 1371
770 1606
1416 1591
141 1433
510 1302
1000 1285
1089 1855
646 1210
226 322
1013 1976
1013 276
845 957
867 1618
34 1472
1135 1407
1203 1007
1229 609
1683 1049
1837 1672
419 779
1619 1078
1692 1377
1017 380
216 1310
1025 1910
1149 590
297 1924
789 1262
1388 1744
139 1607
1850 902
1440 800
1280 1517
155 1360
1836 932
1127 1890
1203 371
639 1374
1570 65
1429 1765
559 217
336 1363
233 262
862 1898
343 1619
1833 1603
857 1620
906 1483
885 227
590 639
692 329
844 953
1438 194
877 1927
706 468
1322 590
1462 1695
1859 1144
1974 216
305 782
1465 268
464 1969
1990 1722
1996 1669
1173 1617
47 490
1272 1114
1399 1028
1339 374
1775 908
665 1833
1492 321
597 333
190 666
836 648
336 1787
1529 832
535 31
1693 296
630 1924
312 359
1055 594
333 576
693 1127
243 641
839 1989
611 737
1697 1257
963 348
1135 61
1959 594
486 306
279 1410
1342 878
1615 1725
1747 1501
965 1547
806 911
291 934
1465 652
1541 985
525 1899
881 906
517 1474
1623 823
1182 874
413 1254
1937 1399
743 350
1050 1046
1904 261
564 1920
1732 1526
8 629
587 398
549 802
1602 779
1749 1088
927 39
1071 799
1637 578
359 704
412 1716
335 1079
1067 1785
638 1603
551 949
1276 868
1138 679
1936 420
116 672
84 1370
1486 489
1216 297
1920 1973
406 1628
713 1910
507 304
529 472
1940 703
969 1736
1884 549
309 1300
393 1627
1557 1995
1947 899
492 331
1036 462
1315 1495
1874 760
462 351
1123 1383
335 87
162 127
811 113
341 1154
196 1134
1166 1442
50 1279
854 1577
777 200
633 1975
1784 1345
525 382
190 1520
1667 1968
1189 1
618 1554
451 1267
1517 1047
952 1494
1857 519
384 1764
8 1034
1867 1808
1648 1036
228 1026
186 241
1122 1688
1191 1619
1660 551
262 72
1576 1808
1779 1805
959 144
508 813
1824 1401
1382 400
1960 772
1242 742
589 175
651 584
1504 1598
1212 148
1471 1242
1509 1942
1042 61
401 1734
1150 1731
1636 774
1853 389
331 160
1657 640
629 647
446 1520
1703 277
294 100
1517 1098
1347 1694
1870 852
782 843
1131 63
1462 1981
41 1586
376 1445
723 1811
1817 472
229 896
696 282
343 347
535 1821
506 625
782 871
73 1647
392 1397
1590 325
1544 1839
810 1434
290 693
933 1438
921 1066
1881 430
1425 1287
545 1369
415 1884
880 869
1930 1744
1604 463
272 292
5 1546
1491 1742
1175 723
1108 576
80 516
1566 746
1660 1381
859 997
577 1824
718 1507
1828 1468
437 1833
1411 1907
642 1601
543 1378
1026 1207
0 987
189 1785
378 750
1022 1928
1643 1589
583 38
150 1652
1716 1622
958 482
1511 908
635 1280
1692 243
708 160
633 925
1523 1425
1059 1019
454 490
1289 696
1558 1982
589 1454
1143 1373
1145 543
1489 483
565 320
690 134
235 1796
99 1148
1638 1736
533 449
995 1113
1315 703
1875 990
1104 844
816 188
305 1282
570 1607
952 713
1827 879
1837 616
217 1166
564 304
1488 1934
211 466
1352 933
1189 37
38 691
731 1556
99 1072
1428 1632
897 260
958 364
391 1913
275 542
251 1785
1088 589
1013 786
1113 395
977 347
760 1933
1475 219
367 1977
1662 290
1306 990
1449 342
280 1379
277 1916
1512 579
1040 199
291 465
311 431
917 1704
1446 1152
815 962
239 22
774 663
1784 473
1730 799
1847 333
388 551
998 884
1875 436
201 19
833 620
312 1815
76 866
1330 1156
215 736
1212 1728
1148 1773
1078 409
1626 1365
1368 1776
786 1760
1069 44
954 433
278 290
392 554
710 1434
1518 92
1277 14
1984 828
1945 415
1492 262
1882 1313
3 83
753 928
540 170
969 1612
1331 332
285 21
356 53
607 1720
1839 717
1839 232
1822 773
497 533
1554 271
453 120
1325 927
1145 793
1167 373
814 1969
928 1883
950 1054
1147 416
703 1612
444 586
953 807
1964 430
759 126
115 295
1035 1473
1986 844
1186 474
1330 384
794 186
569 685
906 523
1866 1691
1443 838
622 663
668 1469
50 161
307 1321
838 392
57 543
1307 419
1834 1048
418 1136
339 1203
790 1346
1910 1582
1432 1025
263 1032
1182 1441
1775 762
27 1228
1034 1195
1852 1276
590 1170
438 1952
1129 1540
841 562
1769 951
1054 952
1446 594
231 1816
115 402
388 1522
1385 1802
1105 926
1013 1662
1974 1394
472 1589
1496 868
1045 533
1128 1600
375 869
1969 1699
1894 1363
1035 371
1086 1128
1004 555
870 314
1126 1231
1656 1372
843 1291
1309 351
1502 307
491 72
331 1134
1980 1228
48 637
878 535
1264 296
381 154
746 1071
1457 1856
1905 1066
1932 1333
1989 1811
634 1345
598 1445
223 792
1711 1248
1581 443
937 871
1792 997
191 1956
493 64
1391 516
411 1693
1129 1197
810 206
1989 1156
1071 1503
1131 1299
1334 1678
1345 1334
880 451
663 1470
560 1686
976 438
714 975
694 1732
1332 524
1447 987
5 628
1762 371
969 1521
1439 742
596 1911
62 1985
1852 132
272 736
1130 325
388 1207
1284 41
914 776
1986 1451
413 15
859 619
638 1442
930 1092
979 686
962 86
1634 1817
802 1343
809 587
601 29
74 1233
979 468
289 1049
270 1529
243 1799
803 1015
11 543
1999 914
1343 1987
1015 1489
1300 1386
701 1331
674 1615
738 617
1442 1755
1629 826
1071 963
444 67
892 726
834 1049
1518 892
1568 488
770 1288
533 1093
633 955
1038 1416
869 354
923 1796
1027 374
1734 1632
934 647
342 1701
1672 815
723 388
1294 656
599 1605
868 1737
1076 61
1393 714
1031 1326
1142 1886
907 499
754 821
139 555
42 690
1995 1008
273 1014
1454 1744
1121 1383
1806 1182
45 674
1859 1321
830 731
1854 478
1726 65
1124 289
1324 1807
510 637
1322 116
708 253
1574 972
590 646
1664 1436
945 1163
1194 860
121 746
236 1114
691 558
998 1533
752 284
790 1658
524 1825
1344 1019
1631 1582
1024 993
551 1121
823 1940
1825 765
1895 17
151 1167
1550 616
1989 170
1226 0
17 748
804 1327
754 496
403 644
157 1098
1001 816
1538 255
739 1804
1999 1547
194 1254
920 1144
1889 370
1288 1542
1438 1408
1637 1939
1679 633
1083 377
1425 1579
620 1390
1285 1937
1547 778
1357 1758
1141 1343
1010 88
1544 1720
1289 872
1343 1122
1412 410
1924 1049
873 744
628 978
1871 109
998 912
249 1510
1677 502
925 27
338 788
1731 1353
1063 1017
1352 493
1321 405
713 13
1879 1073
1488 283
1859 361
1753 776
231 1299
703 1415
1810 1731
917 1984
1675 1842
1586 1580
475 303
1721 610
899 1415
49 1038
1130 1031
730 1734
1694 1493
262 1951
1997 1352
1588 583
734 1186
1018 948
1397 1129
1704 1731
165 874
1175 972
1988 1042
1301 518
1329 346
68 425
915 1015
714 1831
120 1198
813 487
496 1363
1406 490
1650 710
324 1988
149 231
95 1147
266 1205
269 656
1568 1463
1826 150
273 418
1541 302
91 1136
1580 132
1611 1302
1634 282
1528 886
97 1548
270 1433
666 1280
1139 1477
226 275
278 1987
943 1818
1362 321
1785 1542
865 782
1594 1352
651 16
492 298
1693 1849
1078 293
539 1940
374 593
1251 159
991 1229
255 1106
1760 1017
1064 1936
1664 969
469 1258
1236 990
1197 298
84 429
1532 288
747 1153
425 456
331 857
445 1442
1007 1853
1400 80
48 798
1923 482
1781 1785
589 339
224 927
400 919
422 1408
710 654
1239 1612
926 779
1843 530
1177 783
1871 1126
1020 827
1056 175
1843 1100
456 1402
361 371
697 729
1792 1037
997 1431
590 1396
943 59
1372 474
1127 1536
1279 1462
632 279
1289 816
0 481
197 239
1761 1237
1956 1467
4 939
1512 407
1744 1451
1667 1678
1005 1180
1831 277
1632 1893
1872 1932
1265 1999
1441 835
742 701
156 1683
1372 1271
640 174
290 611
1865 548
1250 1199
280 1356
199 1336
185 323
29 1656
763 1500
1820 1146
1636 1588
709 1627
639 230
1242 54
1321 284
908 952
3 348
1924 388
222 405
1504 445
507 755
1240 1382
1522 1672
1753 1686
1541 678
1128 1685
1561 505
1564 714
1763 1178
1379 231
587 268
880 1001
1633 1419
191 116
1278 1053
487 62
1549 1079
1500 813
1174 1902
1870 1323
1309 259
75 849
510 906
522 621
281 1292
1993 15
643 982
143 1022
45 199
32 743
60 1084
481 1702
1082 1500
218 810
1155 1146
647 1560
1887 870
929 60
67 1716
902 1450
1087 1100
1649 1078
83 1287
461 975
585 404
212 555
323 1724
275 469
709 1416
836 692
37 1040
83 674
533 929
265 1535
178 579
1294 412
1465 768
1740 1518
540 1824
1736 964
1803 1641
1289 863
508 601
1990 426
170 1626
246 1436
398 1174
1482 1424
61 819
523 1002
981 463
1769 722
507 136
1749 1222
915 497
97 1918
1817 1630
1836 1438
330 343
1553 198
674 1412
1754 482
1952 1347
1835 1274
83 500
515 146
547 429
1576 929
1861 1033
192 56
107 675
1547 1089
1757 1780
1 755
934 1519
1828 639
1508 1846
1753 343
1811 1726
1492 803
605 1614
1697 532
1963 879
403 406
38 1793
15 362
1086 1857
447 263
555 281
1548 503
1097 1577
334 663
1291 1265
1832 1330
896 432
1832 537
1408 925
880 1539
1840 746
402 313
628 224
625 1304
1150 355
960 1800
437 1711
1140 1418
1322 591
359 1394
1925 433
249 472
299 1978
1569 971
804 443
78 1484
668 718
1948 1916
1867 58
1516 1492
1129 703
1446 1066
795 169
322 935
657 1016
241 706
408 523
701 1705
203 198
474 287
1579 166
845 573
331 1327
1472 962
594 1046
560 369
1822 1708
287 1354
1295 1320
1258 1439
484 1142
640 695
1536 1879
83 437
1755 216
648 1048
1015 1892
1579 1062
262 1223
117 1494
46 1899
18 466
220 1825
1586 1638
215 1451
1571 1459
1809 1674
480 288
1613 222
188 1763
1288 913
269 835
1638 1716
171 378
1154 1266
187 1981
484 601
1417 1284
1379 741
389 1226
1431 204
937 1480
130 1607
572 161
1471 1035
387 1227
1073 14
152 1203
1294 1461
1065 422
396 1082
1751 114
408 1775
477 336
520 1956
114 1874
1499 1146
1794 1500
1856 820
1366 642
164 1462
1838 1550
808 294
768 1952
387 1010
1218 916
588 524
1318 8
479 1129
409 57
915 103
1984 1446
151 644
1362 277
1252 129
1713 1433
1126 1354
1352 432
164 1013
1232 1118
0 42
418 1390
968 1966
1622 1267
519 1600
1208 1443
1240 1368
808 158
1163 1376
75 66
1619 346
1312 1550
728 1904
28 835
255 1040
1530 1491
991 1883
1967 565
1497 987
290 1565
1987 156
171 366
1328 1318
404 567
373 1646
281 496
1654 1785
357 1397
1930 1396
207 1433
1480 1050
1181 69
1704 1997
1206 1159
1174 1153
1554 1375
1550 188
1709 1002
117 376
536 1558
1513 1002
253 741
500 1058
1816 1437
890 98
1156 1967
953 1840
1346 118
1981 1047
1917 1715
563 658
1403 1428
386 318
1598 153
577 248
626 927
120 1098
1915 632
110 1044
1327 1168
1186 911
1280 1833
680 1411
140 1461
1157 189
261 1162
1543 258
1247 985
1088 1121
205 1958
940 310
65 146
704 1394
1947 60
1605 803
823 1303
1592 1250
63 709
314 808
988 756
841 478
1814 134
519 1916
1912 1990
784 1944
746 202
1694 1001
35 1351
108 724
358 1900
150 1230
176 1782
1724 559
1067 543
179 1113
1330 1300
779 1220
471 931
1692 667
372 66
1877 1062
1284 1431
100 1656
1562 409
989 1105
1138 1716
988 1137
425 528
961 625
443 1615
1192 489
1237 1282
1012 1507
935 336
810 1417
578 193
1465 1227
1746 1288
427 1255
720 142
790 69
593 1471
105 1699
1203 1506
50 611
947 1078
1419 659
977 1991
1883 30
927 1052
1734 516
370 240
1264 353
1810 58
1927 527
780 85
885 570
1646 1031
937 1142
565 261
49 344
1869 984
1791 715
184 836
126 836
954 425
635 569
1600 356
631 1271
881 943
509 1658
1995 1821
689 579
1114 1444
572 628
264 498
485 466
990 150
721 1139
916 449
1796 1501
1663 13
1513 1582
998 685
1624 1439
224 230
1911 222
581 1555
1248 230
1134 821
191 593
1770 788
1912 1293
1586 1537
390 322
988 1609
1649 1334
1862 833
1638 1838
32 527
222 594
1955 819
17 1841
1817 1234
1368 1247
944 1292
950 1277
1663 1943
1247 1622
1997 440
1356 1738
545 1116
1636 276
710 1716
1204 1232
1303 190
1598 94
1266 648
1051 304
616 1142
598 1726
1525 127
422 293
608 1211
257 1646
835 818
785 1854
926 793
1848 1289
481 308
944 230
748 1328
569 1064
83 592
1274 699
39 508
473 1713
1670 485
34 479
1696 681
1844 1007
83 636
238 294
529 1287
401 964
444 319
328 663
5 225
1618 98
1523 532
261 861
940 892
459 304
1892 1970
1101 487
479 1054
1109 988
226 137
293 519
1110 1896
1423 716
773 1476
1598 1604
664 673
1770 865
967 1867
667 1381
1488 1332
49 831
1847 834
457 230
1273 908
1636 1337
737 245
1843 1743
1407 827
851 1835
878 1362
888 1582
329 1390
1363 1767
549 1840
512 1949
1030 589
456 72
1836 14
1114 293
1036 438
13 92
444 516
1638 1159
190 1885
84 1623
216 1397
1457 1765
1700 65
358 581
333 936
1092 809
1947 231
1613 801
1152 1366
1639 572
1524 437
1281 1496
1605 463
173 1411
1760 1544
804 865
358 1918
1692 1144
663 832
68 498
731 672
550 724
1325 1862
1115 440
887 714
577 1571
1220 769
676 1214
996 168
29 486
759 424
1123 1439
1954 1097
986 814
1523 1103
1203 1894
1874 1624
1656 636
1650 187
1271 472
1873 288
388 1873
1063 355
590 996
271 242
1054 1500
1668 1238
894 887
1135 1354
1780 702
399 1899
1744 192
1897 773
304 1875
848 813
259 720
1082 871
1683 390
811 1508
1544 287
833 1106
196 423
71 1061
1923 1370
1835 77
1929 1208
589 1169
660 19
155 157
1402 80
839 1083
1999 944
132 1903
1928 1979
1812 1415
413 988
931 425
1041 1200
1724 377
685 1084
821 1
1745 1289
178 531
824 1798
1511 302
1109 138
1248 1855
1750 860
1623 347
1987 1216
274 1225
1977 220
870 302
592 1317
1324 1914
140 284
649 868
554 971
682 575
1706 36
159 1561
535 769
469 1598
1447 648
1840 1405
1139 1043
1824 1655
1543 43
1213 860
601 597
973 556
135 715
1425 463
1782 1031
1970 1738
1761 14
54 1981
600 299
555 1386
1080 531
746 1046
1793 641
1031 722
1938 4
396 1173
1171 378
861 554
1259 209
580 1125
1099 1297
522 791
197 1896
1516 1447
1119 1631
627 746
1966 1869
669 1993
1488 1421
107 173
319 1672
419 1464
1127 1938
1817 519
901 1038
618 30
111 1344
1207 964
165 726
1273 616
675 948
1676 1721
927 568
656 1705
1712 1238
422 1666
707 261
1381 814
1723 1424
314 1283
293 1226
1835 1152
413 1165
439 1335
894 291
32 1240
534 1292
1035 1544
677 1023
699 1666
1307 1312
932 1965
674 1093
1728 24
1085 334
1676 196
1335 1152
1518 472
1796 1222
1577 1920
948 1142
814 716
1516 1387
1342 1093
65 179
1273 1956
1212 147
803 463
1362 1124
774 718
1097 1637
1521 372
1830 990
1474 745
754 971
1270 1779
1092 1249
936 964
797 740
39 1859
932 619
1311 228
1608 1395
946 973
202 1216
715 1993
1568 643
887 538
267 1098
1210 1453
1334 1950
1339 1517
1112 1472
1171 589
270 795
69 1239
1905 407
386 1591
975 1504
1180 1022
967 237
1639 1007
1255 1501
922 1811
1867 504
1469 817
1359 1851
1845 1626
1326 287
1097 1243
1454 339
168 808
701 717
1580 1120
1015 334
1185 591
1473 320
1590 762
970 1152
148 965
1235 683
1740 214
1734 747
774 1042
1498 116
1904 1542
447 1672
1973 76
1811 1658
867 1740
1505 1407
556 1033
122 465
1997 710
1069 463
1082 1305
1429 1685
865 1174
974 727
1813 19
620 213
610 1198
729 536
977 1504
577 1959
1373 187
1409 1205
1312 1048
1117 425
1650 140
1473 122
1422 1525
1907 631
1324 1968
1419 573
1884 1474
423 770
290 1246
369 1363
1193 437
204 467
1569 180
352 1702
1165 1187
525 1724
383 1950
456 1069
941 1537
1203 1154
1591 735
1831 774
1415 1129
319 1597
112 1980
861 1877
1023 1484
1317 1453
849 797
708 1673
1705 686
1279 1644
664 317
1549 1971
140 606
1722 1674
996 922
1859 1753
1912 1099
1018 1094
370 812
1644 1998
1652 1297
1676 14
1704 1660
1733 743
1026 1392
1590 1312
1731 1066
1413 555
642 631
1812 1800
1498 1687
1820 1376
998 987
1120 71
1018 722
281 113
433 733
355 716
1980 1855
622 1083
922 848
1025 1047
353 1904
1222 1400
1928 1409
239 1440
1800 67
1884 490
1290 1278
1353 533
1667 1931
1923 1106
239 787
695 845
654 1367
163 1662
1518 683
898 1237
1354 1177
1395 1938
1186 382
1580 1153
1167 604
1489 1247
1878 1459
395 182
621 1572
1822 798
1777 1066
1349 610
1320 1563
577 1507
1535 641
1827 1389
902 189
1121 281
1832 1906
1958 193
294 1669
1093 1715
1826 1581
483 854
102 319
717 437
68 1674
1755 703
1624 1198
1789 1687
848 1260
1872 1111
119 502
1518 865
1114 1501
1990 1596
395 1654
1639 995
1517 1308
984 710
1123 611
931 1649
1718 741
1903 699
1178 297
358 1320
1686 177
924 429
127 1849
538 436
691 1831
1717 60
360 730
340 687
757 1934
1079 722
1813 1830
285 1371
1664 124
1913 1922
1223 1892
1808 319
1609 82
214 1231
1520 1802
823 1799
54 1135
662 264
772 1243
801 1284
198 740
1775 27
603 1873
161 1772
1141 395
1691 422
1152 161
1417 661
145 31
42 768
276 1853
1996 1138
86 1941
1984 16
688 356
474 1742
1172 860
650 1846
96 1501
826 1397
1016 741
1359 669
405 947
935 143
952 1453
77 916
1624 1889
1590 1533
1670 439
693 28
343 77
1286 1636
1796 438
674 1007
105 187
1562 371
632 490
733 259
324 902
769 1886
1810 299
1426 261
1233 1146
1573 1339
154 1063
718 432
1156 1209
1106 1417
305 867
1604 604
1338 611
298 1099
1194 654
743 1216
1755 1839
318 1325
1232 1074
1023 184
58 1367
1485 366
1290 408
502 1122
1161 1804
1565 1240
1095 667
1798 834
468 130
1358 437
1826 1477
1954 327
414 1173
961 111
1559 285
1945 1875
1328 171
1472 1946
399 1098
1831 1742
1587 1978
1993 1669
1584 73
370 1121
468 1121
901 1704
874 74
292 1591
527 404
210 100
98 338
1810 551
170 1647
411 1868
1139 915
1562 913
798 1134
1637 486
563 1110
694 1999
504 1455
1778 519
1022 1591
49 1120
1132 800
675 1911
717 47
513 1760
1507 562
1760 667
1565 1984
1689 266
1804 908
315 955
618 1985
591 1844
419 1876
156 1428
456 1640
49 1388
1999 1886
1673 64
1068 621
1270 1738
618 988
792 1323
1833 1849
1368 263
1027 1045
548 1265
1382 689
1958 1992
1725 1621
367 1225
188 759
985 1395
1198 106
261 1515
1074 629
737 515
1196 766
1657 394
313 472
907 1732
896 1206
1992 939
63 193
223 160
1643 1729
937 278
823 1633
967 194
119 1560
96 1221
233 1185
171 1314
390 109
368 477
1263 252
1376 1499
1651 1064
163 1354
1411 229
735 849
1262 1946
556 1362
1281 862
1923 1150
1735 383
5 214
116 526
644 754
1121 304
905 1734
1569 416
1215 19
1769 1095
668 1357
1470 538
1582 1893
1509 1511
1612 1418
86 1820
721 1281
665 1501
1120 1098
380 979
1080 1292
43 961
514 1719
709 1146
54 1032
950 927
1094 1665
1232 1491
1785 1139
725 1275
1611 1095
779 1982
1450 302
1445 864
658 1455
887 448
492 207
1499 252
1938 635
1985 553
718 242
371 83
1734 1312
259 1614
400 817
181 1046
1357 1173
646 511
1009 1797
563 533
207 1279
592 1685
475 524
1671 221
1720 709
1740 1402
1624 1291
1744 529
1489 921
1200 1945
1551 499
1094 1211
567 322
932 1845
1332 1449
1067 820
1739 65
252 950
443 1804
552 746
1792 147
1672 1406
1874 698
986 1452
581 542
1548 203
1132 1654
1776 1622
976 122
1448 1008
694 1632
1004 345
515 1911
713 1082
1312 1202
1550 758
362 852
1713 1635
1964 725
540 526
1384 81
1886 889
1069 825
1049 910
1156 1234
954 1386
1460 1948
436 1925
1315 61
1087 1238
567 1460
1794 1046
1143 81
1581 850
687 161
1047 564
1936 1632
1681 1461
704 776
392 568
1282 1832
1311 1478
203 1070
1726 367
1651 333
1723 1020
1906 358
672 1364
923 643
1606 1335
1223 1310
842 1487
1437 561
999 1523
1668 1998
1674 1222
1805 33
1722 95
513 1446
738 1742
1282 272
1488 1675
850 1297
1959 1513
885 1048
999 1019
356 1452
547 1918
163 1971
1958 1600
1028 1672
1495 57
450 1773
1559 1338
220 706
1490 1134
933 1733
347 1840
1662 84
1853 1276
821 389
695 990
1149 455
288 1415
1121 1896
372 1695
1810 911
728 646
255 127
96 1103
436 295
1430 649
1842 1523
904 1953
1153 921
1337 1170
859 661
1355 896
114 586
1779 941
1333 182
1974 1483
1485 1206
814 1295
855 63
924 816
790 194
600 1431
457 134
475 1813
274 1512
1764 299
1904 1454
692 1760
1824 532
1810 690
849 207
977 1402
1254 287
412 1250
619 1473
1362 1741
561 1553
243 261
1857 1029
1709 1093
1997 1694
23 1440
353 1132
1323 991
116 1526
513 1723
104 351
231 1465
433 579
1648 590
866 962
175 762
1164 1642
824 1894
1414 1617
1040 1208
1165 1160
390 1369
1459 866
295 1882
1824 529
1536 946
289 1246
1384 1043
761 1372
937 1791
1488 1967
1908 302
300 1288
369 472
442 351
1776 1555
1180 1185
550 744
1108 1043
526 1744
600 935
1156 1956
785 1446
240 671
924 1882
975 1105
377 39
1368 1106
936 774
1906 33
779 17
1032 385
711 1903
1505 1525
1017 61
1528 1066
1846 311
1014 1378
1640 300
1844 440
486 153
402 195
1454 505
1337 1484
226 1811
1860 1096
373 1587
1624 968
865 639
417 1635
1585 306
953 918
1381 1652
1520 1444
1074 1268
1222 1993
137 1400
1805 1540
1469 864
1985 1711
1438 1203
874 129
477 364
1956 1998
137 915
1532 1679
1392 1620
294 1626
1127 986
1778 1043
743 1451
211 700
810 923
1957 54
1779 1202
1004 1541
747 259
1513 282
1084 1101
28 468
989 96
38 1187
1304 516
1602 389
1093 809
200 1864
1404 1391
494 1130
1959 295
228 1097
1138 183
62 1350
839 1617
942 1654
570 780
1325 880
1539 238
838 1463
1063 1486
1535 1302
720 1809
1840 1261
703 1870
436 1987
1212 1098
1172 1347
1973 1537
1911 327
820 679
320 1454
1684 1216
1539 1917
693 47
1812 149
1246 352
1336 1549
1876 977
1517 504
19 965
1947 473
761 1203
1456 10
1677 1022
93 460
1581 1739
1271 281
1487 68
1572 1076
1995 97
1983 1310
961 1390
1385 1078
834 989
752 922
335 1625
662 741
162 217
1120 1614
1292 1397
1887 324
633 108
37 595
1146 692
306 1891
837 1952
1127 814
746 892
587 1050
301 1562
1868 578
1799 811
291 1510
1733 1920
575 473
439 1858
398 1586
137 810
137 1279
1990 5
624 182
579 259
813 949
368 178
238 1639
1756 77
600 1023
69 520
385 147
482 898
1654 738
636 1926
1079 85
1521 1857
703 1245
480 576
1900 334
533 1330
263 265
942 442
1529 1537
42 317
1786 870
871 1972
1169 1751
197 1190
1887 1203
104 1740
1804 163
987 1817
872 1503
381 1211
939 836
1679 277
450 1724
336 779
1645 1675
781 1205
90 1068
1403 646
1385 1216
1089 878
1637 55
1409 804
1437 1618
691 1937
990 1534
981 893
677 1543
1274 292
1594 206
208 1652
779 27
1430 620
1596 1930
237 162
1067 484
1423 701
1809 1600
1926 1383
1174 152
1562 469
1911 1652
1947 1499
1910 1925
1194 1891
1352 400
263 1170
1295 795
347 1510
1486 191
377 900
1167 881
404 1942
398 196
181 1405
993 1135
100 1850
1702 1403
1026 607
885 1248
1791 886
1880 44
334 691
1498 1301
233 1923
931 156
578 1378
163 516
1800 929
1896 1230
1347 1525
1074 536
1651 989
1662 395
117 585
432 733
1814 1879
368 1838
1297 1585
926 700
379 1779
1282 1854
528 1230
109 1430
1461 1378
206 1420
391 40
1889 672
1931 388
1489 460
1712 867
1142 1343
1885 381
1646 946
1915 618
119 161
1386 1155
750 1137
320 1056
1869 293
1520 99
1905 542
1615 1428
1166 1606
1864 689
364 590
1867 1173
1405 1764
623 1985
1708 571
1607 333
228 668
1400 1112
81 235
209 1263
140 1734
284 1917
1359 1742
1297 902
900 752
1954 1433
1837 1799
1315 586
53 30
1332 1887
1133 1657
1744 1965
127 162
1877 686
1134 1836
1059 1387
1066 1317
1436 1135
1005 65
1671 102
1710 1772
1509 1202
228 519
735 590
828 1905
1532 1551
358 1913
1339 340
986 13
1444 608
1448 918
757 911
981 1349
1593 1712
1601 537
1326 1186
1854 226
442 220
51 1163
253 431
1687 164
1301 979
1051 1678
428 47
1649 1412
1881 1446
1867 1810
191 608
1588 1122
1125 900
100 609
1507 1052
1741 1954
1581 489
1616 1990
194 298
1788 1420
1624 23
1426 1526
1110 640
1371 289
749 1902
603 1840
1864 1720
259 247
1972 1041
1107 1493
19 1042
1278 386
1714 597
513 113
539 1071
1241 1991
426 670
1281 1254
674 1382
893 796
1762 1537
1074 699
27 1834
1060 1753
1532 1835
562 418
753 1875
226 286
1468 1728
121 1526
1190 1186
1460 1418
1867 1391
1960 1408
1801 1650
954 541
117 92
723 270
36 85
480 1563
1819 237
1851 1641
533 955
792 16
1963 1393
1743 1150
410 88
125 653
79 988
330 1378
95 1391
1165 882
181 1263
420 1527
1281 493
1217 1404
1291 739
799 1068
1076 1768
1272 419
141 610
1100 1736
1399 1034
1293 1584
441 1777
447 664
547 557
904 1339
1260 1027
1957 1487
1119 470
1647 635
127 1174
634 394
1776 1146
1921 1030
807 1680
1268 1549
256 1824
210 211
626 372
991 784
918 242
433 1814
1075 1552
680 1382
1362 616
285 402
1893 1693
1655 808
861 22
1690 1182
795 970
493 1259
1245 1010
1022 771
388 281
615 1492
64 1125
1497 369
1415 1193
1403 395
236 68
595 1804
1339 963
1284 1531
1116 1046
405 107
518 592
1957 474
1392 1787
1790 1580
653 838
1802 967
1253 1412
1053 1850
85 311
1748 1787
687 1899
257 729
87 1060
283 1765
989 623
1225 425
776 1729
1376 771
1052 1823
1253 324
664 1049
1486 1830
1348 1197
97 1270
1902 1369
24 405
886 432
276 888
551 741
1415 1830
325 1284
1439 887
963 1481
1923 1289
822 825
569 415
876 884
898 1566
853 1619
1081 237
382 1297
771 1452
841 1413
698 1486
1705 569
911 1024
1066 568
95 1312
211 13
687 186
979 1325
97 1236
145 179
1077 1451
46 1463
468 212
1984 482
211 1327
1337 12
247 1417
145 155
447 1369
1730 845
748 697
972 1598
1978 1127
1100 1770
1939 739
338 249
1866 41
709 484
1251 1382
1319 132
604 328
586 161
611 705
709 1509
430 541
24 1297
462 1981
1510 1515
1332 224
1324 302
193 495
1956 1921
706 674
1866 1677
1632 1410
990 1019
103 643
252 1590
1157 941
1926 1450
76 1323
98 704
1793 806
746 674
717 1653
544 753
811 725
345 565
526 1064
1450 579
1409 154
82 903
940 377
1147 776
1068 1974
1717 188
910 1021
727 1353
1970 536
1755 1571
1171 940
1637 1592
532 487
16 412
1077 1007
1157 1139
1317 1823
843 1473
1240 1629
1412 185
1023 1754
499 1452
411 1442
901 1707
558 474
364 610
1450 203
355 735
202 757
1330 383
615 1619
1215 1954
684 485
98 1012
1521 980
260 1400
570 1285
87 490
759 1452
498 929
1419 1928
938 1080
274 15
573 285
1177 1173
1149 792
1379 1316
450 1067
1191 1039
212 425
1750 921
1651 705
257 383
1735 1883
1779 1949
1433 1933
1434 904
274 386
1861 219
897 509
1354 301
482 416
273 1679
480 427
1037 653
1508 48
1991 666
1922 194
1887 1380
1901 548
278 1202
872 994
115 1903
392 138
1626 1435
1160 1346
615 1954
192 960
1408 636
83 1780
493 1651
731 1531
194 679
1769 464
1370 1143
1952 1711
585 1358
790 897
1616 630
1600 321
653 1432
872 551
156 1582
410 86
1196 1699
915 1216
1326 235
1691 586
514 1868
1885 569
404 1051
86 190
434 1109
1813 9
1067 788
2000 194
1172 942
1841 1824
294 491
353 1838
1142 1494
901 28
1919 1198
767 447
525 1660
37 1915
105 335
391 341
425 686
1375 850
22 1668
434 1604
904 962
77 701
49 368
1189 633
1593 1663
919 1185
1711 691
513 405
49 301
890 1867
1006 1179
1884 63
1343 601
1188 1133
1804 215
1536 82
1460 1867
1053 1562
1143 164
403 1918
112 287
35 1711
1087 779
81 1613
1561 60
1893 409
625 1749
1932 1649
101 787
572 125
993 579
1707 122
1329 1125
1525 1278
1417 564
1862 49
358 41
1469 367
1709 1568
1375 1624
1867 1588
1684 1374
229 1700
186 1411
659 1304
1011 269
1248 1236
694 1399
1741 248
1121 1990
396 15
321 427
1028 837
355 977
455 678
53 1962
1266 644
970 1017
1359 614
1118 496
1123 1271
1891 140
23 82
499 280
639 464
591 1629
1960 1920
1790 1590
985 28
1330 1209
654 1763
1154 1746
1264 895
332 392
1659 835
1459 1175
1227 320
1958 443
534 438
1200 575
1119 1336
1451 508
1359 1058
464 207
1190 1199
1215 1268
982 1162
1246 1168
282 1401
1307 1543
1125 751
1991 992
928 743
1336 1774
694 738
1344 1669
1263 345
950 1287
1283 1530
747 568
812 1629
1913 1117
1621 260
1821 978
145 1997
60 1080
1845 761
601 1700
682 1626
80 1306
1781 1201
595 1952
1008 999
1826 113
1495 1446
301 1515
163 1269
1343 914
320 1526
274 385
1610 1824
1082 1915
1713 1595
602 1610
1914 896
1767 1964
698 1999
1734 1549
1539 687
389 1301
1938 1751
279 999
393 455
287 998
1676 1377
1270 209
1690 539
1525 1471
980 1175
1916 1843
119 1016
656 1421
1648 137
1446 902
945 780
854 1061
987 725
905 1260
1846 533
1598 308
219 594
1812 143
706 795
1020 354
503 880
148 631
1394 1055
329 1120
353 946
594 413
494 1712
554 679
489 1919
1713 1023
1611 809
82 1686
490 362
1030 611
479 986
193 1333
812 114
1302 1633
564 769
740 1667
1707 840
1995 924
1019 1922
1597 1865
814 553
1973 618
1953 1178
1068 635
1946 1964
1339 1343
119 1317
1114 1740
725 46
784 1757
1198 567
1788 1388
1519 25
1554 1548
1879 274
1464 1509
1827 387
1091 930
1615 440
1520 644
596 1301
553 1714
1818 421
52 668
96 1153
1004 1831
453 1128
1440 677
1692 798
430 666
1343 1949
1149 756
391 1447
908 1238
1815 1772
1257 1603
856 1702
116 1247
1051 670
1102 803
884 481
1667 1226
279 210
1555 1853
374 1388
1897 673
141 1754
1580 553
76 1204
1501 1643
1897 909
1763 1476
470 432
76 1408
1714 303
1730 395
1875 1489
517 1610
93 1727
1759 1565
695 52
1933 1775
1281 669
251 1417
965 792
1211 1569
541 1505
102 314
374 675
264 1920
738 286
976 1836
1769 1632
796 136
178 1047
1102 1768
247 1159
243 1476
753 73
1262 1641
435 602
511 505
1150 371
1850 912
1213 1469
1395 1046
1017 423
1095 638
1883 279
1526 482
1515 213
1084 194
106 1863
794 1887
245 1341
573 1749
692 703
1793 398
940 373
287 1571
1277 1134
629 1903
521 769
213 1734
1089 550
1275 1211
670 216
1445 713
271 63
1897 1250
1352 1922
282 1256
737 1399
1773 1204
1994 335
114 1313
1511 1496
1904 1147
1675 229
224 1294
594 1182
474 107
1558 1083
653 899
474 103
573 176
761 153
688 1748
1029 867
349 1657
547 485
1384 1217
632 892
200 462
1421 341
367 1566
462 818
742 1925
1935 358
1425 1330
1943 1481
1004 29
692 331
1651 221
1051 961
603 1154
996 250
103 622
501 139
1802 1234
1449 1287
1057 64
565 1704
1933 649
1152 1769
1790 47
1829 1802
351 171
618 1268
878 586
482 841
1492 776
1246 1585
1803 874
1605 73
475 206
1535 931
429 687
1078 1611
21 100
485 1105
1247 415
0 931
1768 1120
23 439
1973 1506
58 1291
1747 605
839 997
1302 1579
1981 1791
1910 1608
848 1198
1865 1143
327 592
368 806
55 1965
330 1988
1263 1731
1623 1309
1426 1090
1382 628
1647 1891
1522 1126
447 1554
1166 1495
547 398
1372 1328
513 1709
1862 88
423 1289
1199 1670
156 1540
35 17
225 1562
1745 246
719 1324
1643 786
774 1087
1956 1499
631 1743
253 1532
247 1921
1587 1652
379 1304
667 492
1028 829
473 59
1299 912
299 1267
560 1153
166 1975
845 809
1713 1849
156 1562
853 1206
475 1656
238 1115
1394 1510
81 1708
1998 1024
130 1755
1605 387
1497 491
327 626
1501 903
1223 1778
1956 1349
848 1114
1130 688
1732 161
136 1209
1690 1065
1058 1713
1153 1132
731 980
1352 906
263 1197
1211 191
224 1594
359 264
924 840
37 546
1450 589
1491 1887
1028 1975
1215 1672
837 225
1868 40
164 1207
1813 42
501 522
1859 1170
443 714
1680 643
917 0
918 409
320 1929
1961 535
1569 1170
827 1644
646 1238
1525 1404
254 1639
137 1298
1205 1831
574 1210
1843 1294
1979 1004
1994 1164
609 69
1262 668
1767 1109
1762 1437
770 261
1740 548
522 274
993 1244
872 1043
1573 203
963 1963
306 502
1622 940
1065 813
1312 1920
163 1343
966 562
1081 1477
1972 1437
193 1908
927 1261
1126 724
1949 1780
213 917
1669 380
579 1183
312 145
1066 1950
1521 1146
358 202
1520 688
392 1860
1900 1565
1709 353
110 1806
1389 908
883 1089
155 290
1567 1732
1863 1145
934 205
601 1163
1263 1584
41 1378
1773 364
628 1419
1893 239
1948 1929
219 996
933 1978
796 403
1880 664
543 746
1317 1370
770 1003
792 1089
739 764
312 1997
1545 1518
1892 1462
123 1965
884 255
1909 220
1650 719
737 708
743 145
38 651
950 1146
893 1140
110 147
1623 1403
381 1604
478 1452
1504 996
1187 1193
1407 922
465 752
1799 1376
621 1407
346 113
551 1680
813 1383
129 33
771 1752
62 1065
723 1450
242 563
1730 1735
1202 511
840 626
1907 470
166 1434
1479 1807
1038 1408
513 1791
1089 1516
3 1450
1582 795
130 76
1862 707
239 1843
1782 1046
380 946
39 1546
1644 250
1167 1241
1596 444
47 222
483 968
419 784
860 1478
696 1130
859 1542
1340 1823
1690 1393
1792 704
1312 149
36 1313
475 276
1546 505
1503 1056
1288 825
378 947
524 1398
533 883
1357 218
418 1127
1887 1844
737 186
1046 1398
1226 818
468 1549
1427 1435
1693 1370
996 711
1603 1601
1530 1319
840 1672
679 1975
1064 767
1201 1724
1687 557
92 561
619 1310
1631 1153
380 705
1380 1674
156 902
1792 1813
518 547
473 1448
1833 205
874 1841
1966 749
1677 1771
654 721
1802 831
1175 1806
1680 754
1125 1373
1622 237
1995 1360
1156 1226
773 626
1791 998
635 1607
1081 1734
1 1845
806 828
276 1308
53 663
1639 909
413 1625
173 343
1527 562
649 324
3 1243
812 1624
1882 647
104 186
75 76
595 99
1908 827
219 178
131 1351
1167 1711
1550 319
1014 1594
402 192
1761 916
830 949
1391 1632
971 816
1607 1678
1237 752
1814 691
1363 260
388 1446
1217 1940
94 313
104 1968
356 1779
752 214
617 887
1855 1441
942 595
584 173
976 1784
50 289
1824 1568
250 193
960 1401
1845 272
1012 1549
863 214
1488 1680
1243 284
1676 1005
1753 132
42 1172
795 474
1352 292
1386 767
141 755
1290 1993
1694 49
164 1055
1141 631
186 924
799 374
1815 1978
330 1201
40 1079
411 1272
414 1727
188 316
359 1305
1158 499
65 1735
230 1543
394 1472
318 510
362 302
200 336
1573 1646
424 1039
213 445
1493 332
978 1726
1804 754
1491 87
576 1385
638 418
1741 650
1714 825
79 1800
1708 822
780 1804
1246 987
108 535
834 88
335 1772
1359 1876
17 110
879 1686
286 270
795 1195
1849 1340
53 1104
82 1119
607 101
484 358
681 36
1173 1018
1031 1448
757 330
613 270
1964 1999
342 1558
917 811
1216 1610
570 125
1169 1364
1520 620
650 302
1505 163
27 305
1801 681
339 1982
696 1808
1010 1310
252 1055
178 899
905 1979
1480 1138
870 1014
946 411
646 903
1504 234
1988 651
1937 1002
340 578
772 1124
1737 713
454 156
993 401
255 1570
240 1915
1266 1925
820 1332
337 1145
1776 203
341 1434
287 188
862 758
1131 1011
1381 328
395 756
852 1712
838 285
46 82
1760 1767
1166 1631
19 1821
191 1501
62 1075
657 891
185 1497
1761 862
815 348
648 1930
1548 1114
1416 914
1125 62
746 302
1728 1725
1947 1137
885 817
651 1374
1075 1909
1789 1400
1810 1322
1036 1679
916 1597
411 1346
423 1274
1722 1789
1421 1159
1326 1514
397 973
1146 1096
1175 1042
999 1867
1592 3
1376 596
674 750
755 489
245 1082
1650 376
1985 1022
270 125
1959 1376
1306 17
1241 1761
1888 92
1604 147
1429 1513
1481 409
1612 378
351 376
621 833
312 1930
1689 176
640 726
195 33
1300 23
1624 1700
570 1640
1807 635
261 390
1435 1466
885 193
1074 697
1768 293
232 677
385 1002
1371 779
350 158
1843 1966
1550 1385
1865 456
365 1709
660 505
1113 1522
1533 1300
1815 715
740 1729
590 977
722 613
1969 930
1944 842
677 7
1464 180
1940 59
1734 121
531 1076
1057 1159
1899 494
73 731
1823 1254
1467 966
257 429
1588 314
1701 96
1513 131
964 1676
1176 8
1837 1749
1761 361
1342 612
762 1659
568 1289
1330 1334
1148 1812
798 712
87 1540
129 1537
853 745
390 1103
861 889
889 1400
1148 807
847 1732
1837 702
578 1137
1112 1231
616 584
1269 290
1143 266
946 1044
1985 870
1242 1954
1522 646
211 1777
739 1844
1986 1668
1970 1325
1750 1629
1364 377
92 619
1417 569
789 1925
1849 1857
1227 306
1931 1474
655 1443
113 42
227 1885
1796 579
1247 725
978 83
573 142
1150 1750
1203 304
1082 1866
1586 1210
1581 1255
687 1273
802 1305
1277 1696
915 224
143 918
481 962
1994 1152
1881 1918
366 444
1069 974
1936 1729
1664 1450
1473 528
626 625
1345 178
736 383
80 1294
166 540
555 770
852 391
1302 1376
642 843
713 1949
1941 1489
645 884
788 1852
1340 1255
1000 1868
515 209
1610 767
1938 1876
48 159
30 1158
1621 1921
1811 721
1569 56
250 964
1761 1588
1436 1007
1716 1132
910 1177
1818 1591
484 1847
1958 1676
1075 1228
1995 1027
1488 453
907 1262
652 1427
103 963
685 1134
1420 117
90 1344
345 880
13 1018
814 1846
1574 1717
1934 1798
1814 825
146 976
413 113
102 1087
1227 1382
1951 414
321 1277
1002 872
349 1338
1048 1812
1684 1315
1941 1402
444 1343
463 994
1608 469
612 800
1419 1088
861 1247
1504 218
1358 1732
296 541
315 1253
1250 1920
1079 1360
616 350
1540 1886
261 498
78 1024
529 56
565 1437
431 1669
338 1418
1145 1012
16 908
1645 166
1830 1098
1932 1887
1056 312
450 28
592 392
1480 1759
1624 1064
303 1517
797 1572
339 1710
883 1993
1238 1158
670 987
823 1768
420 346
311 830
1793 1879
721 183
12 435
525 754
180 1301
1650 1853
17 1003
1460 379
1892 600
679 365
613 70
427 1306
557 1043
578 1222
1113 1667
469 100
350 695
781 551
1176 131
1710 1570
322 1477
370 303
471 1249
1904 958
576 844
1584 708
80 341
1574 550
1101 741
1485 169
1029 1025
1742 836
798 1335
1894 1928
727 915
997 315
862 346
407 1717
1013 596
277 1691
1221 1818
1092 1546
989 970
261 462
922 1980
984 724
1667 840
302 1863
350 834
1279 1463
1245 868
52 513
811 991
214 281
329 1266
380 155
670 1323
1633 351
367 1786
401 1139
785 796
666 1641
1602 1518
416 737
847 72
494 233
540 253
844 567
1987 560
1291 448
886 1381
445 1114
1894 1192
1192 1077
1738 1230
142 637
47 1737
656 708
984 227
1081 716
1055 1915
1842 1804
876 563
1826 520
312 1740
563 1403
27 1630
620 729
1588 1773
289 967
595 1145
1025 447
1804 1081
1299 721
940 820
87 24
1210 1382
1419 192
887 1168
686 1856
945 1558
251 200
204 1861
1160 604
1331 469
333 637
379 711
1655 757
1713 705
223 667
194 571
692 915
1944 1936
196 1076
1163 1325
1883 1008
1864 1090
229 1626
1639 1306
1654 1784
1933 268
1628 1177
1969 1679
310 938
1748 912
1019 661
985 1364
637 391
1706 361
1350 1226
814 1920
1054 152
633 1437
336 653
875 684
1899 1596
597 110
1879 563
1553 541
1249 1195
880 207
978 1392
123 510
1890 1799
1063 1744
1808 190
1473 349
1085 256
1094 102
1498 961
271 554
1556 1283
1979 935
1983 877
1034 1168
108 1754
1481 1197
758 1864
1933 29
1978 1309
236 1051
24 1081
710 731
1376 519
1421 1529
1833 636
599 1235
1551 1956
1405 1932
113 348
539 182
1251 282
968 1151
1637 1574
93 616
1106 1195
797 606
1507 1632
1916 856
565 1274
737 721
1025 677
696 16
1164 1579
1839 148
446 227
892 1973
150 1210
1076 516
356 799
474 1473
267 681
238 1891
1088 465
541 1130
176 787
933 593
461 1525
1577 1589
1260 1589
234 668
1135 80
861 929
1936 1846
791 1364
457 195
1128 620
1793 671
1986 226
1212 1987
1058 1252
214 181
1854 1054
1975 1401
1060 21
154 89
100 406
720 141
300 1658
765 1185
1309 1416
555 1277
1795 60
1246 1272
1013 1372
596 1965
1383 620
140 44
1554 1582
207 263
716 1242
609 1623
387 156
1605 1094
296 1460
1193 718
1441 1216
1691 1337
1371 370
1641 976
1573 1866
672 1304
1135 974
548 1464
873 1605
1386 1145
387 147
1232 1259
1066 566
1157 1758
403 1552
1393 411
1889 1605
721 1861
1658 1434
312 300
1647 469
1556 301
1938 1500
1512 89
1901 126
531 1851
1161 504
657 133
1646 1949
1826 1554
1833 477
1330 30
1308 228
1792 1434
430 1624
59 1055
1956 246
613 1596
1065 1314
1065 70
1931 1647
12 1978
620 668
1444 683
1663 524
1355 1224
838 1453
1750 801
203 663
909 189
1687 369
830 933
1049 1111
183 657
1055 1204
1232 804
1462 1350
1064 1673
1693 1545
423 627
997 576
1859 1850
1687 1123
1262 1569
380 1349
178 1769
1791 1655
1351 1365
710 985
680 981
520 1946
1207 190
1120 413
975 1113
1955 368
1777 136
1179 1073
580 353
1242 1646
392 923
21 47
1139 267
1812 81
1060 863
560 608
145 17
1253 1822
1825 1402
628 1393
177 36
1500 1443
611 1518
1208 1572
1824 955
440 599
997 1820
195 561
690 1286
914 458
842 1732
1835 262
1194 856
470 1151
80 1229
302 919
137 1215
1889 1316
273 117
249 1676
866 1982
996 1995
866 1111
666 1474
718 1847
1833 918
1158 1046
1277 36
443 1348
38 98
752 1405
1552 1745
1529 656
1427 1783
1089 257
691 972
1726 1297
973 978
271 143
597 550
415 1603
660 1107
380 1604
1958 936
490 1502
243 100
1180 1660
1129 1884
1262 1599
1951 1417
1236 1054
608 1610
1120 272
415 771
854 1202
795 1617
1482 232
448 1280
1820 1418
76 1222
384 975
1577 464
1192 864
1172 1498
97 1371
1921 308
836 1553
565 49
754 1794
691 1035
535 1794
558 776
1492 214
1333 1169
1015 248
1978 1746
721 1312
1639 1328
23 1400
1065 1620
1132 1452
853 1542
1107 1936
1754 116
1252 1344
1584 1149
1187 886
888 94
66 1416
376 1855
505 69
906 1172
1780 150
1075 905
858 943
1388 1012
392 513
1525 211
350 1461
688 580
614 1022
1500 964
434 1270
52 1188
1491 849
449 390
1143 599
628 1806
490 941
1659 408
1514 1596
1319 264
655 593
723 1630
490 1583
155 1560
1345 111
1403 1963
1498 432
1267 1558
1294 1885
1266 1388
1307 1427
1618 1547
639 1827
1769 1596
1519 216
862 1471
905 1619
1879 605
526 522
1775 1819
1417 761
979 1760
595 477
1573 771
443 574
216 217
655 647
449 1847
445 1006
1604 859
855 941
668 1705
1754 1443
354 549
750 1936
1999 1560
766 1679
1590 1375
503 1941
1033 382
1596 1216
1168 1576
487 423
57 1231
585 1883
1735 1549
260 912
1890 1375
446 465
599 1541
39 818
1957 1196
524 1543
1425 1713
197 1116
1463 1137
1179 1444
201 1590
1133 359
1599 328
1518 110
1994 313
1772 8
1094 182
1884 1866
246 13
489 552
1600 1371
553 533
872 1315
729 1347
211 161
1899 979
672 512
1627 545
1678 720
1053 104
407 778
1200 1871
333 454
1217 1823
1378 1584
662 1208
1543 1389
57 140
1663 1907
1317 1015
1696 1377
700 1294
879 1006
996 909
203 1036
434 235
1075 330
466 739
581 1257
1326 945
1237 1666
1839 650
320 872
22 463
1325 71
40 751
1128 883
1585 74
707 548
1446 1940
1234 146
581 76
1766 1471
1812 437
1610 435
872 775
199 1401
1390 1751
146 1352
944 441
66 1996
63 1730
1375 1423
1993 1846
1701 896
1959 1150
1055 1123
465 1262
916 313
1960 496
443 1685
48 883
1830 261
1528 203
348 1750
153 549
911 760
1464 1464
1662 9
273 203
1224 573
1389 1183
394 559
1329 1214
1573 1690
1408 578
543 1286
410 1066
644 1699
1639 1061
19 1062
1921 1082
601 914
846 1191
825 207
1150 1915
1643 1415
759 309
1377 1219
90 1008
1711 1079
1141 343
1139 209
1590 778
1846 853
602 642
1875 1629
670 1922
1005 1897
1044 1056
555 1577
322 76
689 1287
621 1205
1439 960
136 78
1244 1721
1443 2
1734 531
1203 826
1369 533
1407 1954
1716 913
678 1609
1737 1912
964 1498
1228 662
1583 1354
118 692
527 348
1498 1835
1491 1735
1093 1733
1232 1805
1161 1361
259 1294
117 146
539 1896
125 746
1980 528
1150 1379
1251 1431
810 1971
420 922
857 1757
295 1791
1719 1489
541 1967
1645 1848
1916 724
104 1417
1678 1012
1912 204
1301 751
411 135
886 888
923 801
1058 1385
832 1662
802 1499
17 1959
1187 80
1939 426
1972 846
5 1623
1580 1099
1894 1943
418 673
152 204
881 608
1692 687
607 1505
1942 1254
653 1671
593 696
1930 1117
1558 115
1093 1940
1781 1208
657 1169
329 463
196 1193
1998 1904
1495 799
887 1070
716 1562
655 1668
402 324
1977 1816
578 952
1348 1309
1842 1995
1972 825
639 263
397 565
1176 111
506 1234
1541 1017
1986 331
57 1928
726 703
1763 17
704 1711
1003 1432
453 1117
1395 1096
970 1845
563 940
1653 1823
411 488
797 498
1744 78
1107 1391
1795 391
993 427
144 1726
829 705
1657 679
1438 389
486 1689
1791 1823
275 1719
306 1662
1773 1114
1562 1829
706 238
1362 1438
1023 1469
1201 572
1932 1520
1717 693
1023 437
380 1134
61 448
539 1885
354 290
1424 1033
1870 404
1223 215
1084 1504
1087 1329
1078 1191
1545 3
1620 1766
593 249
408 1779
490 525
1910 441
265 1784
1440 1794
1316 1004
1346 1979
17 13
378 1186
1667 1589
1575 1602
10 517
617 1821
1075 22
147 277
911 986
844 501
194 1452
1666 541
1073 1873
1785 1562
1795 1088
366 1171
1564 864
737 618
882 1730
314 1640
1722 908
348 262
126 1956
1940 1719
560 529
974 1322
60 1069
351 1084
1620 1998
1945 1266
100 246
430 1786
1621 1129
1492 1843
280 1505
1615 1649
909 163
988 1564
240 32
421 483
291 945
1345 940
189 70
691 1737
390 515
1476 611
512 1814
532 1793
1816 1763
682 639
1122 891
1807 1913
1311 1743
606 337
79 1677
34 524
1985 1046
944 1986
191 1728
343 901
106 487
1764 710
1616 1179
1536 1177
258 711
11 334
356 623
1853 1691
1789 68
1369 1240
1245 1488
878 918
336 1193
1286 384
1260 1366
1055 1460
1584 1175
826 1889
1219 264
96 913
1450 1384
1693 1977
1552 1391
1256 684
190 1439
1907 1664
1242 1748
1236 1396
1385 788
1162 1074
1610 362
396 1997
1647 1876
1009 604
1628 673
321 628
1154 1683
1451 1550
1157 786
840 282
1939 727
624 1711
1798 92
249 1553
1476 1098
905 675
1634 1691
1525 1708
500 193
1958 1531
1485 1516
1560 1940
827 40
1710 384
1662 1136
1270 183
1776 1573
294 1422
986 912
665 364
199 1329
168 61
1382 933
757 170
1008 575
1931 1218
1687 1173
1367 226
1645 957
815 397
1827 200
91 749
754 328
750 332
1402 202
324 344
1735 486
1876 450
165 1580
237 1275
1630 1071
1744 687
767 137
73 1845
1046 908
878 849
244 716
0 638
1693 1544
736 1071
778 306
1156 582
1000 365
996 1949
1368 1103
1240 1603
78 84
14 543
648 1004
290 826
372 1837
82 1746
1240 1654
1573 1386
1868 1301
1899 82
1683 245
1283 1405
1149 752
1586 1988
951 1969
908 1413
1730 138
1366 1802
674 1223
853 1328
1038 1701
1939 436
175 428
1163 1417
549 706
262 950
1206 895
129 913
296 371
592 1711
448 1711
596 124
934 1726
1221 1692
1572 1402
64 762
610 1341
1073 1889
1103 467
1673 1431
1687 1317
836 974
446 333
869 198
943 1926
1077 1419
1608 1224
1684 1660
1019 632
1238 932
499 794
1541 1944
672 649
569 1294
859 1071
1939 26
793 783
1364 808
1749 720
1769 1665
495 1279
1513 310
786 1944
1161 974
1844 29
880 1169
462 1950
189 675
773 998
1543 518
506 1193
1686 1342
1459 757
1828 655
463 855
669 1891
1321 961
1783 1000
713 925
1587 1491
939 1675
775 627
10 720
753 140
1712 128
1208 169
884 1207
1044 1737
106 169
890 1643
893 787
81 889
240 1927
215 1293
83 544
1496 109
1720 1223
1915 724
1437 1282
1867 1420
1177 642
853 164
139 1789
943 669
1120 1754
170 1746
1590 779
1329 1550
1009 1262
926 1875
1944 175
1317 1407
1279 1409
861 942
987 1232
1664 1855
307 1978
357 1898
1277 1989
869 616
1261 1988
10 301
599 1048
1147 454
80 1403
887 1319
251 671
701 1341
902 1274
908 470
816 1289
566 1743
30 1392
1992 534
931 714
577 62
1539 434
1265 932
1819 1837
1758 1690
787 743
220 1538
452 1585
444 1071
1249 10
608 1414
1831 1166
1240 1145
74 906
1134 801
1430 1639
535 1034
1239 1320
670 1000
1077 1512
1469 1455
1519 819
1581 9
338 1275
1472 588
1582 321
551 1558
1080 1398
1253 497
708 379
776 958
778 495
1031 233
1432 1948
247 1011
1253 490
1075 429
445 320
1945 171
7 1532
538 1450
149 1312
1416 315
1379 167
1388 389
1480 191
541 351
795 1785
566 865
1759 445
152 1805
555 674
1760 1190
990 1123
879 636
687 1360
106 1780
294 1425
336 1115
1954 1365
1720 299
1306 1080
794 16
848 313
889 281
1854 1788
858 1116
927 1270
697 368
1229 1513
537 786
448 798
652 1268
483 531
1898 1338
624 1432
1014 824
514 1401
902 1639
1094 855
1252 762
732 1665
171 279
744 104
207 1748
1016 1952
1396 82
1489 695
1863 115
1842 505
1476 405
205 471
946 543
1697 815
1583 234
304 516
1111 346
1592 1846
843 1146
561 193
1341 1825
263 175
1606 1542
1452 501
1910 840
419 722
1899 604
734 296
411 1112
18 1575
741 1569
1549 1500
1147 1291
1405 1836
190 783
191 1617
1547 1055
72 1554
59 315
640 907
188 1091
280 1610
1760 947
65 58
175 1025
669 1101
1688 1659
1252 698
979 1140
1676 570
654 773
1138 1268
1906 1351
290 1741
1766 699
1072 1911
275 1857
1762 254
1755 1492
127 998
1544 85
1025 31
858 641
1378 1836
1658 928
1523 1204
1109 38
7 1895
973 44
1563 1211
1313 254
604 153
493 244
949 26
1466 1181
644 70
51 830
273 17
1350 257
293 380
1480 1620
877 864
1068 1882
152 1618
1687 698
784 1471
660 1479
96 698
520 1665
177 1866
1301 196
772 1662
339 1990
680 1869
830 1045
1084 616
1795 1512
529 923
1662 1975
647 1021
1879 1465
940 852
1802 355
1556 709
917 1344
55 767
1876 286
1483 1818
107 1092
731 1259
927 994
51 875
719 1849
1826 1604
338 449
698 1117
534 575
1662 1052
1640 370
877 1276
433 1220
329 219
1910 953
552 1525
912 728
49 1290
571 1943
1797 394
966 1577
622 992
1844 965
770 958
1456 124
1908 394
1107 1707
1570 1030
1129 284
512 405
467 172
136 1910
1988 940
154 83
1002 1507
46 77
160 697
979 1148
1674 1216
859 1625
1503 61
1102 1450
1375 1922
234 732
1348 1601
1941 955
1411 1307
919 1007
1576 78
432 1105
291 1863
1914 1273
57 654
336 256
67 1114
485 307
233 501
17 1361
307 585
1363 1816
859 1067
1782 1374
1981 410
902 1443
1724 1420
1945 341
1692 129
1838 1972
551 1624
285 868
1926 989
1846 647
1009 843
933 845
1229 892
1744 80
1148 38
140 621
777 49
1242 1641
663 1439
1857 121
679 1738
1088 995
1767 394
1153 1256
28 1051
1266 851
191 1845
713 1781
818 1868
872 883
100 1348
1589 598
1753 1079
138 706
1773 625
559 1447
486 1316
99 1153
1904 1908
454 1004
960 642
1111 441
1084 6
1046 200
1873 2000
70 1244
1998 1675
458 286
809 1518
105 1526
1888 1592
672 1544
153 1632
1350 660
1068 1192
659 1686
1269 1444
467 1649
704 163
711 683
428 856
1929 1153
744 1557
1685 874
1259 1852
1092 407
653 757
1562 865
870 1698
1054 1715
1667 1581
1056 1121
1215 83
1382 1655
385 638
258 278
681 6
962 1048
1080 1727
855 1823
1027 1194
1751 1635
1346 1610
1252 126
821 620
645 785
1798 1584
1099 241
66 407
1553 1298
520 1844
1504 1779
443 1378
375 542
1217 1483
808 913
650 1754
235 1167
270 1616
1372 1028
153 1794
1985 1974
684 170
1215 1624
449 804
811 1385
1089 200
1504 1525
612 67
1648 1923
210 633
453 767
1713 931
387 1695
72 1496
1906 587
1194 379
1176 1331
1405 472
374 900
38 257
1482 305
1443 1866
1374 84
1284 319
1301 1936
1369 1858
1478 1102
1421 919
1447 1844
390 1349
1307 1098
376 909
1025 1703
357 1572
506 1992
1960 513
891 985
1996 898
1214 1041
749 1473
445 761
713 1740
1329 927
946 1012
684 385
517 1346
187 1699
1579 641
1890 849
629 1885
507 1866
1182 1993
718 1780
1063 1679
1995 1819
881 1409
1927 1976
1602 624
911 1666
400 551
809 985
1938 484
168 1616
622 726
832 516
1397 1588
1805 1116
1963 641
1617 139
1377 249
50 292
1462 285
1990 589
602 1579
1607 1980
715 850
700 680
1719 596
1210 965
1434 72
867 1414
1668 753
598 63
183 1182
1946 994
1629 1296
143 1168
1023 1943
1026 812
148 1176
245 626
1657 466
21 1145
573 1851
1523 691
701 647
835 1955
930 1085
746 1328
1562 645
1081 1
1133 907
488 1095
74 450
1387 92
44 916
907 905
1973 1278
509 1085
1813 1923
693 458
625 284
1545 889
1467 1262
315 371
1225 1468
1767 1030
1420 1030
289 1299
1726 20
708 1497
557 1896
1578 911
1507 1650
945 659
1665 1379
1751 1850
1042 1570
887 1309
1159 309
1993 730
1545 1777
935 1634
1273 1292
418 159
260 863
847 1715
275 1210
119 1742
907 255
492 1135
1204 1366
1700 898
1044 622
1264 1123
1513 1731
1331 10
1415 1004
1248 424
1016 181
1692 1093
1318 1887
1394 1494
1626 1167
1523 1131
1578 830
661 724
25 1569
885 261
1835 13
356 1982
1410 396
1841 1210
1641 934
365 227
655 626
1564 1876
1720 1763
1066 1657
189 563
1491 1227
1155 249
151 418
1987 1467
1567 1540
1052 924
337 1957
1044 24
661 117
1619 79
606 738
1199 1232
609 950
1720 1834
1604 1091
823 1939
1889 1145
1061 758
1463 7
1101 1275
1188 1810
231 892
927 546
1302 393
1917 1199
747 662
570 771
1844 382
684 1963
210 226
51 248
1383 1944
135 1018
1537 1423
874 1206
1808 531
782 1982
383 638
1837 541
988 510
1839 450
1462 1572
1692 601
544 917
658 1186
1141 1969
1709 1759
715 1074
1586 1329
676 1504
750 373
1122 1264
685 1945
325 1602
1206 462
1110 563
1846 1924
950 1023
1918 1069
708 1296
1895 1863
1579 39
738 1452
1399 1693
134 981
1536 417
1792 959
1814 1018
1837 1379
1126 1518
228 1156
160 253
71 494
1748 115
210 1870
1322 1381
1023 1233
1385 127
1756 1112
782 1036
402 1675
1830 1555
525 134
1919 506
848 1479
928 676
234 1123
1309 371
1422 991
1893 51
1251 1542
929 1897
1019 866
1992 1141
1003 1306
1110 1357
1735 385
1593 1417
521 476
856 969
445 1628
1163 1047
1029 943
1935 1880
1824 1448
192 152
1288 1863
294 1522
1145 1276
949 1386
122 61
173 836
738 535
318 775
1182 1065
889 540
653 560
1363 1005
795 1041
1338 662
280 1790
1568 513
1887 809
617 1291
425 1242
1948 254
1609 653
10 207
1386 22
328 1386
416 19
696 1165
1750 1950
1825 1373
1131 1042
1610 1306
1059 690
1449 22
216 589
1878 1439
359 1113
1410 905
771 35
1879 130
1699 1104
974 978
1260 960
1653 478
1409 1012
1023 1718
490 1959
392 340
1106 1984
1959 699
1801 1762
1544 729
571 1611
1527 1596
757 1215
1362 301
172 618
32 254
1921 1144
649 318
304 76
1652 424
1844 1189
675 1157
1071 1200
912 366
1371 1400
1940 1423
354 1143
1609 547
1371 357
1255 1507
870 660
245 983
99 696
1491 1053
170 668
1775 60
292 577
711 1874
9 521
147 591
264 1526
846 446
1580 566
1950 1838
769 1759
244 1331
1363 854
1722 632
1210 46
1332 1458
1005 980
1809 488
1754 343
1777 1563
57 504
1133 1652
724 1556
201 28
45 474
1329 857
1630 1993
538 1448
665 1058
555 1063
974 1810
1845 203
484 111
360 405
187 1996
1741 453
1421 1433
1983 1323
725 132
436 1937
267 241
1834 1041
89 1690
636 1094
899 1571
80 331
1504 248
929 1602
125 16
1782 1835
1472 818
958 359
1194 1234
327 322
1780 1888
247 1621
406 1272
1321 193
961 1381
919 1581
1877 13
1526 222
1033 1652
1510 1678
1259 1524
1578 202
1136 1492
601 1345
454 1423
1714 1767
1315 166
1360 1267
1244 1978
862 1865
602 1640
974 1119
1841 165
146 463
1032 344
1868 364
63 1733
409 504
180 153
1905 701
1359 1900
1657 86
1348 1519
1846 1893
879 1595
400 500
1380 600
1659 1072
1421 123
1082 530
1813 1947
885 814
708 1999
253 1061
1014 1974
1159 538
1359 1914
1672 572
303 786
372 571
1707 1435
1187 1760
869 1094
406 738
906 212
1118 1926
1639 1276
762 893
573 1141
1939 1925
1952 1027
547 434
191 993
1825 41
255 719
1007 129
828 357
1955 1305
1965 736
1482 1481
1811 1912
1239 1848
578 354
1585 134
651 376
256 404
1216 1898
1557 914
1048 1584
43 1294
1308 650
691 1893
1329 204
390 1952
1379 771
1902 898
203 413
1100 1292
1082 1480
190 871
1450 1280
1888 909
1249 1099
1620 1889
1292 705
1139 1026
1344 1338
725 1762
1487 1562
1915 1162
1429 815
1940 997
1050 420
310 515
962 1193
982 1296
1663 297
1457 1806
1819 1588
128 1065
149 1713
1407 1485
977 215
1575 356
1396 665
1906 1798
1419 1706
290 617
1511 262
1350 544
1570 586
1083 362
1443 684
1125 1769
427 1527
1089 1024
1501 205
848 628
25 1763
1343 47
546 1536
316 543
308 319
1140 1461
183 787
690 877
1029 1472
1952 1408
1531 338
1824 796
1509 1946
236 1106
791 1596
671 751
150 57
1030 451
16 472
1574 254
703 913
510 1060
691 544
197 593
680 946
1254 1493
1618 1832
227 680
1308 840
1892 974
784 1027
1274 1244
549 621
1407 1313
1772 809
1246 1486
1821 366
151 388
332 1062
1920 163
1563 207
120 1985
724 431
388 1394
1270 1758
1556 635
1871 1810
1697 712
552 162
1825 849
383 1779
1213 657
1810 1348
1159 386
32 1334
241 946
339 1113
1026 1087
1113 1027
1723 243
1077 93
1721 1679
437 980
76 1230
852 1999
811 1430
671 1897
1900 618
1247 983
620 45
1984 1376
1719 989
1749 971
1933 454
1621 23
184 1533
53 1009
1970 1917
195 287
1699 57
817 89
1211 769
970 747
308 931
540 1514
1450 858
960 668
696 1879
0 256
1778 92
306 310
1004 227
1092 827
1685 1622
493 967
834 1449
444 1190
320 1308
1774 1865
1589 132
22 1491
1562 1611
395 1974
630 1227
1037 1814
1619 1624
16 873
1730 1730
1170 631
1284 879
551 1653
403 1244
1650 411
316 340
239 11
1454 1472
770 1104
218 485
830 196
332 1450
50 898
928 537
1185 294
201 232
1903 551
498 1632
975 629
718 152
782 96
1225 1126
1001 1298
1997 1985
462 1487
704 506
304 1893
1528 1814
1144 1254
463 1401
1816 1198
288 1597
191 994
947 902
1294 1830
31 1012
1401 912
546 1985
1471 152
166 660
758 1985
1573 609
782 768
1455 1686
675 1668
2000 1467
1406 955
1654 1670
515 897
769 678
849 1500
1399 501
1073 1486
1954 496
833 1796
858 821
1936 106
1266 395
425 1831
1415 1951
1932 538
1626 296
1738 436
559 339
1138 1864
1635 386
790 591
16 1219
664 1815
319 1362
998 554
697 1999
903 870
1730 163
1158 1441
315 1464
1901 1320
929 640
1288 915
1074 1556
313 743
875 1030
904 1497
1863 21
933 1573
988 744
893 1065
1329 39
975 1892
1903 969
1291 987
1711 1971
1650 1767
1032 305
461 706
1292 179
1449 1154
1697 1728
45 525
1588 1666
304 771
1413 1692
598 733
306 989
623 1840
313 1910
772 1720
1247 1017
158 255
668 1437
886 1583
999 393
169 1739
663 1289
500 788
351 1150
1490 1244
1364 1704
1974 1788
1105 831
332 1105
1501 55
915 731
1803 806
975 321
1743 1309
1907 676
934 1256
818 656
1 295
482 614
932 1069
1049 932
1197 1962
892 1375
1000 1026
1179 1565
507 1730
1384 1920
951 1934
1917 431
1222 1998
1899 577
887 663
1218 1387
80 1726
896 1046
1555 421
309 1312
769 567
1567 584
1104 744
416 399
1008 370
184 237
522 640
840 1248
970 942
1017 564
1289 266
776 1187
1003 1922
988 555
528 1861
162 408
1856 15
88 1923
1915 86
1429 751
1830 644
148 1687
116 991
150 674
1905 737
471 1287
1694 1402
976 110
1547 48
605 794
1248 1127
1855 417
1954 317
540 1576
608 652
1036 731
346 969
614 619
569 1701
1532 1251
857 650
1306 797
1212 1709
1879 1005
88 309
1155 1990
915 1308
809 601
1284 396
1453 1409
1123 454
275 948
116 443
1536 738
407 966
1189 1544
760 624
734 1973
966 905
118 288
1759 1614
249 1653
965 260
1642 529
580 1008
1080 1213
934 1328
307 709
1374 469
74 1609
1104 1111
796 1726
1957 1197
319 353
1867 1141
1520 423
462 1480
1253 22
752 930
1768 413
647 1514
1640 683
748 909
727 762
137 1886
444 1023
285 1855
1373 1112
423 1891
1179 311
1433 1287
315 1784
958 1779
1631 1061
1732 652
1706 95
1207 1783
709 1056
750 1870
1415 910
1805 431
1274 16
1879 710
1203 1292
481 1796
1943 1175
1245 1650
1371 1369
162 786
1020 1633
1277 1380
1716 1628
1079 198
970 722
253 1270
148 601
984 325
1620 1030
1053 833
1665 459
130 799
1377 1444
58 356
132 875
1586 227
1077 1929
1632 401
530 1026
940 1587
1898 1373
80 436
873 994
1371 1645
507 1549
1614 145
1966 849
1439 60
822 1291
1771 598
1089 1112
877 1987
215 339
1582 935
1103 1386
1379 390
7 1653
1284 695
1010 1993
631 1497
79 1668
1249 1095
993 301
889 649
1027 1969
444 1375
766 492
149 163
1983 912
784 982
785 1374
1163 180
247 1814
1334 689
182 700
312 1952
1538 979
1480 764
300 1207
773 1174
699 586
1306 471
1782 1722
114 1007
4 883
305 794
1705 652
764 86
301 963
183 1474
1263 1231
1947 1413
1134 64
362 761
1367 1479
201 486
714 548
96 869
1511 442
1336 19
836 1136
1524 1915
1054 840
473 1946
1624 1727
138 313
1396 1726
1698 1641
789 515
118 1562
798 1435
326 1745
832 754
459 1568
1084 1550
1573 74
1951 1727
911 1581
1714 1403
1518 1267
287 878
38 1608
1987 1570
795 1720
1971 1927
1414 1712
1806 1600
341 1014
890 43
940 1818
1598 459
355 572
794 437
524 956
1238 197
1832 99
262 608
1498 1932
229 392
206 893
669 1600
1004 317
984 745
1674 1505
821 1414
1383 732
1024 1115
1187 1144
1605 438
1983 1833
521 192
1533 354
1428 1120
146 559
1351 1432
762 1781
235 1653
825 145
1345 595
1254 1120
1856 1960
1651 1364
384 142
886 482
1333 905
1649 404
1290 173
1760 386
1494 830
80 1175
145 385
1885 789
1374 793
251 1843
398 923
1161 1225
1892 1625
634 378
104 1847
1725 1268
1042 1532
1595 1595
1779 1194
1549 1423
1661 235
102 670
1119 17
146 1055
1621 923
472 924
816 447
1990 306
1527 476
1046 1824
6 1554
1948 114
1919 401
432 361
328 524
1479 1527
1526 391
1421 386
637 1049
1285 399
1893 1297
124 200
1821 1686
99 16
1439 932
534 867
443 64
386 1142
1020 977
554 1225
498 245
259 349
264 1128
1704 1055
430 1033
138 1321
749 1947
33 1908
310 980
10 1533
1963 287
1887 72
710 1480
160 584
60 1227
927 1287
725 1665
779 1466
565 1593
971 392
750 1630
1845 1009
1400 144
1254 139
771 1465
495 1039
699 118
1037 1710
1063 1819
149 1291
1888 1226
973 297
537 1562
914 1395
1630 1569
693 238
1587 1199
984 1513
1890 591
1376 1654
1799 784
738 194
1344 1919
967 655
178 413
1010 1084
1408 1008
824 454
1096 1642
896 305
1400 78
759 142
484 1675
1729 795
857 1129
218 1356
902 1703
1247 1445
1494 1832
1369 429
69 1755
376 1091
1430 550
882 1165
1723 988
764 199
481 114
503 1533
919 12
1143 1343
731 715
435 469
685 153
1653 101
1320 862
987 1798
1907 56
1183 542
1754 513
1850 1712
1893 821
1213 844
1835 1926
871 259
641 356
429 266
1109 1434
622 225
385 1732
855 10
1089 1076
325 928
1467 871
295 9
750 1210
1598 20
513 1398
575 733
653 524
1735 300
455 346
378 430
226 897
1725 660
1335 1928
656 881
333 987
983 845
1418 173
1650 93
647 913
232 484
566 821
495 1988
1854 1770
1483 1424
71 136
1344 1674
1767 1648
1030 579
1069 1162
1951 1585
1240 1862
558 1225
1988 1325
1204 1943
1355 1262
1915 617
651 564
1021 1419
479 1080
1081 1016
540 210
605 243
1434 955
1998 1418
291 1543
955 69
991 1336
303 409
677 75
228 1285
1865 716
1006 1806
239 1738
1597 1648
1401 804
1541 1455
1666 762
200 1950
1647 1644
1921 909
1473 1633
456 1634
1501 260
1610 654
215 373
1440 1082
581 485
936 1442
220 192
262 560
1150 1458
992 790
1531 1274
748 454
447 1890
1394 1572
842 315
164 1044
1980 678
836 855
1068 207
1241 1984
805 452
1772 1276
1041 1332
312 1738
1329 1293
133 84
34 328
817 934
317 34
1423 1455
1713 506
1035 506
985 1445
417 380
1635 1784
1436 282
1106 1955
434 1126
380 742
176 263
1114 1317
1889 93
1706 1410
501 1684
378 215
916 1251
770 664
1494 940
467 345
505 1009
277 318
206 443
1972 573
1674 1373
1383 900
1156 210
1139 191
1466 1031
1263 1402
981 1847
1443 1226
955 1609
1915 709
1878 1645
1182 862
1954 455
1524 209
1695 1858
537 520
318 627
119 1407
1462 549
615 401
460 535
1792 367
915 1490
231 781
1077 789
73 1054
412 1147
1539 1930
1456 652
1983 664
943 1696
849 465
1516 1611
944 285
1180 1876
1858 465
833 119
1287 396
1107 120
167 302
363 669
853 1750
1301 1825
1199 1292
145 645
1758 1238
150 1037
979 867
1915 1845
1517 1087
871 1285
1224 1970
1471 1278
1699 473
1227 296
767 558
141 217
1608 1797
1507 1391
705 578
648 1552
1719 658
873 1846
1991 1291
1929 1563
869 1255
1036 306
104 380
1897 1522
1623 1100
1655 1640
1438 428
526 694
1750 20
1955 452
1882 1412
1028 1182
66 542
922 1137
43 1303
208 1595
376 1502
1487 1888
1912 1661
1917 578
1327 1945
1304 1214
1526 1990
173 706
158 1288
508 1190
1977 574
84 1313
314 975
1879 1009
1011 1670
824 1350
60 1263
1071 1034
26 1044
1903 538
782 304
488 486
1016 1186
630 1662
1531 915
1465 1334
290 338
1191 122
757 1651
107 810
837 221
1981 144
964 229
1054 1097
716 1187
1080 1333
1662 1443
1103 740
1463 1349
1192 1961
1187 1131
489 0
1992 83
404 1862
1543 504
1641 847
996 1221
1487 482
1939 515
1966 18
167 682
1543 1662
1767 1579
1057 1970
1836 360
927 1888
1058 345
166 647
1139 474
1340 1523
1419 208
439 1504
496 1845
591 1324
900 1136
695 1920
1984 133
701 1907
1420 126
1592 893
205 221
1732 906
1999 631
337 1401
1849 43
1164 229
1210 1121
61 714
1666 949
1073 213
1605 59
1190 1680
839 1062
424 832
1418 1704
1712 199
91 1126
1529 761
605 715
883 1074
1039 1303
423 1438
913 674
137 542
696 1360
363 1357
1100 1311
137 1026
617 295
1100 166
1703 133
1336 1945
1235 509
1296 1175
401 1646
337 1627
1128 1473
49 759
686 1973
463 1891
319 1240
1200 298
1633 1920
1743 1278
453 1163
213 1132
1664 1524
370 435
1514 1703
3 836
701 214
1679 1920
1489 1866
28 871
1385 1375
524 1288
667 1799
163 1712
1274 174
800 1772
893 1492
1300 145
768 1947
1045 557
1893 1311
504 656
772 9
119 1084
1429 1186
883 235
28 1772
585 966
13 1296
357 341
1197 903
1986 665
1558 1515
521 966
1572 1854
945 1375
1541 1885
1111 137
1053 750
508 1541
81 268
1940 1291
315 137
1539 979
985 679
121 650
1125 1514
1138 1023
1276 230
887 1461
396 1481
1353 1262
1703 1929
970 1891
1561 127
1189 610
714 475
930 401
1269 1145
525 507
1019 1030
1851 1146
1116 1436
1817 1255
1697 254
1106 1927
674 886
1926 1108
1144 1628
1107 942
1391 195
267 1830
1712 343
1573 790
1271 951
1191 1870
540 1838
320 739
409 653
624 147
989 1736
1544 49
1399 1881
382 324
731 1321
190 1745
1039 242
790 1706
785 1033
1396 22
1546 1571
1096 321
159 193
220 995
593 1009
667 767
1817 1740
654 486
1669 331
413 817
680 39
266 1469
1776 749
1430 191
192 847
1968 1907
1258 170
1865 1220
1263 261
1439 630
1886 685
870 1081
1029 1801
1198 932
298 1786
1091 885
1455 1763
588 1682
1051 979
281 592
1568 1822
1428 475
1512 161
1064 1670
407 783
1314 1952
1577 352
473 600
1136 634
56 979
415 1792
959 1515
1791 811
1886 1995
759 502
1113 791
551 1619
1864 1939
1874 1883
1127 1664
1638 154
675 1202
265 41
1151 1465
578 1583
454 1561
511 570
814 731
1917 696
1607 686
1252 40
126 682
1258 460
498 275
398 767
85 1544
1979 1259
387 1399
848 1073
1992 208
194 582
875 1807
1867 726
723 262
1818 569
1727 925
1907 1396
1303 300
1346 447
1802 567
1732 1483
862 291
154 668
1868 1538
1215 943
961 612
1919 1054
1267 1945
43 156
1443 1841
155 1583
276 618
1421 756
1260 1618
688 906
1110 1981
121 1607
199 17
696 97
268 1888
1503 342
844 1140
114 1064
106 141
1935 1809
1578 1864
1989 1123
1083 625
1980 1216
722 354
1072 359
1556 181
1509 1644
1628 1417
1610 973
1323 344
56 1700
511 671
1714 467
1846 1388
1070 582
704 202
188 1140
1084 1884
2000 724
1109 1181
405 550
1463 304
157 1267
465 773
450 1056
346 1850
1579 1543
1638 1938
1645 302
1047 994
252 269
58 179
467 1593
377 970
291 103
927 315
1461 835
564 710
260 1138
215 247
1336 1242
449 1063
1420 335
1299 229
1562 319
1749 745
52 1873
1738 954
836 428
483 710
271 1740
551 1171
510 552
1680 300
1114 1440
179 240
1456 131
1352 620
820 817
953 880
874 485
1062 614
701 973
1923 487
1273 1988
93 1763
1684 428
1376 1465
1846 56
1773 1762
1666 1711
1224 51
1141 722
1192 1176
230 156
744 927
406 689
643 628
36 333
805 618
590 1181
1266 1389
151 612
890 1816
1458 539
747 186
789 395
14 1566
1572 434
769 929
35 619
1374 381
744 186
239 1071
653 386
1275 1486
199 1440
264 1130
1157 1029
1985 996
258 587
1839 517
1645 1211
1550 1830
1058 316
1230 1511
253 156
1313 1223
1332 571
484 100
957 265
1117 1683
1731 242
1124 1777
1731 146
959 1791
182 677
390 1046
90 1182
641 1579
1707 1871
636 1048
731 188
1532 1235
665 2
247 159
1821 1835
1032 1363
1452 540
525 826
1716 424
555 1412
1470 1842
1817 1853
1891 664
840 96
114 1147
407 1575
73 1139
1462 228
1131 491
996 116
192 894
887 1419
355 1998
992 1746
1104 1664
1576 755
1458 1488
102 432
619 309
894 726
815 1730
1074 621
1697 1408
1928 1162
976 1868
1598 644
1661 506
419 1415
1723 533
175 833
1944 707
33 1259
1888 1335
308 1561
1914 1670
1242 1390
1673 459
886 1416
631 445
894 886
1490 1752
859 614
1522 1499
1119 1259
1304 309
276 875
401 1456
802 1977
1315 715
1667 1652
102 1825
1213 896
596 1476
531 894
848 532
1496 1187
1862 986
1657 576
1116 1208
1258 625
1357 1675
472 1209
1859 1834
1028 405
3 1718
1273 1544
1166 712
262 1173
1765 438
1354 1947
1622 1476
277 384
435 606
189 1975
1661 329
1486 945
1607 1254
780 1787
527 1120
1329 1226
625 1836
1043 1501
309 914
1845 232
647 1061
1046 383
966 219
1571 1206
738 554
1736 848
1536 942
404 1919
1150 656
127 1588
540 1671
1255 1190
1586 1421
349 412
13 769
1092 747
1351 1394
567 343
534 1802
95 1929
443 1038
366 1444
593 1419
1987 13
1945 1878
1732 554
208 1474
1647 563
1869 485
1490 49
1195 1447
988 1573
578 239
205 1871
1301 1533
921 139
19 1061
1602 1134
816 1342
1901 1988
809 1558
1469 756
561 663
1549 1155
801 706
574 1710
1915 436
948 1483
601 855
1483 173
582 248
1665 412
1971 1594
1687 1497
1236 1917
999 1604
633 328
1 818
1031 1123
1031 206
370 1567
344 276
980 1037
106 1432
1237 417
462 204
1564 1983
1538 998
1496 1406
1845 39
700 273
484 295
1351 868
1229 717
1348 897
1972 84
566 567
1102 872
681 291
115 1153
1597 439
470 1979
991 866
727 438
319 511
820 1160
1789 721
1305 202
726 1361
1683 1796
171 892
1794 1945
1234 1558
1280 1807
576 332
680 1547
896 564
109 727
1430 110
809 425
775 1961
1552 1838
1550 710
996 1736
1651 1081
1716 1334
289 133
270 136
1532 1756
1812 112
1801 706
1702 1587
525 455
459 556
1900 537
762 1307
450 1749
539 1400
1054 451
1231 787
1017 797
328 162
1717 1877
163 279
206 1444
1178 277
1151 154
466 1139
1135 348
909 1764
1114 628
466 610
567 629
443 1912
1598 40
81 1868
1092 70
1946 1138
537 1565
987 173
1122 719
1021 808
1475 390
1534 1049
1734 630
1562 1491
389 870
1862 90
45 1960
1993 1829
1149 1038
177 1853
1631 1817
1796 651
943 793
83 1454
1381 1803
1746 688
1602 641
301 1490
1253 1142
1872 969
210 1194
1916 1761
1641 1675
749 669
1296 567
1221 1168
1439 900
50 979
969 249
1698 786
561 205
670 1920
15 98
338 1965
688 154
1714 1321
1891 234
419 55
1282 1441
516 989
1861 1652
1901 1745
1378 549
217 205
1673 1838
1453 889
1698 1369
764 566
1514 33
1605 1453
427 1690
482 1787
1606 1850
965 1957
1508 1184
1652 338
692 1185
1887 1095
463 238
927 1628
694 105
807 1745
1996 468
1721 1631
216 1531
147 1447
1242 1746
1294 490
735 929
991 1084
860 1038
373 442
399 1942
1094 2
549 1540
583 1045
1978 1124
1890 1748
175 1170
1861 1910
1020 1377
1824 1175
330 688
1434 665
1827 573
188 5
1454 1683
6 1237
1875 652
1967 1470
385 741
784 1814
296 1377
1862 1397
1029 680
526 12
485 1952
442 1514
721 452
49 151
1118 1706
625 431
422 654
1725 1828
335 641
347 122
782 339
1260 1759
1812 1610
1744 882
838 1606
146 1036
430 151
545 133
1789 579
776 1726
618 1823
1 1146
540 653
1597 428
1008 1451
1194 1945
202 628
718 337
1396 788
31 1278
539 643
992 1829
1645 1128
1025 1284
1907 1151
129 897
904 1379
1109 797
627 213
418 1465
1418 1299
579 341
175 874
101 73
1836 1513
1764 1136
1424 1270
293 1056
627 45
211 20
84 1270
1331 534
825 566
1286 1841
983 1530
1439 1531
1843 549
1453 1130
639 41
1405 273
863 730
875 62
597 1694
787 746
1606 61
269 1210
1431 885
1616 154
1205 1998
778 1857
1166 430
1936 721
474 1060
1164 1126
317 41
1238 1345
173 1084
1051 1464
188 1525
1829 1072
1454 1332
399 59
1071 1363
1180 79
926 511
1791 1772
334 1713
1847 990
1261 1493
1731 799
1915 1394
587 758
1715 1073
1294 1580
1604 1068
1646 1291
808 1480
1439 652
1896 499
979 1207
1531 1388
1536 1185
1211 84
1194 88
830 1693
1115 544
966 998
1831 237
257 946
667 887
914 1330
692 1220
1 914
407 1329
1150 675
878 856
64 430
281 705
37 1986
1209 1625
1 1782
1839 177
1985 1776
1484 1390
1497 223
1178 1451
755 1697
1011 1892
1052 652
1150 1943
710 51
857 326
540 1522
1358 816
326 431
1853 996
1505 122
1455 893
275 1612
1346 769
91 783
844 1322
304 1530
711 652
1194 736
1835 1102
599 1489
422 712
899 792
1108 1236
749 513
522 1939
354 1431
106 1903
681 1425
987 65
1092 1944
1464 1671
1606 492
1381 635
513 1728
816 160
1771 939
606 79
310 694
1286 565
527 926
1499 980
649 1598
1827 1918
242 447
223 1650
1471 636
1938 1501
1804 549
843 1946
1411 267
289 479
1323 804
715 1001
22 1229
772 229
1878 1572
820 872
1440 1546
1783 361
64 1884
904 1435
826 1935
1947 503
484 1480
1584 661
1100 1983
1440 1290
1253 1051
442 1652
1783 1734
1106 147
1467 1317
1068 1497
583 1219
1001 1085
1970 182
1080 822
1779 1172
862 1512
397 956
768 1870
1636 1487
1385 1481
642 200
171 1194
208 451
1778 1958
486 1595
285 1013
1842 809
844 344
247 722
1151 337
1163 1673
100 1625
313 462
404 397
620 935
1882 89
1286 351
961 74
1546 1771
1046 997
1269 1054
1983 103
1719 647
576 1981
1202 1707
1416 339
987 1677
602 1542
1572 1888
120 216
911 425
1256 1073
774 429
897 1159
1187 737
750 670
1605 526
1994 1452
909 1012
1381 903
530 1917
1047 110
1231 524
868 114
1813 865
602 1870
1502 1321
453 340
336 409
1838 17
617 1923
256 693
1409 1263
1803 1236
643 197
823 1403
93 272
690 1330
1548 1159
316 80
297 167
1537 1388
447 741
626 1896
916 1985
1297 1895
1864 430
567 1005
916 574
423 1759
1734 1297
486 988
1133 248
1045 1709
743 569
1606 832
533 1630
850 326
1897 1309
1334 1011
1504 771
709 1344
815 1555
1770 1875
545 1216
1867 112
1355 1047
1507 1606
659 1371
1681 1006
878 1294
881 236
646 1038
1189 1518
125 478
666 1844
1744 88
931 250
396 66
1501 760
1850 126
56 825
400 65
1885 906
382 1109
291 115
385 1388
901 1270
995 1494
1271 1789
487 1356
1109 920
1701 1710
1278 203
1792 1171
14 1847
416 1406
1026 1469
920 1628
1083 907
588 597
1176 1341
920 1985
637 697
1113 789
254 91
619 1101
1807 97
1474 580
887 1578
341 146
1417 1164
961 176
1663 392
680 1955
428 1611
717 1513
1855 27
259 1687
166 690
632 333
173 1798
925 631
1569 411
1115 689
1718 1349
736 1376
1906 446
241 936
458 1090
796 1703
144 707
1950 1522
788 1869
810 628
1531 941
1177 97
1679 1204
945 83
708 306
614 1182
37 1037
829 1940
1508 1767
989 842
594 1768
321 1332
1827 1772
979 406
31 78
1753 613
1733 756
108 72
751 86
802 944
88 1500
774 1005
1172 1741
308 1580
1593 1205
1983 911
1578 1187
1845 1395
983 690
937 757
160 1159
413 1313
1586 1802
305 1692
483 1403
862 1276
914 1791
793 256
631 1758
1684 735
491 927
1467 1653
649 503
1961 189
446 1142
904 123
816 1609
604 1043
1761 1621
1431 950
627 1147
1509 1592
182 320
1536 89
1861 1887
1682 1794
360 922
1588 1263
1191 1779
1937 1099
1522 103
943 1258
20 1489
782 1781
151 279
1478 1568
1545 1544
379 691
188 139
865 1130
1538 673
1835 1535
1261 150
1358 1320
166 1942
704 743
1046 1449
1271 601
717 1381
586 1619
1167 696
202 1037
206 1390
1865 1561
114 1259
1668 716
733 1132
1478 169
928 1473
910 712
1458 944
360 291
1639 1271
219 1289
1268 1005
201 139
182 1324
265 1391
772 1327
809 1713
1434 710
1684 1029
670 162
498 539
1310 1542
896 301
1576 283
772 811
1333 685
1005 1331
1469 1973
1729 844
1669 1874
1056 242
1938 980
65 941
874 919
1137 1686
6 1607
438 1140
1428 930
939 1144
1208 411
824 1175
1480 1895
7 1390
1900 175
1823 1816
961 286
1230 175
1582 282
1220 1853
136 964
392 322
1663 749
898 1796
1359 64
1693 587
1236 1088
844 1818
1970 1745
1223 253
389 1214
1311 788
1286 1977
1495 1573
153 163
958 1835
194 237
1795 706
1 1630
1688 1912
212 40
1930 1609
1057 96
1491 393
1092 1832
489 211
1914 508
879 1943
1062 1603
1054 1987
418 649
1988 1457
1707 1865
448 328
581 1784
1782 266
628 1289
1403 877
712 1604
1128 1257
1880 1183
521 528
137 464
1806 123
1215 137
1977 932
1981 1460
395 1720
621 1727
236 302
1977 315
1872 1662
737 1327
8 1434
1578 1137
1738 1281
993 1509
584 595
396 1672
323 392
1190 687
1348 1365
1568 1545
532 1941
1317 1765
51 1508
380 42
1034 502
1194 1732
825 1036
91 1562
1156 1799
303 925
1018 1401
19 1314
1525 650
1977 363
1436 153
1786 1767
585 718
1523 919
128 745
290 1917
1956 1879
452 1552
383 1047
1116 753
1879 1129
1882 929
82 1616
2 513
1856 290
958 1030
1432 1480
1864 764
1068 1613
1892 707
1242 632
8 1233
1531 757
331 1732
1930 1227
631 1927
1100 588
297 1906
1851 1073
802 1503
242 424
1517 313
65 1885
250 1122
1941 222
177 707
212 695
797 1098
177 1233
1941 843
1462 1134
1266 1437
1627 479
242 1346
1943 1170
1041 1388
678 571
1087 1501
1851 374
1682 1374
1133 1299
1644 1454
121 1120
1645 1012
242 697
901 194
1855 1868
1028 1018
339 330
223 1258
469 1654
627 267
1252 998
851 445
111 1114
1501 1337
760 1038
881 24
1514 439
1953 307
1220 1991
540 1860
1655 963
390 794
1724 1775
425 497
49 99
434 1462
1423 39
1089 498
1394 520
1283 86
1201 1444
1058 1191
818 1062
466 1828
221 1440
38 793
1374 1030
1207 1502
595 1373
129 1109
1703 355
721 126
736 113
1355 1557
116 409
643 385
1281 1922
1630 1561
108 1083
1601 916
469 159
249 1601
1360 705
865 750
737 793
475 1016
488 469
1274 565
598 168
1364 641
277 638
1940 544
704 678
762 911
1303 1890
559 950
1608 1960
60 1455
1093 1496
765 237
1330 105
922 1189
1940 1006
1417 1748
1862 1038
1376 1204
1873 1322
1519 736
132 517
1138 1606
1885 1779
199 1023
1729 113
1415 661
1102 452
1849 197
1167 1819
475 1026
439 533
1456 285
874 522
1247 1568
843 1887
237 134
1696 785
485 1724
903 946
990 1603
216 1076
305 536
109 1414
1674 1677
426 105
922 1397
499 733
1857 1472
1499 207
1540 1849
892 216
284 1282
1480 91
1031 671
1701 986
867 1339
1595 1215
1198 1476
1615 1536
624 565
1689 536
812 190
246 343
115 310
1804 1867
1755 1553
1618 1865
1613 1241
1713 594
1442 329
1732 1183
1566 620
423 527
1029 1152
691 1503
257 531
264 506
1095 121
1003 1212
180 1018
1942 43
1043 1229
539 1347
1134 1201
225 561
487 837
242 1272
1449 1224
252 1262
371 511
558 313
1913 1194
388 806
91 134
1522 124
1668 92
620 81
1057 485
920 1373
361 291
1324 117
1123 927
1261 1288
207 1571
1189 1174
1774 1833
1132 1121
1718 230
969 1664
853 1625
1646 1528
1978 1558
405 983
144 1440
1146 1331
461 1946
1214 383
1956 1618
436 180
1073 1404
742 1773
1017 1181
1203 1497
1890 711
1523 216
1372 209
132 1042
1389 1573
1348 644
710 5
769 202
621 1416
1153 1219
228 100
1758 1259
1511 1973
1557 289
1610 1859
1070 1303
1796 1471
1072 1394
626 1410
1494 528
93 746
1304 503
335 1923
1306 39
806 1114
855 1106
1637 1364
1164 156
275 1521
329 1259
1768 30
671 1987
1998 1106
1409 1781
932 1305
724 1617
1111 1000
303 1129
1879 1973
1633 304
260 82
853 442
1540 1881
785 1132
642 1034
606 103
1927 554
215 1578
854 473
1888 664
1917 952
1524 1009
148 229
440 1530
241 1175
86 1378
1232 1293
744 234
128 1229
688 563
974 1248
1388 377
19 541
109 218
1974 567
309 114
1990 291
1283 1227
805 620
456 1998
799 1183
1229 1143
381 832
1908 295
1565 1365
714 1023
569 1877
1315 894
516 451
50 1640
1549 401
1662 511
1925 1741
33 166
246 997
520 381
179 524
1307 1342
448 611
1726 752
1255 1645
574 602
211 276
338 1816
1162 1577
171 445
803 205
1142 897
247 1081
1341 1809
1964 1263
1324 560
435 620
811 646
1078 945
858 344
1619 775
1902 526
532 1844
755 1272
1730 119
1476 1676
246 1228
1998 1211
174 600
250 1209
334 1816
703 1965
1189 1365
1861 613
544 26
175 1262
733 273
1378 1838
21 1172
1439 78
3 168
390 673
640 661
17 236
915 1482
1221 1138
11 1303
1528 138
10 1475
150 1397
937 1251
1068 834
1024 671
940 1751
1801 1435
6 1360
97 266
264 626
1144 1627
84 765
292 140
326 162
512 12
915 403
1970 1201
644 913
1165 334
131 1310
1847 1409
84 17
1504 1174
657 25
616 1799
1734 586
862 1251
1349 1653
345 1155
1827 1579
1812 986
912 999
1260 49
1681 1274
922 972
1334 1426
1449 458
790 707
1953 1988
242 40
76 621
781 52
862 611
947 1496
1603 0
1056 1940
1967 515
575 962
1630 1153
592 1523
510 740
217 1791
1530 944
541 1778
72 629
44 955
863 1867
1909 540
699 114
1682 1483
1835 1140
665 1955
1302 1684
586 256
1220 1040
549 1765
1874 1812
1753 400
1734 209
1962 1931
1209 1049
689 753
20 702
70 1908
1629 534
1213 594
341 1602
1727 361
31 751
1632 247
1670 674
1656 1913
705 4
1644 275
120 1487
951 719
189 1079
1295 814
1615 1293
163 260
761 1709
637 1768
1320 1043
1009 212
1057 315
171 176
649 1421
293 1455
497 1971
880 1964
1959 1628
41 1736
959 1554
183 1460
1964 363
147 346
1294 756
1010 748
647 1425
825 1107
866 1972
867 1487
1736 596
398 1770
1159 1631
1347 82
889 978
883 1947
1767 1402
83 1126
617 4
1053 1986
1240 41
990 23
1796 801
1356 1767
1132 786
402 185
1628 1096
1037 283
527 1580
1649 424
816 1321
1450 668
1862 484
604 187
1260 258
1273 501
150 1939
201 875
1606 1603
1525 1623
1594 1020
1167 1539
939 1127
1342 1052
1781 141
186 1569
265 606
815 946
1872 1148
1269 732
253 510
160 1276
908 1634
724 1317
1467 1963
506 1605
633 648
688 1671
1349 632
564 1453
16 1244
1417 1112
255 957
1952 110
530 382
533 520
1382 956
895 518
1116 811
496 1101
63 1563
895 1970
13 912
1688 815
1247 511
1301 1417
841 272
1210 1418
997 48
1742 1331
902 811
1673 450
1251 1093
115 1198
1801 1286
660 960
938 1375
779 643
1238 562
446 283
276 1129
389 229
499 4
1846 385
175 128
186 1968
1688 1531
650 1213
19 595
240 1211
521 1744
1807 1395
611 452
1840 167
1467 48
1927 1327
586 688
564 1363
671 451
638 75
436 1044
1634 196
1876 108
581 840
1854 1152
797 634
1224 798
1744 2
1775 973
922 1260
1965 960
37 1677
58 62
123 1126
816 1329
215 576
92 456
1465 1538
612 1863
1466 355
1939 696
614 433
1598 215
826 1958
920 884
1214 307
1539 217
1298 1350
1147 96
127 733
935 1901
1622 1160
1872 1523
87 1713
811 1171
52 1911
447 349
1637 753
329 10
1169 851
869 1526
995 1742
1231 6
1673 24
874 1038
649 1047
1601 1009
1712 1948
1351 465
1491 1535
760 1437
172 584
246 1472
601 694
1830 304
169 419
270 748
1480 1760
1331 1475
1720 1905
566 140
1117 652
393 577
1834 1532
751 894
1695 633
1160 308
957 806
1775 497
1638 1541
342 1743
1878 976
294 1381
321 278
549 994
1470 1698
1382 1715
1696 837
1194 21
1107 1238
779 143
897 770
1016 1559
1237 385
687 1936
1052 285
1321 1184
847 1268
1303 399
90 1690
225 408
1881 1854
1031 817
1661 1940
949 1873
525 1424
1439 921
62 1261
1529 24
637 487
1926 967
1664 1049
48 302
938 1685
1625 948
1665 670
1244 1016
1610 1119
702 1563
1313 385
1301 1977
1976 9
1758 1590
1689 1424
699 1317
1937 516
37 624
1053 1545
1467 714
465 1849
1292 404
723 914
356 1912
1988 1663
1476 1225
1590 1040
1629 984
1360 1071
1938 1532
612 899
1785 1500
929 229
191 812
650 1963
925 434
1369 1730
534 487
1267 1888
1468 776
204 968
1543 852
88 1785
1036 1906
1327 230
1228 954
1920 1563
881 266
108 234
1667 1439
1534 1973
1562 316
1692 1547
1403 44
1667 1966
813 1424
956 526
1185 365
1421 241
606 33
1822 1027
59 1716
1073 17
432 1074
1195 1795
301 236
695 1648
1366 578
162 1955
1386 1949
1893 1481
879 852
1006 1377
1970 1807
134 1523
1531 287
932 1911
773 57
1997 1792
1978 295
1938 485
1689 1497
740 1614
324 1075
1198 725
1494 771
398 470
322 1807
1105 1395
802 1129
1936 1110
962 731
1523 1414
866 1621
210 548
1854 1659
262 1179
1047 566
704 187
925 1525
702 383
774 327
1197 537
1261 1790
1743 1537
1180 921
1601 1234
1134 1889
1353 440
712 223
1786 959
1906 1471
847 32
349 485
1254 751
182 1798
803 1595
1837 1337
1131 1195
1807 653
789 275
1393 796
1098 1610
351 1424
1366 629
379 972
907 270
828 1766
1847 1015
337 1886
547 362
590 1896
1217 165
520 805
1682 717
1073 691
19 720
1381 489
451 1196
1706 1492
973 683
1393 675
1325 571
1575 114
1051 852
1616 1236
226 53
708 1809
1638 363
105 732
256 7
333 269
1010 423
1490 893
853 384
161 1664
1466 935
2000 351
1451 1462
275 1020
580 859
1655 964
1140 1524
1 953
1790 1566
1065 1883
1631 1420
1226 839
1365 1030
606 1079
47 1989
273 618
1344 653
399 89
548 974
344 465
586 79
1262 357
611 1703
69 886
1877 1112
1191 282
1683 1397
1880 452
1432 1475
1523 1412
124 1456
1425 548
486 723
647 232
1014 1683
914 418
415 818
649 700
1033 978
917 1717
679 1561
1220 1710
307 1205
427 1277
1807 1899
1741 753
676 464
1723 716
415 1841
752 523
1957 143
491 624
1933 1863
1221 1813
1792 1204
937 523
1055 282
869 1915
1695 272
844 515
1974 581
1851 179
1013 1043
576 1805
87 51
1360 1306
1378 1112
138 1471
1834 1840
1599 1380
1986 128
1078 1023
1686 1414
988 797
84 1457
763 554
1051 107
595 1205
97 1992
405 1990
1528 1776
886 1712
1977 605
1103 1638
1310 1219
1507 117
339 1405
1225 1724
545 282
1791 954
956 788
1169 804
1538 479
1634 863
1328 294
1401 339
1238 22
1935 1798
88 1338
1151 906
1574 1207
1037 471
202 1000
997 713
1407 1337
731 290
1211 911
1917 1567
1640 1444
506 348
1196 1513
103 581
1418 263
615 481
1083 499
722 1757
1234 752
1610 641
16 1816
1169 1220
706 1316
1794 1774
975 538
879 1975
1548 1334
758 1563
122 621
329 742
871 8
1476 1317
1892 958
666 973
736 1741
1330 577
1780 763
413 983
1221 53
1744 1756
1765 372
825 1385
1244 1707
1973 1819
1256 1024
1143 1831
615 1144
1354 1038
59 1806
1913 1662
557 44
1167 1469
954 212
9 1004
837 373
9 1073
686 1126
116 1895
797 455
1678 1524
453 1160
1494 986
1761 306
947 882
1689 1733
1958 593
1606 1119
50 157
1401 1730
872 1675
635 1089
94 1904
903 612
1149 302
250 1333
1496 1161
377 50
882 1877
1588 1866
1046 101
1369 1124
1549 296
3 1280
432 1986
1048 25
1584 501
503 706
565 1270
521 422
1927 724
533 1002
137 1016
493 1450
1655 110
643 433
1684 1328
433 1548
1279 937
1393 1219
316 1590
1173 1620
1797 1129
1076 896
133 442
978 938
80 1782
319 1607
1344 1292
224 1253
886 1817
1888 1557
463 1169
547 1556
1847 1854
1112 694
1127 213
1177 248
297 1439
294 1495
624 409
371 1902
225 701
1190 1091
1367 525
1460 1635
268 991
1662 1161
1540 1107
585 1097
164 296
384 844
630 675
1361 143
892 789
294 107
331 501
547 47
509 1476
342 1275
564 161
560 314
692 1531
1669 815
1793 184
1933 799
1410 1326
1224 453
1179 823
1178 1679
156 328
324 27
74 1485
1402 1172
1301 773
457 1933
1884 1898
1475 853
1640 714
1613 426
1423 11
869 545
1076 1370
751 1104
600 1298
1737 893
615 1801
119 888
336 1162
1223 1123
675 1941
475 1038
193 1187
872 830
855 1677
469 1524
989 253
621 193
1034 404
816 1311
1343 3
1690 52
1232 731
1325 719
381 1081
1196 1485
1766 503
1085 1042
1699 1814
1563 1627
519 1072
424 1528
1061 1864
1818 1053
776 1866
1928 1666
1085 1375
1961 1765
135 1985
421 1651
1331 61
905 679
1390 1064
618 791
1630 858
56 144
494 993
1004 570
488 211
663 1004
63 302
1512 248
1877 1552
1782 1213
541 1970
1117 1373
585 241
510 676
92 295
1734 1896
632 577
125 994
25 17
1737 246
1495 135
1607 1931
1875 1156
40 1467
507 1428
1520 1691
383 1043
764 1850
1660 543
951 796
1833 1340
510 636
1004 61
330 1268
879 308
748 1698
271 1730
342 1723
1251 1984
1252 1961
474 355
278 1251
1630 684
1762 3
1839 106
1359 725
1866 35
1030 37
910 1226
1779 843
272 1095
1235 1916
27 1323
1307 526
211 1877
341 1365
1221 221
97 1764
72 710
1110 168
1760 901
1465 1740
757 323
1333 357
1544 630
1645 1960
1673 1178
884 863
1116 286
1630 927
21 1613
1137 1131
1510 996
876 1125
1173 376
223 1540
203 1237
1194 1742
647 99
509 1050
276 434
17 521
32 1898
1909 411
665 200
1977 1673
1720 1896
1007 1520
1548 1646
1750 580
851 1039
1183 1182
660 1260
231 1026
1017 200
744 1108
388 167
1003 1528
1101 452
1821 1158
1291 1473
921 678
100 1363
1595 109
173 604
1861 341
107 1919
139 1441
1451 775
496 918
1869 908
1387 411
902 1073
658 1695
521 1828
1491 164
1283 1525
170 531
1770 1264
1577 1070
1215 1860
1228 708
55 796
61 713
1149 471
1249 715
1384 1539
1170 1662
433 1946
97 587
563 1274
1493 1253
778 1267
1032 696
1682 278
569 1659
1627 259
534 1171
65 476
1578 1394
30 1581
1270 1998
988 1026
760 748
108 187
1333 52
1222 608
1351 818
1591 812
560 648
1767 787
1455 462
1661 1429
1974 1357
219 1253
538 1349
1312 912
338 1397
207 1427
1381 1194
224 1580
1695 1044
1091 342
874 671
1796 750
593 183
691 1165
568 207
67 192
867 1380
205 366
1852 1591
1567 1432
1985 484
1615 548
1916 81
988 1172
686 299
652 1027
1632 1522
1775 934
477 1447
779 321
1272 615
1866 1529
1246 1554
629 161
348 70
241 1541
1991 1974
872 902
683 184
1709 776
1555 773
279 1339
1009 1395
1480 458
1825 1874
1551 156
998 1742
39 1295
574 1113
579 1770
589 864
1344 1589
1034 866
1473 1261
1851 1449
1553 1828
837 982
999 1115
616 309
1078 1562
1203 1131
314 1893
1237 619
792 1142
1175 146
1036 568
1175 945
1521 1369
711 750
929 1302
1065 1238
1462 581
1035 429
914 1419
1589 1952
426 1643
1092 733
1606 486
1669 1790
1621 1971
262 515
1679 23
1067 329
285 240
1962 986
363 1778
170 363
1284 1876
1679 1225
25 1022
850 1068
1798 1824
21 450
737 726
1590 1433
236 630
1257 1160
456 430
599 485
1293 586
1692 523
1025 499
1901 1014
1718 1621
64 1892
83 8
904 610
932 1039
