1000
896 401
1669 1933
1438 464
373 167
1327 387
1703 119
852 1879
382 1055
1756 1791
736 933
1285 452
1418 793
494 1453
438 242
246 1475
1669 760
856 1235
1696 321
691 358
1538 420
1513 1375
147 650
157 1213
959 282
781 1453
942 1684
1522 1274
605 1022
272 795
845 1911
1107 1861
574 1341
1752 1757
563 1302
695 168
251 1593
1249 1870
1694 146
140 1919
435 753
416 956
208 388
1189 1288
1896 488
1671 966
1775 1582
1473 263
596 628
1070 745
202 1138
1990 575
1709 906
1294 844
776 489
1606 1242
1841 508
570 1168
1191 807
1561 167
990 994
989 1658
34 385
402 1750
1124 1652
1201 1338
1066 1225
133 1944
96 594
228 791
1564 1232
23 697
572 1921
536 1983
1595 1387
1378 1123
325 1894
400 141
552 145
1323 1273
1633 582
720 1508
105 1953
1923 962
1190 1238
1012 1817
382 1874
998 721
1389 1091
1649 1209
1112 574
690 460
1431 1936
915 1493
915 1306
258 723
176 1033
460 1203
1028 806
1150 198
134 826
984 1407
1919 1333
1639 1512
481 737
910 259
230 599
1896 1440
610 1862
828 235
795 1640
85 1357
1050 1355
1945 20
1943 1124
1589 304
948 1195
40 447
1972 340
1249 1030
1949 1846
235 680
177 216
111 1998
1935 1632
14 1952
34 589
1422 1307
314 1233
1837 992
1741 1228
581 674
603 331
1782 836
1262 1016
1337 852
848 1508
1721 223
1334 497
1962 945
805 1340
484 954
872 639
662 1093
1277 1546
1739 788
1003 1580
1000 606
19 1656
241 631
208 220
1758 1226
293 1096
449 577
1265 361
1941 556
238 1749
1090 524
1681 1187
516 1085
1512 1488
1887 413
77 916
741 503
561 1339
1004 1645
1857 1625
1756 1286
1697 1715
177 1154
963 955
1753 194
1825 1037
1285 358
1164 244
577 331
891 1006
142 1468
1730 627
965 357
1519 942
97 1719
1764 1646
503 1163
1006 1245
1143 1013
1034 1197
628 1055
1899 1312
878 1779
1596 1537
1479 652
1964 908
462 37
777 1027
1961 1000
1186 683
346 335
382 492
1025 88
1147 1103
1488 754
969 411
1929 113
1881 1268
684 1321
1771 1236
1769 444
751 1308
1984 606
1851 1447
86 1842
206 1180
1770 251
1700 654
947 924
661 842
1281 81
255 184
808 1876
1688 789
642 1535
1825 1357
1043 979
1476 1906
1247 1677
962 207
1537 1286
186 1716
254 542
883 1494
141 1849
1768 145
590 709
1932 959
122 472
500 347
1760 89
1217 679
1627 1809
1621 1609
1315 411
1751 1539
1146 1664
967 221
1771 249
574 406
1853 1685
1172 300
1602 1272
633 1075
1875 705
1674 1879
300 1011
359 570
1343 1777
1742 1412
379 1271
502 1387
1312 380
956 250
1612 1980
443 321
1517 1326
1660 126
472 1066
1668 1136
657 1313
897 917
1984 240
1919 557
1103 1853
281 1544
1391 904
1602 1611
1443 1823
1253 399
702 761
1841 1013
1812 1133
1433 315
989 449
1911 1142
1835 1443
45 711
370 593
1589 800
1131 1148
1688 1861
900 777
1639 1271
1482 1166
925 1739
1110 258
1475 1062
1755 1901
1458 469
298 1700
1524 1984
1886 66
1193 1384
629 550
1808 697
1284 742
831 1320
1611 1129
435 689
799 897
1260 446
1401 379
456 122
78 1515
1856 1299
1934 1921
130 23
966 1841
318 1757
1155 1704
450 1836
794 1886
1844 1404
589 351
1192 1457
552 1935
1601 829
702 710
598 984
983 621
1901 1605
1023 1369
1612 209
1630 573
970 911
1843 1610
1680 1328
67 720
780 360
1975 749
250 464
1598 1093
516 1766
1030 1288
746 1521
397 1454
1980 929
300 782
1127 352
1691 1762
1254 419
1459 708
699 1433
760 819
452 1761
406 1863
1817 1009
1494 271
661 567
1851 353
750 1146
1447 62
849 1867
831 1192
220 1881
1460 406
1386 1981
1330 7
164 1787
1791 508
126 1569
1669 1751
1986 664
583 454
1602 958
1662 484
180 76
1985 671
964 950
763 549
261 117
1918 1858
317 449
445 1888
1553 745
438 924
1257 850
1110 1389
25 1329
724 150
386 812
655 904
1206 1084
622 194
377 1724
608 528
1877 1187
760 1505
173 138
586 1562
1493 1593
59 218
204 77
1442 1890
1678 367
212 744
129 1062
1055 748
1409 378
1369 1631
1832 932
1312 1107
3 463
1175 1418
1361 94
649 182
1188 1221
1544 1069
277 912
646 420
1517 277
574 1209
1036 135
1617 1720
113 1329
1090 1559
1584 1390
224 1407
1374 1882
1884 1230
1059 85
896 1057
590 1150
1354 708
1081 824
1760 844
1690 1894
171 1185
1454 871
1770 1682
1861 104
486 1243
984 1997
1830 831
910 1088
1347 204
272 891
1793 1994
406 1000
1008 1952
581 21
242 427
1027 1539
1389 1380
538 279
962 954
1326 1990
403 196
1310 676
1453 1429
291 1550
179 1232
1537 1429
652 1768
501 615
647 548
1983 877
1906 1857
1774 1191
369 1596
495 1473
144 384
1819 1085
1245 1301
1894 1259
1303 70
215 1447
1291 1752
126 1744
1554 1349
758 1138
959 550
1305 219
379 611
1207 690
1407 458
1574 1494
1985 799
1656 1858
1102 472
927 397
314 1113
1763 936
1387 780
177 1211
1320 51
218 596
733 1175
1502 1429
1257 1360
86 1405
1786 1413
1932 914
1898 517
1990 300
910 926
1801 946
1881 662
497 410
1452 46
996 1216
1356 1874
1483 1038
1309 1995
1563 1218
597 588
224 1888
1018 471
57 797
1054 242
53 1577
1697 404
1688 74
1720 1150
490 1879
1830 412
1985 848
1491 942
195 756
1447 1374
1193 539
971 147
738 1958
1992 1076
556 100
509 1319
442 1187
325 583
774 428
1193 1329
1165 359
1800 720
1802 1480
167 207
842 490
819 100
253 84
829 1900
1936 1279
1160 1214
1585 1686
1885 2000
1859 1133
103 634
810 1315
367 359
306 1982
1433 320
392 1357
593 1896
546 874
410 29
1589 953
1786 1608
24 1004
102 1320
381 922
1857 195
1148 160
224 1802
627 698
1874 325
1007 898
1148 727
447 1467
987 1372
1986 356
769 1988
1346 1437
459 677
1533 796
1804 1030
272 1818
114 808
657 349
1687 290
738 925
173 1636
191 1126
1024 707
1668 661
1521 312
101 1890
298 1954
1429 430
1441 1595
1595 105
408 209
866 1597
102 887
86 1603
1898 1011
271 1635
1401 1195
210 107
329 1047
780 1024
1335 797
452 852
1286 1992
428 659
1188 468
284 1350
1068 1065
816 1333
1680 956
1835 592
1293 832
1944 1864
51 1939
1172 251
283 1836
92 108
100 750
664 449
1170 1623
572 581
1769 275
1501 838
995 980
880 1677
539 351
883 1755
361 280
1475 90
63 255
1092 1108
1206 904
1178 562
1671 1463
1477 1435
1343 1275
738 1585
496 608
1366 1353
843 1160
753 18
1914 727
871 1726
1112 845
698 546
1741 946
371 1741
1035 1933
1928 1659
908 347
1266 1043
1627 1793
572 227
191 1186
15 1234
415 754
1707 1364
745 830
503 172
756 691
547 1907
1072 87
1092 425
653 775
636 1573
63 1913
1347 107
1042 1501
1084 998
1192 640
1002 1360
1841 1467
1209 1969
157 922
167 370
595 790
1086 964
140 498
1112 868
811 1271
499 1379
1486 1172
1203 23
994 1136
86 1939
1226 1471
1454 135
846 1236
975 1255
1191 669
1158 560
246 1112
115 377
1017 111
1664 1147
364 1416
1824 1107
14 1355
911 1136
1196 7
1044 1128
1935 1597
148 1160
901 935
232 1942
63 533
1398 783
892 1300
504 1087
97 418
941 798
443 1549
800 1539
103 1095
1833 361
379 1691
1486 192
515 981
1974 1117
223 1781
1955 460
1786 362
1918 1622
1626 828
769 1880
429 1405
1851 1478
1193 1616
838 732
1438 1802
1983 753
1681 589
1492 432
280 963
1399 144
9 170
1829 626
1089 1177
1028 768
1918 466
638 216
734 137
803 861
122 571
357 986
605 849
1340 1618
1428 1155
1279 1297
862 1957
1154 279
547 639
1619 416
1885 101
1797 670
498 907
926 573
40 15
481 1768
1787 1027
697 783
463 886
1800 1433
1856 1884
736 429
1766 737
1827 478
1575 1616
671 696
939 509
1041 740
1171 1846
1506 1708
1874 1192
811 876
198 1511
1281 646
948 1607
1818 1481
874 1160
1699 1621
867 1535
1981 209
1210 663
140 1949
1985 1089
1457 1514
260 280
517 537
1100 1480
314 1006
1676 196
1219 1669
839 330
798 1539
1182 1910
163 211
1598 1865
1282 1411
895 291
883 1261
164 520
280 1229
1294 1432
540 1945
97 1768
1111 377
905 382
601 1335
6 1897
684 1900
519 1614
787 1657
752 1834
347 441
1410 913
1837 654
10 791
1689 1181
333 168
1544 1191
354 241
1745 1950
594 629
1254 1532
1801 455
813 1781
967 79
1188 1857
1341 1865
606 329
1511 1392
1609 1232
1974 201
31 729
47 1123
1820 4
640 785
1612 1256
1711 540
1810 1077
1452 656
1060 697
1427 1175
229 37
61 1832
1934 1959
1548 114
698 1070
1144 1227
454 22
1007 959
1582 1568
1410 1961
532 237
585 443
264 1356
869 1707
395 1941
1654 1155
390 1804
334 963
729 356
1298 1910
946 1633
186 1337
1274 1895
727 873
637 373
1416 1961
234 1101
1696 428
115 570
987 1193
1115 1561
575 1016
976 82
390 513
1484 1598
1425 406
1185 1241
1775 355
1516 237
1488 1433
405 1381
1867 1238
1372 1374
1897 1180
603 1309
1809 572
1982 903
1614 1655
1754 1516
886 769
1314 255
245 78
259 134
237 396
96 288
1825 194
555 705
582 1664
1739 1215
936 603
1733 335
1046 1412
1506 1592
1846 1043
355 61
487 1749
1853 1385
55 1648
483 1349
127 1867
313 1916
767 458
812 1085
1829 689
1750 1596
1222 1170
1634 815
341 613
920 735
1413 478
746 1549
1049 263
1960 93
175 1769
896 1821
294 457
601 1848
728 709
1218 1004
1615 1331
1442 1298
966 1265
1190 541
1321 338
1259 1877
63 902
301 1932
734 1940
1502 98
437 1747
1098 1662
1163 727
744 1866
1201 737
1040 1662
1195 1288
1166 88
361 1369
1851 1212
679 976
312 1537
693 640
92 151
1054 48
1192 1025
618 824
350 801
854 649
709 1782
68 288
738 1587
921 1358
1338 1344
236 543
1695 694
1675 1247
1792 325
1798 157
620 1673
1582 1380
355 1708
152 333
1461 326
395 240
345 1493
320 1904
923 800
234 486
1944 80
1206 308
678 1428
1290 200
1997 261
26 935
1202 948
368 698
1088 1132
1236 513
145 554
1566 1203
504 585
1706 411
250 1597
