1000
608 1858
1465 1516
897 125
865 1473
335 893
262 233
1743 27
9 1123
1915 382
1534 1245
1450 1265
1808 1283
1733 1408
1056 711
1309 58
732 1665
982 919
1220 830
1333 170
326 1201
526 262
1852 450
1216 1856
1479 1652
1004 118
433 391
1870 280
471 1451
1083 1611
1630 858
692 863
1699 1424
812 139
54 1082
1282 728
652 1677
1809 26
246 1583
1454 963
1928 1994
1694 1490
898 1986
1696 1347
1994 971
102 1271
1890 608
1958 242
1060 1058
1644 1382
1549 1933
1768 766
389 1885
801 80
459 1200
679 1217
1229 771
1647 148
454 864
627 133
1612 1553
260 995
84 1084
1650 1637
862 1370
1753 1839
1995 157
1498 285
1581 548
1634 1612
151 567
1739 814
418 902
891 933
1224 911
1292 1848
1325 1534
1605 884
979 508
449 290
715 621
1109 259
475 1242
142 1870
1141 1222
1591 1145
498 1314
820 1650
1998 1174
1083 275
874 1808
696 724
268 173
415 796
1226 552
688 1185
928 863
1238 775
1493 412
318 856
128 1416
784 238
1746 284
769 1555
1829 1544
250 1335
110 1349
760 1586
1576 1184
28 127
1276 896
1758 503
471 1393
550 1401
116 213
1039 1620
669 1440
714 1957
416 254
77 1741
1593 239
707 824
37 303
861 1886
1939 1213
668 760
1783 1226
1165 1903
1412 1971
312 1132
156 1883
1314 683
760 677
1370 400
586 367
1062 1001
185 1659
1482 243
1641 682
768 34
406 144
438 734
1597 735
119 356
1100 1536
475 539
72 1787
513 415
719 550
672 1405
899 369
982 124
1214 1367
394 1174
1567 1837
187 1140
1382 285
459 99
1820 1403
614 833
1547 1624
88 1983
730 1138
533 1965
1297 1079
1754 1483
1529 1987
1161 1987
1030 1837
1363 235
1664 932
824 1975
1022 1121
1338 1671
728 1479
163 20
1902 883
968 1746
83 256
893 1622
19 130
92 1670
494 401
1857 84
1523 878
1711 740
1994 804
1390 895
1015 1505
1613 88
1655 1794
1183 856
1134 1081
242 847
1876 1802
1059 1926
961 657
1128 895
446 1878
930 1644
1295 137
1633 823
1102 495
1342 1882
1117 674
1991 1441
729 1592
54 1453
74 1528
1908 1995
928 1358
473 235
1135 170
1188 16
182 77
222 1755
1784 1577
1922 1226
411 1772
197 171
1102 80
298 1416
1402 356
1900 1540
179 1104
1350 766
344 1466
734 428
1231 1956
661 1132
8 68
783 865
1279 1530
988 1355
1565 1620
302 1836
327 267
388 1647
822 231
449 1359
410 1801
1653 1376
629 1236
1298 303
818 846
1344 1444
1319 1208
714 367
1684 1733
335 316
1149 363
1645 696
8 1343
707 1011
817 807
1874 1981
1024 1441
1045 273
565 1776
1116 1839
1551 205
366 1413
76 410
594 1670
198 259
1633 554
1490 1843
1080 1068
1870 590
1219 1131
391 656
820 1373
341 1422
1693 746
200 1626
254 808
1773 468
776 410
1601 534
1948 1690
302 847
1549 1347
86 76
1803 201
46 1515
412 602
428 1865
1285 1258
1707 1190
683 1330
1092 909
150 199
1383 1570
319 179
1741 290
927 501
1023 208
202 793
1096 1093
463 402
350 413
1599 957
1673 1842
951 612
1434 404
853 1592
835 1972
1772 408
318 1625
1110 1390
1125 94
1836 410
282 1349
1963 997
378 1215
1427 237
473 72
682 515
365 1937
247 535
1196 1602
585 103
234 727
1674 551
1252 1099
685 1736
365 1488
409 1499
1356 15
1296 123
1902 1682
1398 1047
1105 1889
729 517
315 1969
1696 1030
1689 1900
612 652
1786 680
1556 22
1362 1261
1432 1462
1852 1146
512 1069
621 1916
1710 1159
487 200
718 1538
1139 1581
925 1086
978 1361
115 582
242 319
1517 164
1533 1462
1394 301
319 848
313 1926
548 1090
1926 725
294 627
597 1912
860 1324
764 851
31 628
1735 337
351 1158
382 20
1547 509
1291 1848
354 220
790 1903
468 842
38 1722
1285 952
661 1080
771 1157
1519 224
70 447
1639 60
1318 278
1075 292
1278 242
1874 430
1421 931
845 953
121 43
1664 1630
1190 1015
1533 283
675 958
950 1030
1066 431
682 1284
1135 932
1396 1508
1467 1777
1413 1238
469 640
343 918
1430 1118
1085 67
1697 394
1555 86
1343 1349
404 1785
434 275
750 1954
237 996
650 949
613 302
1154 856
681 1856
1740 610
616 1487
715 1817
1065 557
881 1797
178 1229
3 1137
1998 1454
313 1732
1130 693
575 1281
355 1956
1919 1365
1735 216
1340 922
668 1964
1520 1503
323 562
708 772
1221 1438
1038 163
424 1332
9 574
955 1477
195 354
1838 853
1205 1627
1508 228
1292 320
819 1288
287 1614
968 1955
146 583
891 1163
1415 223
1307 1874
1852 169
1766 1339
1523 914
474 93
484 1169
1700 1865
1789 244
229 1674
1542 1091
1167 1719
1660 1384
193 1500
1803 1737
1489 177
1291 553
1505 1370
257 328
274 1175
1131 1134
720 1404
70 1915
585 1115
1333 1209
358 870
640 1001
734 328
1387 314
921 757
763 406
1584 1682
1008 1135
1151 1471
1767 625
591 4
1398 624
1093 274
522 944
674 216
1562 1696
88 1047
588 585
1805 1467
1516 222
1211 582
1477 1543
687 1093
1726 1998
1043 1442
986 583
1170 1978
1928 532
273 1450
880 1712
84 399
1547 1770
1337 1877
868 1501
1402 494
1441 1377
1678 663
444 1927
928 1474
821 1769
393 1232
1581 949
1922 1165
1913 115
1548 1700
1479 683
35 864
1815 1851
1778 803
218 657
147 985
683 900
1645 1996
729 1691
1383 1963
915 1109
860 732
595 105
1730 243
1029 86
620 1002
435 1137
1002 1748
1379 1211
1002 734
426 562
1575 455
115 165
1025 1433
1937 159
1975 1595
759 1685
1550 1139
1820 538
1241 182
1499 1708
496 319
73 1181
1353 645
1952 484
268 1584
1549 984
1176 1622
594 515
1539 1643
1904 403
1202 1653
485 1126
304 879
1896 415
1266 511
1395 1490
335 1265
676 721
611 924
1260 824
841 427
1636 716
1912 239
90 1378
1281 794
250 311
690 993
1091 1417
717 924
1534 1046
47 1306
1770 983
908 57
529 305
573 290
1212 132
906 1327
958 1191
727 1476
1559 1800
110 361
1113 1012
633 851
1631 135
935 1022
1950 1675
1240 631
1080 1428
1501 1551
330 1792
1565 442
1073 1711
1836 1375
967 1085
1556 866
1420 1908
1177 2
125 1706
868 186
282 1602
1394 1861
429 1505
540 993
1832 281
1029 460
1485 1892
693 201
159 1101
1452 1967
124 1393
1160 1732
1699 587
1907 1877
1490 1142
1069 511
585 869
137 1357
98 295
76 978
1285 466
1110 502
1556 1906
1975 139
780 602
1472 114
470 551
520 874
1445 1037
1883 614
1559 942
572 1780
1618 1012
1287 1119
385 1775
1279 893
1012 266
432 1307
382 807
1827 1960
128 1956
409 1380
935 1360
195 547
76 644
606 173
431 222
1873 1257
692 835
701 1842
1719 920
1297 824
1261 1173
1229 295
551 834
1138 618
1447 656
423 1257
1775 479
1344 1354
641 676
351 939
1233 38
1005 253
1944 1992
978 305
1341 503
915 1819
1800 1324
7 825
1008 176
1073 930
503 428
303 691
1883 1334
1223 1532
694 641
1516 1424
1206 1341
96 107
373 1764
1376 1015
1460 1093
922 1515
1795 1404
654 1214
1237 1430
1132 642
776 1467
529 1502
813 1660
1958 869
258 1827
1729 1756
1433 398
1616 663
802 1949
224 1342
1948 1648
250 1202
723 1493
1338 340
1216 299
79 521
1145 876
1146 858
1902 1271
841 1439
1745 1557
328 239
1037 1330
1621 1734
617 1107
1426 112
1153 1728
1566 376
813 814
55 804
645 497
295 430
1759 1566
1183 1335
763 637
1463 1560
246 661
718 1009
1448 829
1954 1289
384 1555
418 489
1639 1020
5 66
1021 318
496 1379
1634 359
860 1103
237 1331
91 1171
391 309
1989 337
1512 1878
314 199
368 754
450 1613
707 120
1529 709
469 1004
597 722
1268 1046
180 1713
1403 1612
1101 757
1228 969
104 1198
1802 435
562 600
307 442
546 667
1904 100
1839 12
15 1123
371 1072
209 1330
1391 1487
1671 6
1796 435
1337 1077
61 1786
1002 1096
418 352
728 652
424 931
1591 557
823 1450
768 1305
1432 1574
805 1739
534 516
1484 561
190 824
176 438
102 1963
960 79
1120 146
677 1782
85 1561
1288 365
379 630
1699 1787
421 1535
15 319
1672 1396
853 618
1215 1401
1971 4
1996 1738
1149 1985
166 1053
373 130
472 1547
567 1849
516 249
812 1210
470 1566
956 453
886 312
940 722
1659 1572
1206 916
1629 1297
1586 1098
1396 1772
742 757
1364 187
1141 438
1654 136
1871 456
127 1891
1277 767
1343 1086
669 1894
176 102
924 1422
271 1853
1561 1861
26 1221
1590 1571
904 1035
598 1774
1366 929
1856 1969
1778 494
1122 172
639 996
892 662
1195 1447
1604 241
670 1239
1257 29
1424 1434
630 1451
1682 325
832 1311
919 1496
1818 147
1399 1722
776 1150
47 333
1605 1328
967 1179
1125 945
1914 1928
462 1624
658 1498
1060 1987
1178 1242
106 1500
991 729
1581 1778
807 964
854 91
1303 28
1595 108
563 349
1713 442
235 763
1255 914
445 1719
609 1325
694 1619
1915 1003
1914 1026
839 1866
51 1383
655 1903
419 582
1101 1929
1880 529
229 511
1399 586
839 1601
1096 1714
292 1117
1549 1730
549 1836
1388 1367
969 542
1537 1042
994 540
1003 1334
54 1188
1123 1601
855 408
1378 871
1885 1444
320 442
1626 446
1787 1548
1275 641
1239 135
99 742
1465 1520
1537 1589
92 1677
261 1232
394 1963
65 249
799 237
1734 652
806 1918
308 10
1120 1684
1058 611
319 680
1802 1869
1507 1728
562 1819
903 675
1889 614
1064 413
39 1903
1242 1976
1351 917
944 726
57 1065
653 948
1344 808
1682 1253
1242 902
721 328
737 1479
597 1701
858 122
592 726
1313 1925
868 356
760 1889
612 1802
665 1719
1115 243
1689 1175
146 1584
944 617
1066 1314
1602 1919
1202 694
1290 702
456 1170
264 398
813 1870
713 937
1499 790
1061 352
201 1997
646 1427
1819 1761
1998 1387
195 387
977 256
1997 606
1710 1752
381 480
1528 1194
208 1521
441 1683
360 1967
1987 1915
357 1942
573 1780
1197 859
1646 1019
1128 383
702 715
337 1466
1135 930
1580 241
1695 789
1917 1934
1787 509
1526 1489
833 891
499 181
1428 1592
1783 180
68 43
977 179
779 166
1768 1365
1046 1217
1701 671
960 208
1155 447
757 1594
97 1299
