10000
1964 985
1504 1588
70 747
635 997
779 39
528 669
900 1790
1614 1600
324 1533
275 1982
135 480
792 1107
470 979
1596 1811
1312 861
1216 684
658 1695
1530 1989
914 1883
1086 1554
1784 223
1902 1950
1979 1848
1480 130
1849 1679
1949 1517
1625 1801
1093 1347
1766 372
275 684
442 1527
1905 1016
1160 343
559 1604
1616 1154
720 1928
1235 640
754 610
1542 1224
1438 1162
1403 306
1027 1701
210 1655
1511 1788
1333 564
1464 1127
144 307
953 467
688 1996
851 1805
1611 766
320 1571
425 566
31 1624
1419 1754
1264 168
819 1124
1238 187
1465 230
1543 302
555 1441
1823 510
129 291
340 1265
117 1960
280 1184
17 1348
1029 1295
1680 195
698 1065
813 1687
1284 1992
1079 59
1168 174
1626 684
1315 1044
356 357
1234 1915
607 1967
1953 1151
1305 1704
1172 1233
463 23
840 844
355 1450
350 328
1034 1689
1220 656
1772 1727
1259 1698
1451 978
33 1323
746 748
554 181
1798 781
1205 535
352 1772
847 1069
703 162
568 729
1847 1104
244 160
1689 1854
1280 237
722 1645
1543 587
1944 1075
740 106
811 48
415 924
8 843
1138 162
1580 458
1043 1398
1244 193
541 1812
1239 880
1135 1279
954 1170
1379 1879
1575 1258
1049 1638
1378 1460
782 1531
1693 223
1686 344
1203 707
1423 358
1562 567
1381 439
989 2
919 451
1504 1647
1508 1966
1244 1381
523 1318
716 519
1487 1902
1138 358
119 316
1456 1747
527 422
638 468
1556 1035
1371 780
270 1290
71 1381
339 1777
51 710
359 1577
1765 1180
1854 277
1144 1341
970 1123
1975 1044
521 741
16 1258
579 1257
1598 816
962 788
955 447
202 745
1564 957
1123 1570
196 340
61 1535
392 676
833 1738
179 914
888 1542
248 1108
1012 660
175 1686
738 259
1332 411
811 69
145 624
593 544
1866 1100
1403 35
695 1772
1109 844
806 528
1065 1372
947 211
1157 985
988 412
434 1392
861 1172
520 1378
70 1445
1709 1159
1450 550
595 922
178 1777
1184 418
1597 931
64 183
1464 1961
1228 1779
957 420
1429 553
1943 1144
129 1568
1210 1829
1693 770
950 1967
1462 823
993 734
704 1856
1371 884
1516 1062
273 656
1938 264
861 262
1279 1588
1006 1577
506 1288
711 421
1618 1943
272 1618
1870 639
1243 175
1820 354
1891 456
1626 1936
595 924
956 1425
1113 1091
1566 392
1216 1761
1601 780
1129 453
1755 810
593 1205
289 623
235 368
1390 1595
1882 820
1051 1382
1973 1396
634 172
573 972
508 1508
728 1719
213 1894
1883 1264
1614 1764
794 312
1902 1501
1888 1699
1734 1937
1099 158
99 943
1430 1316
1247 1355
1058 729
84 1901
1808 1389
185 492
453 1496
83 422
1957 1414
1090 1287
1159 1347
1063 1169
109 1994
1137 1384
613 176
231 1361
903 645
836 87
130 677
335 811
779 45
279 1002
1964 1344
1556 1628
1724 1663
208 1402
230 379
1155 1975
1790 1813
340 182
1829 1535
252 1563
502 1215
192 1213
1661 392
909 1508
736 502
1040 1663
1537 767
660 1772
1032 155
616 710
491 1553
568 816
1842 999
555 1525
1700 1910
1592 726
305 1998
643 1873
1926 343
255 532
673 1143
195 130
1935 1788
108 524
1055 303
1349 28
220 330
634 155
1853 66
178 7
389 384
1096 730
64 1910
714 431
512 1360
502 1682
795 1827
668 1723
1598 567
595 288
1357 1113
200 1656
63 1302
1239 187
1412 114
640 1694
124 180
386 722
1885 608
735 6
1746 60
433 1650
1623 992
1915 1527
710 620
1941 321
969 581
226 1579
1331 914
118 89
232 618
1277 874
1998 282
1796 1409
1540 561
1716 1540
635 1720
686 1571
1682 1012
847 202
736 1996
367 711
180 1073
1533 589
208 965
1366 290
488 197
843 1726
1558 971
901 309
1978 508
394 1633
1720 311
899 915
1176 1333
1805 742
310 1465
1214 1036
1494 945
188 577
303 1400
1422 126
1376 129
216 1879
596 1574
1734 1103
1965 1627
1771 1339
1230 1793
1127 1855
1988 356
1842 299
1341 864
1793 1723
1934 920
1110 880
798 160
449 1664
1286 904
1311 1646
1746 640
636 1892
589 1044
1028 192
1519 1108
1192 597
363 654
1096 10
1347 801
907 79
1890 198
1421 1262
533 1699
1674 571
583 612
1655 460
1241 1293
969 1994
1715 203
818 685
898 1964
375 205
465 559
704 1143
912 1392
994 928
1061 1920
893 441
1240 1718
252 1372
1442 268
668 1527
996 47
1040 1267
306 1060
709 1018
726 410
76 291
401 1716
121 68
1371 1411
1434 1627
1091 1911
943 1903
1889 1363
1492 1160
236 572
1144 166
1897 1668
267 1333
1934 1393
1567 1900
949 763
73 1915
1347 1415
226 438
832 1953
116 1229
1760 1142
1579 408
1068 196
1920 874
1251 83
1301 1627
413 1644
1245 130
1082 384
324 877
1455 128
409 675
1037 1296
1130 1631
624 1044
179 64
1132 752
367 319
454 1781
1364 541
339 1403
385 1041
1493 937
1506 495
704 501
1564 839
789 151
409 365
687 760
849 148
1207 1385
1144 1063
291 969
1055 33
897 900
550 1536
487 1314
512 393
222 1794
1984 1356
1582 1046
463 1281
946 821
1741 1580
106 813
1274 1086
1824 268
92 1961
1679 830
1940 1450
346 589
1814 514
934 12
182 1565
480 23
1302 1804
872 1748
1378 1844
1911 1423
765 1499
1206 1382
1551 787
176 267
1848 1547
900 945
574 1806
1505 314
1294 1034
1461 1905
342 1484
909 345
93 1614
913 409
16 810
494 834
213 1101
771 1876
1200 1406
736 829
1781 814
1590 1885
1648 171
480 280
1555 1445
1232 1567
1948 147
677 1040
1638 1877
1435 1237
1 1105
1288 1617
983 1945
1792 886
980 1706
679 1810
81 4
217 688
1515 1128
1637 491
652 832
1088 1073
1263 916
431 857
1502 1510
1936 124
1039 1683
1758 1437
194 1105
1352 1364
1026 1063
1151 1582
1538 1856
714 1629
89 1355
850 1814
573 463
257 890
1196 1009
415 1897
719 229
1346 501
1952 1443
1956 1115
1339 574
1319 627
928 13
336 124
234 1900
995 1464
1648 1725
1480 1403
1533 375
680 1569
38 1465
17 838
1865 15
814 1543
1050 1835
1152 565
885 98
944 1683
1905 1084
1401 1777
1245 707
876 768
969 1822
1640 1170
695 872
1780 19
812 1858
1655 1194
438 54
1319 1131
1688 561
621 455
1888 1229
692 1682
657 1955
1564 1983
1298 1608
568 586
349 642
925 1973
646 113
1688 606
1035 209
1298 1384
626 1522
928 83
1723 1505
1771 33
1705 1218
1386 488
660 1055
1936 1694
424 137
1523 773
347 1733
1107 923
1515 1254
1561 133
1021 1955
1887 384
51 844
1120 934
993 464
1218 1987
910 955
1002 1808
1022 867
1781 215
1311 947
1389 130
525 112
394 669
248 1444
127 1999
1158 1957
819 1629
1034 286
736 928
1266 1179
1040 1628
1591 1387
455 1783
1491 1693
167 720
75 705
1941 170
997 755
386 1512
997 1148
1103 44
361 1723
1039 587
424 676
1104 960
1251 998
1213 901
97 540
620 91
1346 904
438 1940
1842 566
467 264
1157 1110
817 881
1987 1215
1741 1330
994 888
447 1553
1180 1116
819 922
555 837
1056 908
770 785
226 273
1084 311
1060 1047
1724 1894
414 99
1938 420
1391 921
433 206
644 726
1944 708
44 1544
368 1222
1157 872
1287 98
593 1164
576 981
1907 150
782 1536
1351 1630
1738 1970
1816 582
196 664
774 1661
860 1014
740 314
579 1397
1521 763
1308 912
946 1007
968 1913
971 232
0 1370
1541 1067
525 1963
1874 88
1211 650
1428 505
1192 97
770 1353
664 328
38 255
351 540
35 211
1762 1215
1657 1259
577 188
599 1532
975 483
1494 562
1801 315
1498 205
1727 872
369 282
1756 1033
1408 797
1217 1642
1902 184
978 746
374 356
1472 2
174 427
1417 997
48 1562
1720 213
1226 1357
1636 84
1225 844
1101 1249
1731 616
565 600
1591 1430
1313 1113
866 8
1883 1402
34 565
1258 702
1417 1712
13 1967
924 1491
1188 663
982 864
979 1397
1931 739
744 383
1391 310
368 1807
372 405
1301 619
252 125
1684 1400
465 555
1938 1603
3 1430
1232 1761
1165 724
814 704
861 1089
986 1389
479 919
591 1939
1962 624
1584 1847
392 345
658 1154
582 1344
1696 804
1409 54
1634 1681
452 1563
1369 566
996 1226
1862 571
1234 579
1899 159
617 835
640 1721
383 711
597 1306
1399 882
1594 32
34 508
566 1847
1157 1489
640 627
1493 1027
113 1716
1128 203
1522 838
151 1572
1068 1946
138 725
945 733
1435 725
216 1896
741 1507
323 1609
1669 1617
9 504
51 1050
1432 1784
1261 1241
1607 1901
1639 820
104 1403
555 1927
1091 936
700 151
772 1251
1618 1088
1694 1790
1087 897
1107 1737
341 723
223 1891
1514 362
1900 1620
1751 1823
247 1159
1265 1052
1455 1270
1701 1269
1054 1780
1328 1078
1658 1394
543 743
894 126
1337 883
1626 623
816 12
1128 370
959 270
5 1379
1982 792
35 1351
1926 1915
993 1053
1555 1730
233 288
1516 636
1786 1307
1130 31
1112 430
237 1379
1323 854
973 595
954 618
219 208
918 479
812 246
673 967
961 1933
3 280
692 1002
905 534
395 1027
2000 209
1590 1926
917 1771
1595 902
556 1832
556 1695
1109 1349
1665 1426
1572 1803
317 1254
1353 1279
216 445
40 694
53 1421
935 511
408 1390
291 1154
1209 1870
706 599
1017 315
491 1384
1995 728
38 1668
740 921
1223 56
425 119
894 1887
247 1068
1811 409
139 1670
79 148
1658 995
1806 1071
1224 1243
1659 133
1192 1507
1647 1474
801 1254
1158 1223
1658 165
976 1337
1107 1891
754 1931
1925 711
1490 513
1450 392
1564 1564
1040 1855
17 1934
939 1837
123 469
1905 1962
668 1542
1935 716
1648 957
759 134
829 839
492 431
1440 407
1628 1794
1975 1964
1216 760
1943 1772
1112 412
1861 1202
212 39
1466 852
737 1185
340 946
281 1689
152 181
1723 751
1009 1670
1518 1797
410 405
1015 1340
1693 584
1134 758
1784 869
364 698
588 1668
449 1414
1483 357
1712 1830
327 524
154 926
1313 1501
1282 970
726 302
556 1019
1287 380
84 810
1493 321
580 857
1614 1315
211 418
1821 1594
1889 1130
330 1746
1214 1482
124 1630
1959 1278
358 368
1999 297
968 1174
974 81
189 881
1787 1080
308 274
1586 457
1966 1796
1672 563
890 1919
1513 428
1640 1069
1394 168
1856 350
1535 1264
1563 1133
1994 1372
1228 1900
1882 959
1555 1523
1240 124
1333 1460
846 1977
1678 1398
997 1357
636 1256
1607 1405
1851 1357
1162 1352
1648 248
518 1967
1737 1837
1010 1080
1607 173
1112 1692
1860 1990
1302 1744
589 1670
590 756
1306 1831
1740 1504
1425 589
1589 908
157 392
1655 679
1200 515
1327 1827
1838 39
406 917
1630 1044
1887 1325
1659 763
466 1877
1181 113
324 223
379 1903
15 286
1417 802
355 593
1643 1848
810 1211
1514 1575
464 1783
1445 954
1764 257
1782 1228
150 29
1816 1465
1980 454
841 636
480 1584
900 938
798 114
1736 1702
445 1076
1742 1023
1136 373
1693 692
1731 128
1657 1159
1862 129
1228 1352
265 855
1021 230
1181 1860
1098 58
83 992
546 1769
328 1770
1837 772
480 1536
1256 1639
422 1097
1871 1525
1043 1211
53 1988
0 84
1783 1672
453 379
265 1097
1445 1368
1446 171
645 1996
366 626
722 235
671 1857
917 907
259 1264
1311 257
509 740
175 1908
1325 544
1190 148
1783 1066
1445 488
1428 723
1178 1589
1041 1090
232 182
1048 1562
778 1264
836 1866
365 1688
1418 177
1554 62
973 1805
766 26
92 30
283 886
1838 1674
1212 1657
1465 1978
1223 682
1168 1788
1702 189
1762 1398
31 1785
1543 430
203 1797
1473 729
218 62
1536 982
1478 1015
651 220
368 1217
617 884
1519 320
125 1542
1581 328
1860 1256
535 919
1965 1193
531 1382
1401 1945
208 591
1234 334
166 1364
461 1025
141 9
1902 1138
103 1395
1520 108
185 887
1772 1927
1824 1319
1 1386
271 756
448 61
189 540
1124 443
466 833
1048 663
492 762
1398 1150
1942 1853
200 542
341 857
1866 1274
1776 951
1796 1780
76 503
1794 1921
1662 584
124 602
238 1769
1356 243
55 1085
1383 1661
1393 1628
1265 1631
990 1344
839 1971
994 1302
1611 622
1988 394
1839 1467
1654 965
1888 1018
293 858
1422 16
1609 1014
1904 457
675 1113
1158 489
1571 1397
1339 1182
1575 953
565 1145
1748 16
1610 316
465 730
1079 54
1011 687
99 44
447 151
979 1115
86 1668
364 69
1042 1976
1608 975
979 1772
471 595
1009 1520
1756 1675
1432 1505
1460 1573
598 1284
226 878
6 180
1822 1930
438 508
898 847
1880 737
901 330
120 1519
1384 15
1409 202
52 578
1706 1476
730 1854
997 1688
857 279
1805 1665
325 336
1713 1849
1855 1665
1567 962
1297 1606
931 997
479 1018
1309 691
1218 967
876 494
1930 1442
1448 323
673 1829
785 1146
152 143
743 73
1737 1216
333 85
1511 116
747 694
480 1209
707 548
727 1693
1857 1980
1876 845
1378 1940
548 279
357 457
1132 264
924 1342
531 1911
505 501
79 451
551 352
43 78
1804 787
1644 1004
413 170
1036 204
425 910
1437 1317
703 1338
1540 411
542 1531
593 345
835 545
702 1545
1920 508
87 511
1983 1471
1125 1574
1083 1188
586 804
1241 1665
1283 471
1395 629
414 1540
1373 516
754 298
70 1139
783 1038
1760 175
310 1814
1435 1902
1190 1008
570 1881
27 1850
226 1068
72 1470
1762 817
975 1643
46 363
1840 734
316 1043
14 1678
588 1142
1992 174
1309 1882
1467 529
1536 206
1689 1714
753 551
378 1489
431 521
1818 1164
159 147
1250 328
343 769
1770 1588
663 1534
997 307
1004 460
592 102
373 146
970 480
380 1820
624 323
151 93
1258 100
237 566
620 167
1453 1208
1091 1959
1242 763
814 1038
250 95
716 505
1479 217
511 1955
333 1043
1912 1858
1542 1375
1346 579
1079 1374
1466 501
1234 74
478 1709
592 882
1906 1526
964 1939
292 1324
1589 815
1158 27
1468 315
140 1132
1732 243
252 1588
1838 733
905 1874
1023 751
1844 1603
233 460
573 1575
562 566
959 785
1701 1333
1223 1576
868 1504
1646 30
144 1116
347 593
730 459
354 1119
619 1407
44 1648
1003 993
1475 1459
1627 1003
1487 496
1579 102
1849 1374
1559 130
1620 953
1786 427
586 332
291 745
1383 489
560 296
618 940
719 1408
1555 1015
1703 891
863 503
378 564
788 1432
367 1160
1169 1323
1163 929
80 1623
520 1911
1996 1996
635 822
1419 1604
1436 489
386 818
415 1041
1945 996
411 1580
17 1131
395 596
1111 1943
221 1021
1951 586
521 1284
1645 759
1969 380
1467 1413
1689 1846
1137 1364
3 1815
1309 929
1682 196
773 662
1068 181
1637 1432
1003 608
1979 527
1306 1753
450 1830
1021 561
881 804
520 1226
694 1858
942 1178
1622 1476
734 61
1885 503
701 1279
1269 1374
1700 1100
1280 113
1093 1687
215 744
1107 1994
991 1092
1803 1353
1005 1999
98 804
1144 8
1964 1153
334 1651
321 1280
1503 724
1591 85
665 262
213 413
1694 1531
434 601
1921 946
1069 1565
1957 1870
1121 1379
86 1215
573 893
1569 1006
120 1375
118 531
461 894
1629 1544
1965 330
1736 1220
288 1987
563 1110
773 948
402 1488
813 1323
92 233
481 1812
1158 1594
568 893
152 1422
165 836
235 369
1091 420
1987 1412
1634 1553
1180 1657
813 598
474 939
1436 959
1336 501
1286 1251
220 687
1950 853
416 1594
749 748
1051 1078
1894 1347
1959 1726
1144 1398
572 92
1190 510
19 1206
592 1519
1722 1524
1378 34
1994 1917
128 1697
144 1790
1294 1230
1822 451
619 1809
1868 1791
529 1522
1207 657
1272 1857
1161 1189
1310 934
580 855
1124 824
1115 1763
782 1692
1425 838
1887 1497
65 1836
1284 216
437 1465
1031 33
1481 426
817 889
1525 154
1334 1239
1156 312
1724 570
1391 522
1451 104
1839 468
1595 1533
1294 875
1834 1323
1311 549
628 1316
83 1282
1904 221
1029 1630
1585 1976
156 1512
217 1800
56 507
911 901
886 1308
471 1460
318 1799
1610 457
1925 80
1507 863
116 1622
811 595
486 226
1802 1701
1817 1240
1554 1362
334 326
482 1369
499 1593
876 1130
1632 1487
209 567
198 1896
1003 638
54 1094
792 524
1126 1774
1621 989
295 1511
193 1232
332 1002
537 1321
1101 1789
219 386
594 112
841 346
978 1090
510 1648
714 1203
1416 864
446 1912
623 1982
1705 598
1148 730
208 1550
0 660
1365 1424
238 547
46 286
637 1455
1508 681
1533 518
1405 1828
204 1227
1320 1600
1298 905
297 945
350 1740
1818 1868
1330 1653
598 1792
1871 1331
656 1625
1049 1188
118 1983
601 1632
118 952
502 521
1217 1706
445 4
1836 611
1416 272
224 1675
794 827
1270 1887
1933 356
1908 1365
218 515
78 910
660 698
357 0
1036 1610
313 936
728 1159
308 755
893 640
1477 1122
1873 1009
1046 648
618 1118
262 10
3 1257
1365 1082
32 765
1596 880
1474 1785
908 1180
980 719
884 619
1311 1085
1629 441
1979 1974
192 1378
1649 1857
346 1374
119 782
288 1032
1390 793
194 397
35 718
1194 1671
1287 1832
530 394
947 1943
1304 799
176 170
736 6
1317 1254
758 1952
496 1911
768 1396
1442 949
816 1875
583 1400
267 525
396 1808
1202 929
954 1588
1107 594
744 1429
5 16
1587 709
776 75
339 384
1894 229
1041 767
313 1795
1962 1837
408 680
353 1727
1019 1628
751 996
708 538
660 1786
1169 1014
777 1679
45 1215
690 1374
1672 731
1496 1751
1204 1973
1014 1652
59 1596
723 259
565 544
1178 492
825 167
78 311
1592 1588
376 1667
831 1695
368 1639
1452 125
1353 1210
764 1229
357 468
1048 1488
1079 430
1252 1529
729 652
125 1662
160 1232
317 450
1699 636
255 829
1104 1041
30 417
1671 1313
338 1012
1902 164
1327 127
979 1112
1856 1653
980 1528
1478 1946
1859 836
254 1131
676 1768
6 1723
571 1569
1043 1613
749 1158
86 1278
1817 1756
632 1947
905 1378
642 509
1495 326
1963 1874
1950 1729
1265 1460
961 531
10 1050
1887 500
1 981
1885 1635
256 203
1991 1629
668 191
1968 1064
1271 1662
1727 1339
1293 1394
788 868
54 1576
643 832
1435 366
62 858
1333 1685
195 1590
140 936
1051 1176
1091 1271
1246 1274
1969 371
444 582
1843 207
1903 1161
1222 1989
691 1898
421 729
599 1451
1914 1849
14 1479
1556 940
1840 1158
238 1241
1392 1401
661 1215
1064 1668
1480 354
1061 849
1125 1655
1240 138
1649 1179
1748 707
656 1275
1204 836
1971 1823
1821 1170
1267 1451
38 1972
493 1639
685 1137
1493 701
734 2000
204 784
515 108
1233 683
810 177
208 1281
1241 599
489 821
1348 588
486 97
1770 198
1367 1076
318 1415
1293 1815
1748 597
1343 95
417 1144
1754 671
1997 826
1709 582
715 1539
319 581
1631 856
1034 1650
866 30
1181 1981
1757 942
647 360
569 494
630 758
1524 176
1078 1314
614 608
1648 834
1217 1841
395 626
1831 160
474 1528
1825 81
793 1111
1480 1651
559 1584
394 588
1035 1738
118 36
1429 1111
879 1204
1789 1943
1559 294
860 914
163 1602
892 1205
1163 1022
1569 1000
183 635
1429 1000
704 1667
1453 1673
1655 61
509 350
1341 1104
603 1311
1397 1973
440 212
639 103
1214 341
473 1264
40 5
1700 1350
1881 540
485 53
761 494
978 1709
1329 286
1010 1284
517 1073
1374 972
574 691
1592 609
851 1187
493 853
1209 923
1387 745
506 1885
488 1042
374 892
1153 1025
447 250
433 631
879 1101
1406 814
1616 439
701 1878
588 210
636 1345
1528 1947
1244 1622
1409 1059
138 64
506 870
1948 1262
1693 106
1776 1959
1810 10
1895 870
1272 1847
112 1106
1956 844
141 1464
827 1396
195 1917
112 1205
1859 371
255 1020
1714 1873
522 1310
246 432
714 1160
1976 1210
513 84
1545 1808
1360 1155
278 1955
858 1950
1610 1958
371 1760
1552 1989
1600 1419
986 532
456 213
1652 1491
1835 1814
543 71
511 1091
722 1471
1519 421
1512 1460
1287 995
1205 1441
579 259
1603 1493
1450 467
318 1714
47 1193
1671 729
1468 354
512 365
1394 474
967 1830
1823 1416
939 1733
1764 1354
1596 1963
1146 1476
37 1704
1899 603
788 1190
1448 64
1572 1816
1297 551
451 1486
1215 351
549 67
472 1779
49 1178
752 958
722 1706
1618 157
476 1941
631 555
411 1068
968 103
481 393
1412 889
271 329
85 1233
845 637
336 804
1534 756
65 751
429 1938
1080 1802
1233 477
1664 1128
1130 1006
1156 468
803 1284
1514 76
40 505
1393 551
446 449
1922 1265
1867 1717
859 643
879 1587
1469 852
689 1518
300 1189
91 1622
14 1430
1150 324
1188 1912
393 1861
743 437
1010 1223
1534 504
316 525
1232 264
772 1687
1645 1380
1289 538
1212 630
192 1112
650 1300
1002 240
333 613
1393 407
1355 1536
1178 111
249 249
1248 883
736 1260
1772 1964
1997 1485
585 431
1930 1963
610 472
1959 791
819 1782
731 1579
1430 233
1595 661
251 1859
127 634
1846 1921
143 314
470 534
1501 308
457 220
1499 760
895 1184
1350 607
482 665
1630 46
1626 1715
88 1452
1256 327
1249 255
128 1267
1449 1572
1376 903
70 921
1862 702
1009 1753
316 641
887 42
1667 1444
997 217
366 258
277 258
834 1317
511 808
1009 1289
1235 327
1985 643
923 1474
1005 434
1638 913
1148 129
1346 398
1775 1786
562 1722
1961 1853
1322 472
1959 1464
1077 392
1582 1559
148 43
191 886
1692 472
315 1699
533 202
1027 1112
620 1130
371 546
1476 240
1929 1043
1853 713
1749 937
869 251
517 834
872 721
493 250
68 981
66 215
770 363
1108 1022
289 1435
298 858
1480 764
1946 1555
867 742
101 40
1722 168
1811 538
227 596
1004 1801
359 184
1856 487
1295 453
870 409
767 1518
1245 714
1191 1423
369 379
1421 1047
139 1590
1860 648
33 470
1166 496
1891 338
365 1206
1372 1168
144 83
52 1428
761 304
77 527
967 1831
1193 85
1839 752
795 1591
1112 1526
265 1692
1466 1623
218 430
1892 847
1822 1954
906 122
689 1387
1494 1947
934 1694
293 1620
1247 1820
584 1358
1887 1020
240 748
1697 461
690 346
1635 430
1392 1770
1340 1391
879 22
1813 1986
1962 1811
1658 1740
302 1979
201 1371
684 1800
4 243
1180 1792
1138 1266
1452 705
424 1837
1544 1196
1461 496
8 243
1051 1186
1555 660
1094 312
1086 471
1032 872
260 1407
1217 151
1235 1806
261 1861
1938 1159
1425 1696
1113 673
1919 945
317 684
1588 1039
1825 220
761 1860
242 415
1112 62
637 1994
130 99
87 1961
73 70
389 1251
1536 1464
595 482
1051 1903
1720 113
858 231
356 1948
587 286
1502 870
1715 669
151 279
687 961
403 1719
1466 1136
704 658
535 935
1543 927
318 1351
60 564
1337 541
485 1170
1240 1680
1757 1718
1905 528
626 1313
1274 213
220 187
1503 1007
1062 1866
663 1379
1787 944
1591 1437
1602 1210
1504 1925
1791 1622
1183 1535
1372 289
1436 1880
1296 1237
280 1388
1470 749
1176 315
280 1821
1958 1339
931 1132
1132 997
452 973
414 496
804 1021
734 191
1548 453
1244 386
1199 1489
640 798
189 1717
1120 1130
692 1909
1186 466
380 1679
249 1455
1311 1987
306 1512
1371 1832
1793 1724
1923 1412
1597 811
810 952
332 732
899 985
170 1858
1494 920
732 165
1387 347
635 1234
330 207
1554 1330
180 1935
171 832
335 677
1936 1958
285 493
42 129
1907 1018
733 743
278 439
1003 1968
1766 1876
224 489
127 661
884 1834
1245 851
564 779
500 708
1040 1461
995 434
1415 1190
1306 1651
584 1906
679 353
68 1000
1473 1746
1701 511
508 249
567 1035
1952 1233
64 1747
607 707
78 462
1987 1237
242 1460
1140 395
264 17
138 1475
1703 759
462 1699
97 182
1755 1989
473 1956
1412 1693
405 1144
1630 979
615 787
1690 552
406 194
1140 1650
26 1534
1213 1386
747 43
1106 409
1905 1539
295 758
615 1213
1316 42
636 1392
1025 125
712 757
920 1653
1229 1453
103 1923
1049 244
1140 635
1790 1064
771 783
294 735
214 1204
456 456
298 467
1495 925
606 947
715 384
520 1336
747 1804
1467 1370
138 1598
372 0
1472 353
861 1790
1924 1120
1168 1364
1509 1573
1321 1754
728 754
401 1270
680 1418
160 1224
322 23
1613 70
1734 271
1854 683
255 173
440 530
1582 503
795 881
640 1213
1003 1076
1153 1044
155 884
1476 770
1775 352
411 1833
153 1749
121 1620
215 807
210 104
1542 498
322 7
1463 33
1183 1848
262 1138
1905 1995
1143 360
125 733
318 1434
361 1304
1124 1291
1638 341
1264 634
1154 816
1167 533
1220 719
1777 189
445 1334
14 973
1916 243
1853 570
361 1495
802 113
1648 1511
912 641
631 1378
728 231
1644 1177
1907 21
215 600
993 1880
1151 1036
909 148
1999 88
1991 1258
1283 560
10 923
814 219
128 1591
1677 1203
1774 1565
48 117
1086 1291
1636 1713
680 1887
1257 1801
1278 639
182 384
163 126
703 876
1574 946
1318 150
1505 1966
1554 18
1993 957
794 631
1972 420
1711 1083
1300 1620
703 1148
642 276
922 1674
280 1957
79 1475
982 165
1417 1507
853 443
685 755
1538 1062
1617 855
102 1462
1705 348
948 1098
1375 1901
897 1217
657 1532
1867 1078
468 1330
1806 1259
807 357
1830 199
803 1979
1266 1088
664 1215
1069 1727
1089 478
804 1917
1630 564
1682 485
169 635
496 1784
613 1338
991 1560
345 422
13 1960
100 1699
1716 480
128 1610
1265 1659
1314 577
1777 1326
1066 1703
637 358
1326 1954
1559 837
38 1921
457 266
1364 1225
34 1234
1810 165
195 696
699 751
965 1462
1640 864
173 475
1125 1060
438 720
606 1573
1691 1936
118 1028
1425 1811
221 755
1924 686
1636 131
684 644
1492 1506
1569 230
1482 562
1672 138
202 1572
1349 1118
285 883
1011 121
327 869
1099 1336
263 474
762 1881
1856 22
1581 341
1403 464
398 59
1103 1192
1804 1998
1634 659
1367 431
154 67
1959 404
382 419
1919 1629
1387 598
373 1647
1166 334
1130 1118
731 584
175 1517
451 1972
1061 1208
254 711
970 785
46 935
222 937
1066 1823
748 982
125 1522
627 1421
489 256
856 1138
1660 169
1504 1287
982 1733
1387 892
1008 1490
947 1048
596 1073
1815 450
304 814
1840 324
1530 1504
1621 1732
826 37
681 151
1514 231
1089 992
614 808
1845 722
758 893
962 1553
1142 1956
1873 1168
1277 755
1790 1522
1679 1045
940 713
523 1733
695 817
299 1035
1506 1497
680 1134
545 906
591 1150
187 481
1183 572
1586 1847
1322 535
1581 902
1670 250
350 94
1114 257
1852 1511
444 825
1612 717
0 495
1714 967
1056 390
1824 1951
484 1639
36 603
1350 394
1557 582
0 1363
510 1745
224 592
289 1793
1550 1659
282 785
1816 496
1130 766
1647 882
594 1232
665 1037
1305 147
1119 1408
875 358
196 1222
353 371
1096 134
624 1398
1429 1338
279 1006
1507 226
1460 881
559 1319
918 624
795 636
762 1128
149 223
50 809
882 153
503 1521
1142 1876
953 503
1275 763
328 448
270 873
1190 451
861 1048
853 1962
1202 1422
754 1809
915 1857
1900 335
1432 1161
1487 585
989 1268
1140 339
1817 294
382 1450
957 1488
1435 1934
1203 1636
5 1889
996 312
1688 1181
1510 1210
938 278
1439 1750
347 526
1119 1771
1937 7
1776 1906
1315 808
1897 1515
1422 62
1350 1383
1073 1513
883 812
1112 1222
1624 517
405 1948
1230 825
1009 1070
402 423
279 442
1479 606
1474 1846
347 208
101 731
251 46
1893 560
946 670
1324 842
813 406
620 461
99 1748
253 620
1787 501
1912 1215
509 1014
51 1401
1932 1640
1546 1555
1213 1239
1818 1676
438 60
335 1692
917 1964
269 432
694 1198
635 348
1358 480
688 1083
1323 676
1888 1199
753 1121
1833 1727
748 27
887 882
1736 1048
1243 547
1696 1908
1256 562
109 736
1410 76
109 1306
1376 515
680 642
460 978
1222 1368
1307 1429
757 583
1029 970
1713 1603
1632 1386
697 1243
770 722
1584 1709
1493 1398
1206 953
1802 1136
1678 167
1510 604
964 22
454 1403
1647 67
799 1889
288 1200
897 365
1133 299
1038 1318
503 530
1850 838
452 1862
1431 1533
1634 1922
622 959
1940 1136
401 519
1916 1234
1923 692
288 408
1420 1562
1263 1364
659 935
1441 446
1064 407
469 690
713 353
1544 1509
1011 685
1462 370
1415 1682
1809 1657
1561 1827
1167 1541
1613 1841
1120 167
1303 1598
1962 1630
1809 421
232 1668
132 1841
326 1769
1356 1938
1581 130
1905 1506
906 1402
992 143
1295 79
1773 1881
831 189
403 727
425 1828
1907 1773
113 275
153 757
1395 216
33 822
546 1081
883 1234
1851 354
86 187
996 423
1197 1718
164 225
1818 1900
361 1170
877 1610
607 9
452 635
1694 1089
1617 844
114 207
363 135
1143 797
869 694
1708 136
1583 303
891 1943
684 941
1820 1302
556 78
721 1221
568 1110
191 581
1792 147
976 334
1189 1467
1338 747
1986 321
614 965
714 342
1474 125
1949 127
1621 128
1507 494
855 803
785 518
544 605
249 951
768 1164
1154 1249
635 1018
1780 516
595 1141
1084 1687
1510 1040
898 1878
439 1429
1097 16
1324 340
1208 1683
738 162
1147 1024
651 154
869 1512
1221 1641
1953 1948
1132 12
1376 1701
151 408
801 854
1952 695
508 1805
319 1002
781 1501
414 918
1576 1295
215 1847
261 937
538 280
1976 1571
1601 188
773 904
778 1241
788 712
345 275
1195 1174
825 820
1625 34
1038 1762
230 1811
212 1247
1784 341
1357 1792
401 1186
607 975
314 418
1652 446
126 536
997 1224
1620 1097
1688 1187
597 1005
500 804
592 238
485 1616
84 905
968 51
1614 1365
868 1113
629 238
935 1229
1782 497
1982 784
367 987
801 759
1855 1146
320 1106
344 301
79 1880
604 420
431 1365
155 1454
592 1633
609 479
1533 940
1454 1484
638 1165
1430 1087
1561 1895
152 240
1075 392
1439 1658
1561 1970
1805 457
1158 511
246 932
553 1309
1101 1879
1723 1100
1929 1474
913 347
1067 1550
453 1149
835 1732
1325 370
285 372
1127 534
430 964
1804 259
1449 202
1643 532
148 1101
1805 243
1840 1656
791 1862
798 701
867 147
298 1068
1899 800
1008 791
268 220
754 1092
1596 1548
868 780
16 1965
731 1683
1410 503
1263 373
350 696
565 990
1611 494
1459 629
1578 439
477 1858
804 717
324 1769
217 196
417 1439
858 1387
217 1990
928 1074
15 133
1845 1916
1436 740
778 208
1432 281
1413 1053
1713 554
808 1722
1790 1982
1926 633
828 1007
1651 340
619 810
1904 1571
553 902
1524 1059
888 109
239 1656
1337 1033
919 934
1739 96
636 1635
203 722
1 1254
714 601
880 957
1954 418
1765 1186
1068 979
687 48
818 446
725 1799
1937 1066
1816 227
1457 395
1062 624
206 543
1383 1624
1413 632
292 91
1967 234
1335 1093
290 1490
941 36
1934 1535
468 1634
437 1812
32 178
1614 593
1072 296
1886 353
526 1662
1969 114
99 1473
1275 1355
681 1106
368 453
1256 1221
835 1041
606 1444
1607 1184
146 771
526 283
1785 761
953 1829
1184 170
957 1936
1221 473
314 1621
927 1238
1245 1987
253 159
117 674
1724 1986
1541 1406
1820 476
1452 351
53 1917
1672 81
1898 436
444 1601
790 276
178 1737
1761 1718
1654 1797
1046 1670
1719 1261
1217 1847
1948 1837
1146 1805
1939 836
781 785
860 1429
179 1089
1425 1594
1853 1482
1721 1564
1655 1540
669 1610
1219 191
835 1148
981 1963
1832 1273
485 1950
293 1054
1927 425
575 1377
1429 386
661 475
533 1181
500 645
581 149
243 1715
881 192
1743 1870
1197 3
1358 924
684 164
43 1722
1779 256
923 925
1274 1033
146 37
315 138
889 315
232 50
1354 1829
1459 1133
1136 1690
831 1456
173 266
886 1271
1712 345
1841 1865
1612 374
1489 383
1759 658
1671 441
1169 1699
873 1988
1652 392
989 884
1314 390
428 1128
496 531
1564 1951
692 178
268 968
1697 1511
1325 1181
118 1665
1835 1037
967 689
255 546
961 1228
792 868
933 1
196 135
1337 1354
1533 1045
640 178
89 435
520 1088
1566 73
1475 1310
990 93
1174 698
654 1335
1865 804
978 1696
984 542
355 318
1365 800
1652 1095
1468 576
1328 795
554 92
1774 1372
280 1386
98 188
1065 94
782 100
70 811
520 1231
230 573
901 1028
121 1800
1856 1682
769 808
1812 1150
1549 1857
106 1495
313 960
1414 244
578 322
249 308
16 667
1382 1674
0 948
843 1610
1559 1444
367 725
1643 52
150 1695
971 9
409 600
1638 1138
1126 1899
394 1409
330 1264
1266 791
1399 1167
1100 836
789 1672
1866 520
678 1718
26 1959
18 1833
371 280
902 1542
223 1096
282 41
306 276
606 121
310 374
258 19
431 362
1667 478
377 1939
1684 1928
575 345
1958 1707
138 614
750 1233
457 479
1408 129
358 1323
36 406
1942 1816
1537 1694
236 39
805 693
1251 1343
158 331
458 324
1692 200
975 1966
1349 544
1774 501
1682 478
981 761
1461 1136
304 1886
1378 1600
96 1647
1573 1456
1547 1595
1032 1226
1467 1262
256 962
1277 1238
1104 429
112 1263
1836 1019
131 1052
1537 1490
1193 974
1716 624
1203 1135
735 1197
802 553
1154 1385
204 948
490 539
31 1175
1428 1798
41 230
1139 1219
1878 681
885 1756
575 964
1136 1910
62 1530
1047 1783
197 1268
419 831
315 194
434 344
1121 1855
466 325
1805 835
1108 394
902 1455
456 490
1900 610
973 904
983 1762
1832 717
641 1687
1659 1788
1753 538
128 1713
1145 2
905 1642
1805 1462
1946 328
1866 1857
892 1454
1747 1108
274 1205
1452 244
768 564
607 1974
265 329
764 1987
1708 862
634 797
360 1294
1311 309
80 1122
941 71
597 343
1037 1304
1433 1603
354 1495
1439 1000
515 498
1509 1828
1944 1544
929 845
90 1986
923 1946
1125 1070
138 1014
1812 1024
215 667
1901 1015
1171 307
1616 1656
112 1586
1833 1670
1951 1682
1553 257
1285 991
1496 723
922 718
1298 1970
359 687
679 1597
267 738
1014 87
969 278
621 984
826 131
1911 1903
1268 1716
1451 902
1312 599
534 191
1878 232
1366 1875
530 1880
1301 272
411 316
1435 731
1823 1013
102 1600
1877 391
200 1225
484 705
662 1133
1912 981
6 1701
1826 43
301 815
1841 1028
874 145
852 1614
20 561
954 1304
1538 406
451 1380
1639 970
246 237
707 1154
979 889
966 796
29 1636
370 1147
108 1692
340 559
490 847
1054 891
598 1524
1965 566
784 1956
1924 1785
562 16
185 1903
696 1423
942 21
1837 868
232 1150
377 567
456 318
315 924
1433 919
1075 747
715 922
1310 300
235 957
1262 976
1729 1025
988 1385
1308 1902
812 1136
1428 1072
1791 292
1722 1472
427 422
170 273
886 872
413 309
812 1429
567 712
1379 1780
534 771
1607 623
1132 1030
423 488
32 1755
409 1415
1654 46
1074 906
567 324
917 844
1733 1182
1483 1161
1671 337
873 1627
1285 1651
1707 1685
176 1898
1041 812
1545 182
102 472
1118 1188
389 447
1447 1092
703 862
1166 1681
1320 1940
1636 1511
1532 755
1930 988
869 1404
525 833
1434 91
1270 893
502 1423
141 54
1502 1133
582 114
1051 51
691 37
1926 336
1316 194
870 1235
336 851
422 1072
1684 104
1136 1081
1383 640
1667 354
684 1182
1889 1291
961 573
552 120
653 1496
1529 1629
953 1782
889 151
196 1057
25 15
1269 1629
560 1922
1426 500
896 1447
1887 1354
1211 1254
1786 972
1147 867
1868 607
593 847
241 725
942 614
298 655
1083 834
285 1237
294 522
1828 150
1449 874
1663 1432
659 1358
1283 92
1509 236
1872 1934
452 1527
1822 1375
1661 774
304 921
462 1938
163 413
1960 804
897 774
9 555
1358 391
1495 1261
1550 996
196 884
874 148
70 21
883 132
1452 1798
727 1644
144 1308
62 1389
747 680
1117 618
1240 840
1228 492
1407 171
1712 1973
578 454
640 820
339 885
352 40
575 1716
1353 688
1630 1095
1259 257
1702 754
1725 684
310 780
164 79
90 894
618 987
1864 606
1985 767
314 473
1768 1424
1017 1027
1974 385
1793 601
218 18
584 1688
784 198
1736 1157
948 865
1410 813
406 253
200 1605
1065 1547
236 950
1591 1001
1826 1627
770 153
370 1954
1332 1275
151 1766
1327 1760
1271 434
1886 747
1692 73
1411 1817
298 475
449 1306
126 231
1821 551
1654 151
124 1865
1352 571
1393 1192
1722 1406
800 58
678 1059
1318 622
494 1791
69 790
1406 1242
643 1088
292 1629
920 844
691 1341
655 810
991 1262
710 1870
981 1681
1606 347
813 317
1928 1958
677 1405
800 595
41 1361
1870 310
1347 544
1029 680
491 1833
1403 129
1650 1140
342 1592
1403 679
392 1557
393 1822
938 1466
1414 1182
1932 467
1 589
1263 1436
1705 840
1892 667
1071 1814
1592 47
668 49
1075 334
907 918
1842 1162
948 1998
753 669
1170 958
1304 378
601 184
1778 504
1776 1420
357 755
1780 255
510 1864
943 1052
819 47
1220 489
865 1303
1628 784
1449 1752
1420 1580
394 1286
1276 1241
1939 804
1138 224
213 968
683 1283
1970 657
900 854
285 1472
120 555
1823 1755
1445 1922
12 779
1747 1398
259 769
232 724
1708 82
926 1577
416 1500
935 835
1567 232
1630 1356
67 777
1179 1161
1660 367
571 371
1182 535
583 356
1279 1866
1761 1149
1045 1849
934 213
309 1962
144 1623
1202 1699
877 775
1147 1151
1289 242
193 1529
100 646
1112 434
607 1629
140 388
1408 1706
1665 849
503 1922
1643 977
513 654
1003 1103
137 1151
672 1313
1182 1572
743 155
1302 1682
801 127
920 1428
267 727
1609 1562
1388 1638
722 432
356 1173
996 120
152 641
1737 1604
643 753
1136 504
736 923
934 668
439 1246
1635 936
1728 1007
261 826
1470 593
550 1778
1588 1695
198 2
650 1507
471 1680
529 1017
1063 334
1960 21
1369 1025
1913 120
673 1485
1061 1847
1030 672
1370 1445
899 328
1582 1320
867 1979
1200 188
1589 1592
949 1359
260 209
1868 266
1287 1106
239 441
215 1812
575 911
1278 1493
86 1886
1971 1924
437 1746
1063 920
54 1665
1462 1111
645 1925
1244 1641
1460 1276
1910 305
670 1019
1019 925
524 1019
17 1151
52 1042
940 22
1278 330
1436 1705
286 217
1506 536
1378 180
1690 27
812 1025
1934 157
511 1352
1278 655
667 1447
1940 893
307 918
983 767
1709 997
1689 136
264 806
1071 918
478 1259
1183 1349
1435 1457
1850 210
1380 1939
1962 1123
1072 1971
1109 797
92 1893
130 52
623 1288
1158 210
1012 1483
350 1981
58 1198
1256 1891
999 1476
469 1587
571 676
1642 521
1554 1787
308 1976
452 205
1927 1042
774 1513
1413 1027
1084 1154
524 49
1649 1880
1108 285
1971 1249
1431 1038
1446 1538
392 1695
214 1374
1182 683
820 252
1953 112
565 553
1748 1659
853 931
1133 360
1282 1182
689 1314
1583 1535
254 1985
673 1377
1198 781
429 264
285 1201
583 583
551 1045
1058 1744
690 1080
1472 1956
1889 255
840 1572
57 795
923 1651
976 779
74 56
1684 1211
1620 1921
276 205
1574 1848
1341 977
594 74
55 673
688 70
1204 1755
962 1605
1737 1271
620 522
1997 1681
11 1266
535 36
148 1478
1125 318
788 544
358 38
319 1774
143 1038
1894 547
314 1519
1803 1095
463 1203
1166 1626
1589 1579
1885 853
1443 1842
1885 1870
873 46
432 79
1744 1974
1610 232
903 650
1157 1294
1108 604
844 1117
1964 1466
196 414
772 600
1694 69
1077 1863
674 1541
1748 760
1296 20
1577 84
1884 759
1483 1232
579 11
578 292
1780 846
536 51
564 1050
1398 650
1507 1766
1723 655
1468 1788
1321 206
138 1079
1764 1368
1685 1280
1542 904
987 1580
1115 499
1649 1055
1109 1910
1260 1248
751 1222
198 1103
1227 641
1121 192
1297 1932
1271 1528
1188 390
886 927
1724 1895
50 828
36 1281
678 1151
1659 24
327 1831
423 1281
56 1340
783 434
555 284
150 742
1771 843
1929 1867
990 336
1375 479
1855 763
504 1137
871 1375
901 660
1657 1603
356 1043
447 1172
41 804
1459 885
675 918
1884 1513
958 211
1571 1345
1920 1257
470 87
1338 1243
1565 1038
841 623
639 445
1857 795
717 940
1428 72
1119 585
718 1009
1447 470
1130 1824
138 314
598 1218
1331 1392
58 1912
47 19
660 682
1836 1409
1120 1107
137 1790
416 1835
660 712
1160 513
858 269
1527 724
674 316
1328 1766
182 1946
463 1876
1819 1362
897 300
49 1292
523 1878
787 1219
1320 134
1535 844
302 864
875 1210
1804 635
1785 1725
419 1421
1666 459
1064 1479
1726 585
1892 1922
1231 1645
1579 1789
836 1950
290 334
874 64
505 1681
166 1876
1350 1977
323 1754
370 715
1343 759
545 556
342 221
1474 1043
268 1678
1292 615
1309 1030
797 615
1293 1627
1583 1604
711 324
233 1781
1292 1568
622 889
350 1406
1669 1399
1357 940
291 1493
675 697
523 937
1926 38
1417 1284
322 1029
739 1160
1411 947
1894 340
872 1918
15 1131
1109 968
1542 101
115 261
967 1456
314 1396
430 1386
310 1359
285 1726
1427 1935
1593 1324
1888 821
1882 795
1069 807
185 1586
196 1880
657 1792
287 1780
1264 1206
1070 1593
585 1439
1177 1610
582 1699
1379 1938
1495 480
160 440
1588 1616
942 837
1988 1514
829 917
1469 1591
763 617
1730 1707
1435 1972
1159 497
1716 1786
1316 622
1506 460
1244 1575
312 992
1147 465
174 647
686 1924
1581 1534
1472 479
194 703
470 715
873 948
1802 1468
1765 321
1320 1117
305 632
1522 369
752 443
1266 145
734 405
699 1474
669 248
1193 684
1994 258
485 294
24 579
75 1699
798 539
1799 462
1833 805
863 1044
1854 198
752 266
618 897
1687 1642
600 1764
1154 1031
1634 1987
455 1522
500 1580
652 547
339 1468
204 192
1863 209
889 773
634 87
1050 964
647 881
1563 1987
632 799
1231 1441
1227 604
685 1771
656 1668
645 849
960 1257
849 1687
1734 913
121 1949
1671 361
361 1708
1838 407
1880 1252
1379 524
599 1317
75 567
699 1450
349 1880
1527 1016
395 307
980 37
1685 748
1276 1686
415 289
807 1719
384 1662
1078 1925
1414 1533
1952 1809
1637 96
863 524
530 3
1129 1732
1162 1247
274 145
1222 1841
1459 1902
1505 1513
1196 819
1190 813
1957 1993
749 154
1179 502
1046 1315
312 1798
320 1021
647 1305
1065 692
679 612
1308 1265
738 1696
505 883
1837 314
383 1114
1361 706
1727 205
602 377
912 1768
322 1869
1571 538
638 497
57 1742
1142 1025
1559 478
1520 1999
1682 1988
1445 130
266 191
476 639
1457 1903
798 282
592 1453
1076 608
28 749
1622 1474
1171 1108
1043 104
1674 39
1033 1747
901 896
572 1626
1699 1873
746 212
419 760
573 1385
410 659
636 107
423 1952
1711 335
1194 337
1142 1249
207 1360
1145 1025
554 1495
1713 353
1894 175
1027 231
892 427
776 453
1412 1637
1855 1381
746 781
266 251
244 1439
93 1071
1401 65
511 1799
226 1318
148 1000
1966 1394
214 399
1046 518
691 1216
255 1419
794 658
1372 1661
64 1856
1252 25
393 235
663 1912
1100 1944
102 1123
1532 1465
1986 431
501 567
1340 1576
1479 1148
1137 151
1874 1568
1818 1311
1921 81
1626 341
548 1643
1055 11
1839 842
448 798
335 1470
128 1536
1800 1220
1663 1024
451 889
1399 66
1382 388
461 765
35 1757
1440 132
345 707
791 1633
706 339
1988 1252
627 352
1149 654
773 1694
368 1819
209 954
447 45
399 742
540 1929
882 1294
1780 295
1065 1581
816 1423
459 1375
373 33
949 1280
1134 876
1042 1226
860 668
1279 1248
1325 1031
1369 1447
456 177
1177 138
526 98
991 92
226 720
1217 598
972 531
1354 549
213 1392
454 793
752 1016
1298 138
1420 1262
45 937
1001 1397
430 517
1762 1517
552 332
1362 1989
293 1458
497 184
1934 306
1487 1050
1020 1321
601 1447
1159 1297
266 1460
1276 815
162 127
131 449
16 153
1495 174
858 1247
1387 428
914 1671
1312 176
1448 1742
1859 1167
46 1726
425 1622
1051 245
1729 564
1101 1359
1073 1940
958 78
112 1775
1151 518
312 1059
1300 1204
303 287
151 1829
1174 358
1692 1189
1477 38
1589 1061
657 1185
654 570
513 793
19 487
483 1626
489 1644
1021 1271
211 1680
744 1565
750 417
1227 380
633 1419
1423 1897
9 1251
1721 48
1029 1711
164 982
326 1521
1303 1701
1283 1398
1717 1098
418 342
1797 1085
912 1184
42 1219
1248 337
615 1331
620 1265
1370 1879
395 1568
1252 1056
375 467
132 1736
120 1834
1291 1539
1872 39
940 215
1058 1343
1480 305
662 720
232 1964
491 1772
1422 1032
1769 65
1795 525
1919 1052
521 1457
1494 203
1678 360
1746 1325
399 222
1041 2
1554 556
1139 918
133 1741
1975 977
1913 174
1806 150
1871 145
170 1006
503 227
1110 1150
780 1548
1717 1785
272 222
1245 1993
1029 649
1853 192
116 1066
421 1910
1471 129
1434 74
191 1839
1505 1199
840 1288
685 795
1036 1161
603 1069
48 1686
1057 74
1745 749
1879 873
74 314
1235 802
1689 910
1509 375
1122 1870
1790 6
123 1448
191 257
1189 73
449 1607
398 358
1963 1866
918 1749
1831 1506
400 1906
42 1071
1925 631
59 1255
232 1412
1709 1438
1160 1504
660 1792
695 1074
1194 243
542 263
807 1674
1458 1387
441 1638
126 72
1561 973
1864 793
815 601
1462 1282
1947 760
696 562
1110 1808
118 1168
867 1825
1744 423
1291 1199
665 506
813 358
1005 1142
1787 1335
668 1600
1910 968
942 345
1738 1613
289 1240
1340 224
183 1860
681 673
878 556
1304 35
1433 204
1302 1896
18 1271
574 1669
592 1244
1434 990
635 615
498 189
1316 1385
760 954
1941 1575
787 676
601 1373
638 528
617 1897
1572 976
0 1249
224 868
1130 1628
1926 763
1233 1434
1674 1627
1625 287
1165 632
187 1833
366 1129
1141 490
1347 1472
161 649
215 812
1366 1745
1022 603
1374 156
1317 301
1003 1335
1940 502
1962 620
1059 1699
258 1400
1442 612
1074 1086
1035 1330
442 1567
275 1857
400 1939
942 1034
271 1688
10 1337
172 1588
1035 1304
949 814
336 1065
390 531
671 1720
1046 1025
1786 1846
571 1056
1272 1155
1250 804
1088 72
1559 1949
1552 1893
1128 120
1837 576
946 364
451 1331
1387 1792
1105 680
1843 860
1950 982
1107 838
704 1835
1285 227
1026 1767
10 878
1499 1334
1958 617
1506 1084
164 710
865 1830
483 781
1925 576
356 230
983 572
584 292
1557 907
838 432
307 1923
458 1552
1877 969
1079 384
1582 611
735 1980
980 1412
398 481
400 1920
147 1347
1779 1476
267 1821
1043 246
1023 1158
769 1772
1744 1218
1494 854
1039 1412
539 1915
1348 1593
1898 1743
1963 979
1586 911
1601 232
1232 1622
1178 1632
383 1033
983 504
1677 307
209 1051
124 731
727 569
1073 832
985 376
1650 1484
1564 1993
1344 1145
1362 138
1354 702
249 1240
1567 433
589 1980
1574 1729
953 11
722 1810
237 1790
1868 1012
1819 1071
367 404
581 242
266 481
558 511
1390 108
833 1464
1523 310
1619 1303
337 136
806 1865
1340 824
535 1100
1894 1991
218 1719
194 597
1619 1938
1284 727
431 1904
954 106
221 753
10 818
703 413
1684 914
455 576
622 113
1325 483
234 1227
276 1365
1947 1958
177 378
1265 110
95 1922
674 1598
221 289
548 24
912 1335
98 845
1059 1764
245 698
1458 1330
1847 504
1824 801
1738 1103
835 436
87 1617
790 1388
884 820
78 1151
1228 333
1108 766
1055 1807
1578 1826
1317 1361
1085 1634
1258 1960
1003 799
1989 1211
859 1091
1022 1545
997 1332
879 489
1021 288
765 665
195 454
1948 239
584 722
253 1418
1418 724
1439 1655
632 10
82 1462
390 694
822 6
405 282
80 787
961 640
143 301
1939 295
831 940
1757 1993
195 1879
968 1933
1397 882
1329 1024
580 1518
482 59
625 389
1513 1942
743 287
1565 1877
508 1295
1867 1386
473 133
1499 1908
1151 1283
10 1820
604 384
1587 784
1442 560
1866 495
1824 1856
489 184
325 734
1204 1791
193 458
1859 1068
372 62
448 827
1830 374
384 580
475 1585
871 1715
511 992
383 105
1530 910
1408 1612
1471 1424
946 1482
1606 1240
43 1717
1559 447
1667 1324
618 1678
361 223
978 156
1073 1598
1963 365
97 1037
979 1042
943 839
235 895
170 302
379 763
1972 225
1285 1147
488 1341
1144 720
51 532
1017 1289
48 757
1668 1213
544 1588
1919 387
503 1343
1135 34
1852 51
1249 671
326 1180
1295 1
1358 1474
892 499
1946 1689
1306 1960
1414 1531
688 219
1427 290
60 547
238 421
211 1335
1033 956
1398 343
859 1768
908 1584
1352 909
1098 375
228 1476
177 669
929 386
1453 1672
367 1723
1310 835
276 1305
338 1489
873 660
1648 1861
38 1996
1948 1508
753 1182
1265 55
578 1963
1878 75
1339 729
1959 557
449 810
1791 816
1493 157
1490 1157
1479 631
586 1633
1221 693
1219 802
1922 1744
1961 1449
1782 1659
611 1268
462 1020
1110 1881
1292 167
85 347
793 457
1061 1816
771 1105
23 1053
1208 1196
591 1843
108 1979
1958 589
1908 391
167 1429
1066 1693
1827 654
6 1004
586 349
1853 84
1844 262
1595 469
1232 782
1762 1453
125 312
1016 1526
1739 343
1430 646
1333 1226
1486 378
414 524
1382 1288
1645 2000
403 736
1638 350
1732 728
996 1933
869 859
1963 234
57 666
1255 574
972 641
910 110
1526 1759
1086 760
248 1253
1288 760
551 742
84 862
1507 1405
81 1574
190 684
54 1465
10 583
1128 1056
1083 822
430 244
391 1217
40 1521
990 1753
1194 1851
1447 306
1094 741
1184 1435
1017 1903
558 1265
941 1099
368 417
554 1639
462 1693
397 816
554 1963
1086 1703
756 888
1074 224
1369 639
45 1976
1816 514
1806 496
192 654
1971 687
950 1517
224 1042
594 355
1842 13
1354 1537
85 191
410 722
313 943
1831 1523
555 1725
1512 991
1093 1531
842 1964
1382 77
1811 1433
1935 818
1893 1366
704 1590
821 1603
440 493
1305 1473
712 532
938 388
315 1779
417 1778
910 1695
453 811
1716 676
1528 848
516 1678
1949 556
232 1889
1045 1496
889 77
1496 4
78 967
1885 156
1362 381
1124 589
312 320
1412 1940
1267 1470
1202 571
188 691
195 179
1761 1599
274 1081
587 33
779 1290
7 1619
435 1936
801 1024
1067 26
1099 1323
294 1863
886 1921
1738 412
46 545
879 940
531 1543
1667 315
625 1600
620 430
1624 983
174 1052
1121 789
1760 633
872 174
411 987
273 316
1801 1031
1603 1310
915 1580
735 1266
1466 1990
1284 1148
1301 1648
856 739
1609 935
1767 1527
890 856
137 1699
1424 1784
418 1391
614 633
1392 895
1022 860
1707 1105
761 803
1974 750
1997 1881
1381 1423
1800 721
1155 1166
692 1869
557 216
560 524
1201 366
1921 1692
1388 1557
1893 1681
368 1418
677 614
1010 1722
751 1112
1648 715
422 988
1310 620
159 1528
415 1212
938 104
293 977
1655 137
1917 1928
161 1770
1110 1376
1707 465
1314 280
1272 1163
1412 381
500 120
1653 35
1483 461
1717 1524
1880 626
1723 645
1037 1216
1253 1466
1554 907
70 97
479 444
229 1900
1357 1601
835 1115
1138 1931
656 550
1290 518
1009 467
1790 880
411 1470
1752 733
1075 264
1685 866
519 1787
566 1284
703 1455
659 210
234 1947
1199 967
1169 740
1621 1316
909 1027
651 1944
967 1027
1572 1556
141 1146
1045 553
1821 1926
1040 176
1148 971
610 849
740 1002
985 355
746 1678
343 1606
430 995
835 315
588 1554
554 791
1434 1029
691 1022
861 1659
799 279
1592 1228
588 1175
1144 1783
1029 595
1142 1713
578 1472
399 1037
1243 634
273 240
861 1914
1850 366
1170 1237
1970 841
595 596
997 204
724 663
759 412
758 183
1926 300
1426 1398
196 1257
837 1230
644 134
438 601
1949 911
1574 521
825 59
1150 1034
852 1264
903 1031
1945 1468
1427 1238
472 215
666 207
111 1639
203 1416
677 708
1308 1289
751 1210
1154 1394
589 918
231 1227
290 1341
1962 615
274 1091
620 701
171 1010
811 1947
1451 486
958 1014
148 1602
12 1464
421 1751
1822 483
1791 1714
1512 823
1978 541
648 1514
377 1634
522 391
853 810
266 982
296 1750
490 1803
1265 482
815 1350
606 336
847 986
844 31
1263 744
1068 1061
404 1188
862 756
255 260
375 374
652 190
642 1686
469 1467
1286 97
1293 1276
543 723
988 211
527 1042
974 681
901 1113
1473 1279
1498 79
602 433
1587 1692
277 512
891 1023
439 1316
651 607
1467 1858
348 1613
358 1725
1834 1994
326 1427
651 224
1625 903
559 1206
553 1540
1316 273
1394 247
515 974
493 539
1887 1963
1737 270
571 63
1934 948
737 1304
44 174
1957 921
1954 950
1468 839
1062 393
1772 164
527 244
648 1191
1907 286
1380 284
1478 723
597 734
87 1326
1204 1113
1920 1343
1046 805
1331 1166
355 1828
1152 1418
778 60
993 1474
65 819
1710 1428
1215 1038
1562 1551
517 851
1683 1039
254 1810
1205 778
411 1310
45 869
1269 945
1062 1953
1952 403
1849 1369
87 1243
1157 215
1388 1776
23 69
1727 1583
1445 1823
293 326
896 756
1949 1463
1942 234
1099 1719
804 918
1458 1237
1503 344
1627 666
198 1270
737 904
741 1559
1270 38
1933 478
1397 635
1455 679
1779 1802
506 861
700 613
1364 1889
1960 34
1733 1906
1149 255
1557 579
1017 1895
751 805
1061 1005
1829 1879
800 20
1062 1054
1685 1771
113 1302
1960 1015
226 430
632 744
1266 1259
1666 1457
1353 223
493 1373
17 1405
1804 486
1431 1683
593 592
1036 373
1511 1662
1897 1494
1963 1993
145 1557
698 741
1696 1489
1004 410
816 7
1944 201
1635 1676
357 29
558 144
168 1415
317 1986
775 204
1271 1143
1164 1805
1990 1138
1625 86
1813 239
1611 1455
442 602
1450 991
473 1905
1676 1580
548 1320
478 1907
1516 1203
1321 1462
468 1451
1928 58
326 832
504 368
298 1468
1474 1794
412 1227
1742 1565
1207 413
555 383
479 1965
932 445
875 770
693 1616
759 241
1698 49
1935 1703
807 1716
1504 501
525 64
818 1097
1085 1918
1509 733
171 1847
1829 1679
1653 1866
9 1911
1704 1172
79 554
1910 1303
480 1262
1338 77
323 1798
1994 784
1272 1527
446 1394
105 618
858 1513
1216 162
1208 1125
1933 1058
101 893
1572 849
1127 572
1895 1360
1379 1222
1760 1312
426 277
965 1062
207 118
1374 1899
1857 37
808 1054
923 567
758 1128
1782 1401
1020 521
541 463
1704 44
834 1047
1921 177
184 1491
245 900
633 1238
851 393
623 705
1684 1631
927 152
1294 470
658 1989
779 737
386 1702
359 657
1559 1404
1135 676
28 1198
1789 1713
449 858
1920 26
853 929
1627 651
487 209
379 760
1848 1655
1720 1422
399 765
118 1248
386 1080
253 856
1927 981
1103 1859
1678 84
1098 88
1258 326
1126 574
749 1348
1676 1819
451 836
1980 1214
1726 1075
333 1351
1409 473
372 1276
1288 871
1198 296
564 153
595 1957
457 1737
42 1045
1036 715
743 865
507 66
473 596
1378 1242
992 585
34 1277
1953 31
1580 233
1000 1514
305 213
481 55
842 762
169 1174
349 902
367 645
775 370
395 58
1851 251
1448 1283
863 188
74 829
887 165
653 1411
607 225
1857 1760
1298 1569
1687 1440
595 330
111 578
1747 516
450 248
354 1765
273 581
280 1874
448 1767
1653 1834
1661 176
1666 1025
1660 241
1756 1117
437 1070
1163 1891
1374 93
308 1257
578 1691
1149 544
1995 1294
768 728
807 940
1434 936
1889 34
810 654
915 591
1346 1198
1541 1760
570 1946
287 1054
1612 1911
231 1572
1160 494
1601 1443
1507 1778
1630 1209
957 59
1309 1812
1532 398
251 1974
124 639
1329 54
1116 1824
825 70
1711 598
129 1096
1447 1618
194 870
1799 1389
697 476
1871 378
1825 1660
10 636
770 343
1144 1649
1178 1640
1314 922
1692 594
1888 1155
104 1210
892 587
162 4
287 874
1712 455
441 1357
1377 242
398 1190
1632 483
1061 235
159 1882
1376 1744
631 1057
1907 487
1691 0
1228 1468
1579 1674
680 1878
1444 10
240 476
156 1860
355 646
415 251
83 1242
1212 251
796 1295
476 534
1403 1830
199 1448
1287 957
940 1790
98 887
514 543
1048 335
303 9
108 1951
206 1927
1712 1076
224 1819
1737 600
1905 34
146 424
888 1894
921 1890
1036 941
1203 116
996 1079
385 1668
796 1425
946 933
194 558
303 127
361 887
597 669
1989 1906
1713 1404
744 1731
117 1492
364 1967
1912 1754
373 1384
1994 785
244 435
1274 1931
168 849
966 798
1887 1672
576 333
943 320
947 435
748 1879
1876 447
509 687
1508 914
224 5
1620 1834
1949 1343
1799 1523
1230 1373
639 1882
1218 1491
1244 629
1103 1823
27 265
573 293
1869 849
1251 756
1159 418
1420 1208
1687 1897
1952 345
161 1451
754 1321
1666 1292
1672 1112
1989 890
1203 291
68 1246
853 760
1594 1924
584 298
865 55
1608 1929
1979 1853
336 592
1466 1510
574 1020
1306 742
1434 1228
1500 87
989 1606
530 452
203 1157
1508 169
389 1825
1540 1136
1513 280
447 326
676 82
161 46
406 1086
1130 1661
347 336
1927 1441
884 1636
1903 1339
235 1748
1511 794
1099 614
689 1816
1821 1037
773 1706
676 556
289 1121
963 397
415 1961
1435 1120
1409 1552
701 441
1554 517
996 253
292 1153
859 1920
256 1443
406 138
1369 1206
1282 1508
133 1916
1451 773
1915 937
966 1296
1013 1515
555 1687
1803 1638
1111 1559
1703 1298
528 1532
1198 500
1740 1898
854 1338
326 821
215 1990
1010 1797
1852 1311
137 951
1472 1379
1561 1315
1312 37
1419 911
722 479
1228 44
1390 1985
777 1215
1059 342
210 1468
1449 486
1932 332
137 467
1242 1829
1086 576
498 1294
1788 154
1914 1226
634 1664
197 1543
1926 1834
589 433
720 1199
714 263
281 165
1947 152
1142 429
94 1207
343 135
672 1286
611 728
1275 1139
954 99
265 1265
1406 310
1250 198
1572 522
1907 431
584 590
1878 1091
1426 1576
816 772
1895 1188
96 1828
881 226
1764 493
1983 1460
1333 63
217 1994
847 994
1545 1211
124 1416
811 586
292 997
178 1946
1074 992
1996 468
1302 623
1244 782
544 260
477 195
332 491
1493 1531
1092 967
1539 1587
798 1394
507 898
156 1779
489 598
1230 37
551 560
1438 395
1025 1580
586 787
1893 224
1196 1000
209 1208
427 461
1933 1470
1925 1149
1745 1823
1787 1630
1232 774
1308 1764
1342 1199
1046 1542
1767 1268
1840 712
410 764
1255 425
292 1781
136 913
687 265
424 255
1294 305
1318 328
147 1765
1044 242
52 1773
744 261
201 923
331 1523
789 846
545 770
1693 1624
1661 648
1386 278
640 1017
575 277
547 1615
385 288
799 65
143 469
857 1904
1762 1390
60 1718
3 53
242 1397
1665 1753
1808 1779
61 332
1584 724
295 1707
845 530
1204 902
132 1822
1405 1440
297 1915
775 1374
839 498
411 1226
327 1959
64 1273
1919 446
1659 1197
873 1501
399 689
506 830
1014 1016
627 120
1185 924
254 1473
200 957
1004 1817
710 163
743 826
28 386
1640 1374
1070 140
90 1586
218 1745
1765 495
1189 570
264 511
68 900
1997 1293
1251 930
1869 1223
1755 1514
760 1216
1582 1217
310 1321
948 741
1394 1978
981 715
855 942
1954 1106
1786 857
399 1797
1484 1692
520 71
182 928
215 363
1478 1688
808 977
440 1225
1834 1084
945 1260
1953 1804
772 1946
1335 1402
264 1603
1717 1943
32 186
514 1445
844 1835
1669 1389
490 978
242 925
1738 1463
429 1332
831 1737
360 588
1441 496
347 791
1837 1594
1376 410
1624 1896
1468 120
892 1104
1445 279
1670 989
312 129
1718 92
18 1708
726 492
888 906
620 165
1923 1753
591 1478
112 66
686 1170
84 1692
1825 957
807 1450
1499 931
266 160
1919 584
1306 372
1805 123
1015 1216
716 1360
78 1763
260 884
719 1731
1409 499
1296 739
294 360
853 1717
1704 970
1461 80
576 809
605 504
1263 1223
521 796
369 715
323 1906
1993 664
981 1167
228 150
397 1686
464 1298
925 335
411 124
1551 962
1011 1756
361 366
948 247
410 63
619 11
734 712
1083 876
1785 1819
664 311
151 529
465 761
68 66
271 1006
1247 1222
1904 279
1290 225
1831 1958
1964 1301
658 727
1275 1109
840 924
904 1758
1023 464
924 178
280 625
92 1198
227 257
78 1582
1357 1918
12 1850
273 196
589 793
920 1331
1213 658
885 438
333 1800
550 1658
1605 1908
1498 428
278 1492
1896 1127
1217 199
946 1150
1203 696
1696 1642
1121 751
1978 889
1770 1762
1282 49
1637 1526
664 1775
453 225
453 28
1526 938
1619 851
1899 1152
558 998
1442 145
1552 1611
926 1759
266 732
1545 628
1949 1160
1123 750
1662 1357
55 1140
1586 1391
296 962
48 1924
113 1107
231 26
1774 1771
820 381
548 815
1134 316
789 388
570 1891
922 1602
112 1729
849 1767
1021 781
1598 901
1459 1949
1817 1033
1000 1252
1412 433
579 1314
218 1484
444 872
1030 147
73 828
590 932
762 0
609 1452
277 527
1161 182
208 263
1033 772
839 238
840 993
878 353
1466 883
931 797
892 1207
1834 833
1888 1946
553 810
1788 898
1345 15
453 1038
1913 1225
1355 1708
1355 368
1926 664
1027 1234
295 1099
1712 1200
1100 349
1252 1636
870 810
1570 1144
1175 597
1264 525
1429 1695
1295 1088
356 107
1326 797
1919 1368
1033 683
680 851
1707 647
176 476
666 1053
1999 1061
79 1789
559 1556
1193 946
220 997
1709 1827
261 418
1137 96
1564 31
1671 1532
514 1425
783 855
591 1242
1015 425
1316 1542
18 1497
901 1152
1276 442
1946 119
529 1826
1775 386
3 994
759 893
1021 770
1933 1602
1676 1531
1520 469
724 1560
516 1121
1474 72
1718 324
1376 1725
1744 959
1720 1407
440 1636
998 834
522 479
427 812
658 216
420 1705
1439 1755
831 30
654 454
873 1886
147 1335
717 853
1933 789
290 1826
1504 1931
12 964
965 404
569 1591
1234 1301
82 1461
1669 309
1026 237
1487 314
1932 883
1141 1080
1087 183
499 705
1501 1045
1971 1269
696 1137
1726 1985
168 1392
992 39
1798 1866
749 1303
189 45
1960 636
877 1950
1494 291
818 949
788 1141
81 898
1738 504
1921 280
941 1521
627 1167
200 101
1015 1231
68 676
824 165
682 1574
1440 1576
1987 1561
694 751
337 10
443 1646
857 796
45 1615
152 1333
1731 1032
731 696
1978 1198
837 585
677 1734
701 1168
1442 1874
160 1726
688 1408
1860 1574
1481 799
1248 1068
1609 1109
409 569
1364 150
1835 1192
1169 168
605 359
952 1527
176 233
204 1730
864 269
940 318
516 436
1864 1553
158 1013
1311 214
158 1124
379 1528
893 548
1806 1692
1113 1294
1649 1753
1090 278
990 1882
271 1212
1486 1522
1172 374
1860 1235
215 163
1193 1043
1858 1247
742 193
777 266
490 369
794 1083
1793 1461
1667 162
964 203
1839 1861
559 402
757 546
1082 944
1126 1547
937 1596
700 631
1191 520
1131 299
464 942
1935 671
1055 370
1931 1442
1907 528
844 1218
674 420
876 1034
59 159
214 1719
169 52
9 1756
676 487
1123 1449
189 661
1993 214
157 214
1851 258
878 1688
929 437
278 1046
46 1483
889 1952
852 721
1428 1785
482 1258
227 298
95 893
1995 1492
703 195
215 1650
238 1631
65 731
339 148
1711 489
1075 1084
1780 469
835 1203
864 286
1781 184
841 993
1454 435
1103 378
1990 236
326 869
670 1485
611 1753
1251 471
1343 1223
335 1288
1450 821
1413 486
1913 1605
1235 885
1818 865
1991 1924
982 1722
801 724
1698 217
1562 279
1881 165
1426 599
1137 1497
274 1717
615 232
632 1074
1300 85
1238 560
466 1662
1932 1506
1082 793
1757 1887
315 1595
836 601
1624 513
1777 1937
48 1297
39 356
1402 1681
1823 1815
667 898
1170 380
1386 160
164 1488
1604 634
1252 1523
1438 1032
700 224
1566 1607
95 439
102 803
1188 818
876 709
1006 645
1230 1977
1403 1154
1002 567
790 1781
701 702
1018 1681
1229 621
1010 1085
331 252
305 834
715 1132
1420 643
1205 1789
647 1489
1945 155
707 473
949 411
887 992
276 260
147 1910
1251 1668
104 910
959 1902
194 1382
928 1718
243 1227
459 1833
1838 442
419 351
1896 1073
608 1881
1082 999
469 88
195 594
1889 650
1788 420
1676 442
1418 551
1844 1959
841 305
1414 794
545 601
1536 335
864 1926
1260 1072
68 632
480 479
1474 122
190 949
1783 463
1052 1332
687 212
235 1054
1198 1258
380 814
1515 1525
1631 1985
1789 880
756 526
1548 1077
1325 67
423 176
647 181
332 1986
1510 373
1037 1372
26 379
190 173
969 1874
132 1800
842 1631
1537 547
829 982
338 199
1220 523
576 349
1540 1455
679 1747
473 989
1164 642
133 921
814 1136
69 734
541 1494
1390 695
716 1386
603 101
1687 32
185 1534
2000 1510
229 778
1132 693
123 1958
1113 939
1900 915
1329 1088
1193 1660
791 745
1597 705
462 972
868 1147
1853 1743
1390 199
723 555
452 209
1777 1429
1371 1567
20 5
1984 319
1496 335
735 821
442 1174
1514 1613
419 1988
623 1431
42 1004
1236 329
1235 1798
14 1565
1715 117
223 274
884 365
1149 1293
1810 1388
1988 1448
215 1407
247 1733
1170 22
1979 518
739 1167
980 1273
1083 1872
1749 46
1029 1250
926 1830
1914 193
1754 1716
836 1898
563 1461
1467 1395
1694 1778
1116 1569
1260 1128
1453 510
959 1929
1128 10
899 932
615 1942
80 342
1214 500
817 381
892 1868
465 298
1949 1626
29 1345
1669 197
305 909
1656 360
169 1287
1451 1183
945 142
805 1966
459 911
75 1610
1228 521
1518 1669
1978 720
484 180
1147 1605
613 321
247 917
880 120
1996 812
0 116
1917 1344
1005 849
494 421
275 1041
564 876
446 1213
166 709
1644 129
1739 437
135 1116
580 1451
1431 1003
429 1059
1071 986
1427 1241
1740 1236
1084 1219
240 1717
523 278
1146 1658
1149 352
1776 284
471 171
1218 1531
513 509
481 1860
1417 2000
289 270
1731 431
768 1252
838 1572
547 407
460 1452
1483 1242
1527 390
1057 620
1148 1500
971 1138
496 1612
1075 1765
1222 1315
1151 644
1209 483
239 447
1307 1551
783 1349
1136 782
1433 630
2 881
986 957
1843 1510
1529 825
661 963
1316 1463
1329 1972
1849 84
1859 984
1005 789
1778 1868
558 865
1609 125
1547 255
268 569
1019 1567
18 1719
1310 808
1755 1675
1768 1998
37 264
336 1786
1423 1883
824 1956
589 476
1952 867
1164 1588
1027 1555
911 1757
1508 1313
396 1541
1186 209
1879 79
845 1221
1827 1727
315 1292
1862 900
1870 733
1145 1830
1970 110
400 1439
1784 96
1598 808
1083 1114
1260 543
1815 1902
1474 1349
383 174
612 1025
510 1234
536 1456
1071 826
624 1527
82 1523
1742 1915
1739 1753
1764 1847
1523 1239
982 631
122 885
178 798
336 977
1137 17
601 1777
1331 1320
1587 1435
880 1391
1254 331
518 699
1151 1151
1587 1300
505 996
1090 55
1632 8
1326 358
504 1348
1125 1531
135 1115
1104 1951
980 1262
111 1898
660 43
1449 499
1683 1288
1686 1596
730 1802
82 1197
451 1993
1303 768
394 1097
361 1449
311 1614
1108 265
454 1610
1384 890
598 298
955 1470
749 524
1963 522
1314 300
156 1638
1642 1567
1941 126
713 1111
1344 597
699 1646
1028 673
298 1421
319 242
1782 1562
118 1733
1726 974
1881 1963
1767 1484
1448 1606
1430 1506
1367 838
494 218
1188 1742
1694 1339
444 1989
919 1813
835 108
1058 168
14 989
703 451
1188 1712
1306 1278
631 670
1228 935
825 72
1561 345
651 829
1664 315
258 928
1603 310
216 247
28 590
1431 1387
1895 1076
378 198
1016 411
1382 1625
830 147
288 258
899 1662
1451 759
1898 146
775 189
507 994
700 879
1102 1300
1670 601
1428 1178
108 73
1068 1478
1978 1595
1223 1055
716 513
983 174
1227 1349
1640 1603
990 829
726 1783
170 372
379 172
1785 1230
528 70
682 421
19 310
931 1940
118 97
1557 1511
1798 548
367 1969
994 1503
1223 1423
543 1084
1081 541
1975 247
157 1898
751 1107
306 1886
176 97
548 825
1904 846
590 521
295 1880
1486 980
62 920
1148 1819
712 1126
755 1049
1740 49
459 221
1029 289
55 878
1572 1737
1832 1748
52 1729
1733 456
643 1761
611 1522
850 685
1544 1297
1515 897
1481 1566
394 1263
675 1814
668 610
1084 258
1949 1624
1211 1161
371 210
802 71
1268 965
1802 1777
1559 515
1208 851
826 278
1950 822
1397 94
300 1846
329 1380
339 1982
588 1831
1404 513
1397 722
295 41
1255 1057
210 1205
1338 1586
1230 991
1573 1002
664 1714
907 1001
585 1027
26 1918
769 1235
448 1752
1939 401
467 1542
519 377
742 1632
1810 1791
33 165
1080 516
1549 1020
659 1270
1418 284
549 899
1996 256
767 1038
575 1265
139 629
1036 281
576 525
1174 1932
231 1513
728 135
1590 111
1804 1490
1810 1639
1755 1173
652 1304
490 1256
489 1611
580 563
1585 1662
1897 1307
1293 1288
1528 1116
1216 456
431 1721
537 782
1875 521
1389 1467
1798 1889
252 193
1849 397
294 438
678 785
1574 685
1713 1897
1306 1512
1188 1303
1552 224
511 1910
1932 260
638 347
892 1585
1016 836
756 1081
800 1093
1829 616
235 1804
1942 1849
1779 335
405 1496
1329 233
536 1156
357 635
444 163
143 782
1516 52
815 1351
1082 274
1122 1766
836 1391
946 42
1649 1987
371 1134
907 137
1941 1989
1027 723
1101 1231
289 876
557 1269
1822 1996
1537 1762
1320 1247
594 1603
829 1392
1095 1968
1618 1202
1375 246
170 1768
1550 1935
1045 153
420 1534
110 1139
266 994
1151 892
1054 137
1702 515
1371 367
851 709
643 1793
1252 1701
1177 734
1827 1587
214 741
862 1518
1473 123
947 1518
474 815
203 728
741 259
1323 262
1464 1378
847 93
1057 1674
158 1085
1325 313
1646 1735
332 994
1320 1502
999 1889
1291 627
76 887
1952 312
1273 1882
1178 1469
1782 1457
821 323
721 125
1394 975
818 1634
1159 344
601 340
222 804
1501 207
1779 1253
1148 120
1123 499
1070 1317
1914 1160
243 1858
1248 1432
533 1509
730 1173
780 1961
404 510
1334 734
1013 1186
217 1130
384 665
530 971
1411 629
760 1699
467 292
861 822
1562 71
86 98
1398 1566
175 290
1522 1051
279 565
1547 1565
1935 1817
1390 1701
421 212
908 1166
1069 1559
520 851
1497 82
375 520
1204 1446
954 330
839 143
1159 1555
1483 26
1539 830
1848 1770
564 496
31 580
165 1867
1408 711
1637 379
419 1601
1600 894
1740 72
274 721
98 1171
701 302
443 907
959 1552
170 346
1815 833
1433 1052
977 506
459 1536
1549 64
814 761
325 436
559 1923
1873 1577
599 944
976 196
1289 297
55 334
1337 1102
263 1146
692 1381
951 1229
358 1780
744 1085
1430 1045
1151 103
544 1317
871 1284
194 1290
890 306
1937 1674
494 1899
1143 1298
1605 950
1667 188
1165 919
839 1813
1782 9
1026 1227
1056 339
551 1691
32 1670
1259 1359
897 667
506 1082
541 1423
185 601
987 218
1483 1298
1609 1054
268 1224
40 1417
1445 1328
277 758
1084 1305
4 1224
44 583
1538 1779
1185 1186
467 157
283 1768
1402 960
1450 512
1511 1359
1753 214
892 767
1548 80
1988 524
158 1839
1179 1737
1669 1715
1802 78
999 1807
1606 1669
602 73
1037 1339
1590 153
1317 958
47 415
1688 1315
1991 1104
24 1426
1560 1011
1661 1049
303 1779
1322 504
1831 78
780 1980
307 1857
1818 387
933 1189
1799 1946
1210 445
795 846
301 1057
1930 195
1499 526
1131 198
239 1007
1645 906
1050 1947
95 899
146 1600
114 64
1384 1221
1011 97
1913 1997
1106 175
1375 849
806 1179
512 1957
322 1912
849 1843
1793 494
1871 1473
1220 807
639 1756
1459 1673
232 1923
543 752
1479 838
1866 1782
1954 753
1099 402
1373 1280
1703 1128
1992 622
691 3
1645 1953
603 524
1903 1088
735 1389
1708 1764
1796 1138
660 989
501 1797
1821 1308
1589 304
1149 1771
691 871
1470 1022
1622 1892
147 324
723 278
852 1250
1737 14
828 69
303 862
966 48
736 73
324 1364
1375 576
705 469
1092 933
494 598
284 539
1878 642
1032 1687
1607 275
1135 714
689 1974
435 1996
1121 369
1340 523
539 1350
1890 1580
74 1694
1338 825
1755 686
1507 265
1865 296
1855 1762
1011 1955
1944 1139
1297 897
1907 878
403 54
1679 930
489 469
1852 1498
1389 1185
462 869
425 298
949 833
1166 1128
1489 923
375 1597
749 1731
604 360
1546 1736
1857 1543
1554 455
87 1859
500 1325
132 1911
188 1500
973 602
292 1350
394 212
1912 360
846 1149
1561 407
1216 236
116 1177
1727 1505
746 1342
668 1226
1204 821
238 1874
589 430
1613 1448
1701 1342
361 1770
36 189
827 416
1439 1449
1495 254
1816 429
455 1110
1722 1048
1126 1327
840 270
893 721
849 51
965 547
1850 1898
555 202
1662 627
1880 982
263 146
448 186
1053 420
281 359
731 764
1006 52
1904 50
295 563
10 1866
1245 963
308 634
1647 958
1126 466
868 1541
1502 157
672 1218
1575 1253
14 1108
858 585
1284 932
1835 930
1858 490
1761 1177
1820 1617
1602 327
702 1659
255 1537
216 1636
1711 646
949 300
93 1991
1243 1513
1893 1065
115 1999
1146 1692
1439 638
220 1056
931 697
321 66
1359 489
937 1234
123 1390
126 244
251 1147
1152 1406
1624 1995
1377 1228
1442 1725
1054 1800
374 1659
272 603
1228 1634
856 942
148 1939
259 310
982 1942
1973 217
1280 850
1894 1576
1289 331
1156 1311
245 1953
542 1732
1950 1877
465 1853
255 1515
1819 328
1599 753
1682 1625
189 586
1048 1674
1102 869
228 1824
379 398
1414 401
999 196
279 1662
647 1415
176 604
533 405
1146 421
1869 919
614 225
979 1269
254 1891
1747 328
73 60
1855 460
1973 1553
1656 753
850 710
1078 1520
1130 1886
1155 439
1516 590
1202 671
1671 1732
597 1963
230 1946
81 1648
1221 1268
919 371
619 295
840 168
462 1380
1611 1692
1002 433
1173 1276
421 1690
1128 1560
1695 830
431 550
1427 338
166 1431
525 1088
1717 1065
14 1648
851 1971
1416 916
1805 1640
1917 750
1256 783
1979 583
456 1437
1863 951
62 1255
915 1875
922 852
901 1888
1014 1776
276 1307
1142 1896
346 1288
762 1438
1265 424
1540 576
637 553
1274 721
865 954
1263 92
608 963
725 265
545 169
1916 1312
1132 1615
1570 304
142 1698
1554 104
1641 860
1258 1598
1097 350
232 101
889 594
1368 1448
753 82
700 1388
1359 721
592 119
1853 362
481 1501
618 1537
1299 170
1652 1303
1343 1281
220 799
516 1048
1124 78
648 725
44 577
613 561
681 1396
244 1809
1341 1473
145 1452
1298 1601
192 695
998 575
1253 1532
2 1830
1872 1605
1907 1694
1793 1658
1482 1763
168 1569
827 1897
336 1804
1206 192
761 924
746 591
814 1660
370 18
664 1616
1110 1477
1800 1155
756 1059
1192 523
1231 1211
1090 1972
1061 725
187 1304
1740 536
991 978
1672 172
1646 1984
189 1573
492 1314
1712 234
1823 661
1381 582
1000 1289
782 1318
41 1385
1892 200
1905 951
489 1252
1494 418
1071 585
1947 276
419 467
739 1817
305 953
1502 1681
60 1236
1826 198
544 401
268 1140
1952 1373
346 26
1126 672
796 1537
1606 465
459 855
425 1070
40 1781
1315 601
1857 443
798 1489
1199 692
403 868
192 845
1549 143
1172 724
42 1177
261 110
455 486
1951 70
1635 1110
1381 616
1723 1186
1888 232
1391 271
877 913
881 651
1867 1671
445 155
818 1558
1616 1548
804 1414
187 112
515 1353
75 782
714 1356
1693 1734
1900 907
742 1224
552 1407
1337 120
1124 1679
175 511
1774 1793
1377 483
1827 1420
538 882
17 692
1117 1884
1300 1062
1622 785
15 1264
212 1407
843 29
924 1599
463 1909
797 1439
1430 1200
1351 1695
278 1214
863 1471
1401 637
1362 1812
1097 115
739 406
1006 662
1092 827
1441 1397
1561 1902
176 1020
1337 792
926 140
1637 817
1479 1676
1440 1291
1720 821
635 1641
562 1093
1283 1871
1183 1281
1250 1230
1290 1861
772 1239
1034 1042
1516 1543
86 818
1552 45
747 498
341 794
431 860
1447 1363
715 976
1513 1565
1711 1381
1099 1418
1824 1776
1863 1311
480 717
1617 511
867 1446
1544 519
1228 860
698 73
1041 1391
865 1643
567 1802
987 213
1959 38
1019 1202
1496 883
1070 1852
577 1201
1331 1160
686 806
51 884
632 1096
830 250
596 1290
1076 1524
1217 1317
81 764
1249 530
61 553
218 250
146 1660
840 1416
1387 181
1763 1533
397 1930
403 542
1492 45
1466 1592
863 1197
736 1210
1147 138
772 316
41 524
1835 1925
813 1961
1822 357
352 1756
941 1863
990 925
1747 1185
1440 402
1614 1040
871 878
439 1625
1205 608
1178 747
270 1457
2000 154
1385 1842
1143 535
895 706
1210 1231
1860 1534
1722 1688
146 388
599 660
1351 1202
885 1309
660 1614
897 511
968 1785
81 542
733 1147
1213 1149
1909 365
1934 300
609 316
703 1853
1512 1444
1871 1727
425 1210
1239 1157
234 1859
41 217
498 416
1852 1595
967 1028
1215 691
262 1891
1624 261
816 687
340 1701
945 1957
1992 1404
817 1296
458 247
668 34
1828 173
826 1583
1970 19
221 150
1283 759
1451 617
1022 219
919 961
967 1219
1738 382
1764 1273
1872 1816
1321 833
1085 806
1654 1810
1604 1460
923 273
1986 1744
607 537
1477 1911
721 1569
755 410
1225 1130
606 266
996 1018
1807 1686
573 859
1722 730
656 1264
1268 1893
216 1682
8 1844
1218 696
1146 310
560 1425
953 694
1683 767
112 1023
421 1214
715 1033
1688 858
1455 1482
644 1632
1587 1821
1189 1623
1657 339
1983 1272
1407 1386
22 1941
1898 525
897 582
709 1825
27 1557
357 1893
1805 1340
507 1115
1186 178
74 715
1700 792
623 1633
163 940
1040 549
1155 254
147 1199
743 1746
1446 324
1146 1795
1400 1693
1981 1072
1316 551
1076 638
740 544
345 1687
1030 691
1720 1447
1864 88
1158 224
751 959
409 723
1624 1484
191 1861
1799 1558
1271 1822
1500 1371
608 73
530 1668
747 860
1586 1135
1635 475
1491 1609
766 1947
1114 1499
1692 1094
52 384
318 584
1005 254
1318 1098
757 1059
928 1382
1675 1736
41 1724
1645 1780
1561 258
1823 1378
968 1520
474 946
225 997
1358 1124
817 1531
389 1140
1241 411
1841 1747
990 1389
547 921
207 1244
52 782
1040 1193
1117 1966
1731 1910
1385 977
813 1984
1056 767
1025 1670
1646 1186
514 938
8 1589
1834 544
393 960
1431 782
234 1308
926 1388
292 1039
1262 432
337 1812
17 1733
966 945
639 1862
373 546
450 560
1371 308
370 1853
336 653
1181 977
1668 38
17 272
682 1713
1670 1797
547 65
1482 1395
77 1119
64 1808
1554 688
1873 313
1858 1445
1134 1905
714 1907
1365 1805
1361 5
1307 1350
315 680
1005 993
350 1222
23 1214
57 174
147 1778
674 1108
1852 1475
319 1892
437 482
554 1823
839 1987
483 1666
943 1459
1404 1484
1734 526
1838 1339
1672 1321
1781 453
111 358
404 1701
485 1336
1720 1184
1555 747
578 1953
1007 624
1267 803
1573 506
1618 523
16 1013
474 1139
1295 223
529 448
1879 1082
290 1139
1089 1819
1979 102
1638 316
1103 1193
313 316
1419 413
1986 1946
819 1784
124 1577
934 288
708 796
60 423
1645 1461
971 1618
1007 1127
1868 132
1974 712
1114 17
1424 801
1662 918
761 1098
1714 1997
608 782
92 678
753 1936
219 1522
876 1408
1971 1961
1644 942
1113 340
710 32
1366 1015
118 819
1420 1502
176 322
212 1300
1774 1724
269 698
1043 1139
1550 1520
762 135
313 971
669 1498
73 1931
733 763
1295 662
1011 1988
1129 659
1527 1001
1360 1677
1854 1194
1120 1062
1389 1916
1941 1552
267 801
1493 785
1114 172
543 520
420 688
696 33
617 864
740 1395
1753 1870
1008 168
1601 1468
1219 197
382 951
1658 572
69 1332
1137 727
1699 1607
1450 1633
372 498
750 567
166 1393
1804 1850
1446 1849
249 841
1352 1348
295 1391
504 471
203 1593
1576 888
105 1108
1519 1514
1333 1865
1291 417
1985 931
1277 844
1530 246
1939 158
364 1833
1588 726
470 1094
1011 3
930 649
1695 1036
927 1904
1756 823
1755 1231
1798 120
641 793
133 471
633 866
685 1382
1594 1796
180 1912
377 1036
64 903
1672 116
1094 1226
840 1528
1821 156
1158 1175
928 426
1144 551
574 1111
1768 746
453 1673
113 801
591 1671
702 483
249 1305
223 298
777 156
1408 1276
1818 1803
1969 424
1506 852
126 1054
1203 114
171 923
1946 1561
1038 700
685 1738
1191 1109
342 1861
1876 1906
1841 778
1397 959
379 1867
1783 1071
149 194
1967 1992
688 764
1438 1659
1978 908
1033 1710
300 1237
1642 1505
874 1444
1602 868
1671 873
1137 1306
1434 397
111 1372
1656 813
560 419
1056 813
863 1501
1696 1382
1715 1429
1221 664
1401 725
849 1780
1128 877
519 1535
1818 752
68 1708
1564 1315
466 1980
1401 863
1278 1326
1136 18
916 1935
1329 7
1091 1432
413 533
370 1271
557 1245
1367 1551
276 1405
344 531
1856 1300
1376 225
1518 588
722 1565
380 1109
46 1085
754 955
721 1346
799 882
1951 13
1169 577
1365 1558
1900 613
570 976
779 1661
1867 1691
1446 827
1579 334
667 1610
1978 204
30 1943
1542 1798
183 1487
1804 1104
310 144
137 361
640 1488
357 1861
192 12
484 1209
1887 18
493 581
456 443
1887 457
1926 1736
1637 1409
847 377
1484 1872
848 1032
988 1388
444 1234
617 1743
116 551
865 305
1827 197
1915 1564
449 405
1711 702
1513 1639
482 1251
1687 96
1983 635
1926 1426
1854 1539
619 1625
1760 1297
1061 223
1188 1359
478 1902
1266 914
634 56
307 1751
1393 1558
1696 466
1137 48
1669 353
1968 1323
174 1499
605 72
254 1995
1147 143
1946 1156
490 1893
919 1224
686 185
974 1362
447 740
255 74
1631 1751
161 1291
207 402
62 717
57 1767
343 1013
131 1728
557 111
1004 1007
499 1538
1995 1947
605 1221
1963 804
321 935
1075 140
1159 15
1509 834
1075 1151
1070 157
1477 209
677 184
973 266
1680 862
1879 144
1057 142
1605 903
1554 1806
853 866
1751 573
1671 111
465 381
1738 1462
777 693
1657 1761
238 680
1169 1229
954 68
1435 614
809 1774
495 36
1209 1780
102 1514
1520 1750
1481 1982
1285 329
1846 1482
1335 594
98 345
55 179
1438 1029
1787 1786
1478 1942
1502 687
833 1999
644 775
24 1160
782 238
1347 648
238 204
438 529
528 1746
1133 425
1564 216
1475 228
1494 66
1557 911
1145 147
1698 261
1230 128
708 1775
1365 1831
1331 1969
344 1923
452 1662
835 1154
210 1716
412 615
432 1495
756 1599
1189 1544
906 457
1642 1300
1825 1067
975 710
308 1990
1359 1715
1729 160
1540 1695
333 1713
210 1422
1639 235
1762 1371
1595 543
1550 1262
1617 178
950 1028
694 321
1114 623
364 910
883 1505
1728 1993
651 1496
1384 308
1392 1775
1868 914
606 738
854 1255
744 1871
51 593
617 904
1109 406
553 1175
923 1064
438 516
607 1156
1723 439
1090 1821
712 678
1304 904
648 709
481 493
85 566
1292 1826
137 145
1560 1915
1849 247
1415 1101
1696 1309
893 455
869 1056
503 829
212 609
1239 225
536 1049
1766 1347
924 1410
52 390
1663 1896
879 182
626 517
541 143
42 994
653 811
824 1118
1263 883
31 176
192 1840
1850 215
1297 928
160 1958
1653 239
998 564
199 869
949 82
1928 834
978 568
393 244
1050 747
44 1267
770 712
248 50
1827 833
1936 1400
1831 490
554 163
160 338
1845 1401
521 1112
512 1047
237 1967
411 1115
788 1675
537 21
861 913
1901 1435
1194 1658
1375 28
814 1888
1814 560
1737 851
1845 664
1822 488
311 1136
1359 156
360 1072
1782 819
1683 1891
1200 1211
874 1237
1165 1547
1551 1525
1353 767
1490 1177
10 887
2000 1495
296 1163
1668 100
1189 1182
710 851
298 1560
1322 1142
919 264
256 938
1092 531
892 551
1482 241
560 1757
1804 1009
1607 766
1692 1814
479 1960
1898 370
1241 937
1709 200
886 1183
605 613
254 990
1647 1316
1194 433
879 167
637 1558
458 617
1934 1199
673 694
1610 1289
1587 1654
339 616
1081 976
57 1464
215 1444
40 1311
1321 337
336 1895
1746 303
1032 1255
1598 968
989 1084
732 1155
534 163
539 1363
692 1842
1250 118
321 1750
1140 158
1049 1187
360 248
1065 167
366 459
1958 1520
377 1418
394 852
995 304
929 580
1773 991
428 1966
510 1529
1371 1988
1515 1131
1812 1127
215 398
790 1895
420 644
891 1517
535 417
1969 275
1035 900
1814 761
1562 1544
552 1206
864 53
504 1227
1109 256
687 944
1028 1883
1258 899
1727 788
669 1329
1915 1108
1177 1158
880 1446
1489 10
1320 1274
915 383
1299 1763
661 1064
420 65
47 134
1487 1201
1132 998
1717 125
617 1298
1312 613
1499 126
739 1017
32 120
1818 1231
1768 199
1044 1864
307 1717
1578 138
163 765
1152 471
1375 425
1997 1913
459 49
1124 1785
19 1062
511 1079
456 1450
788 1750
61 1908
611 1328
558 197
667 1228
811 77
1570 861
986 472
1086 636
1408 1139
1268 1583
1427 1079
1981 1375
1902 1736
674 306
461 1789
1692 7
336 522
892 952
1003 806
294 1479
172 491
437 620
1704 909
840 1495
313 470
543 1489
1915 1242
849 516
1889 894
1932 1214
268 561
29 700
112 147
1372 168
838 762
117 279
845 58
1477 752
939 768
300 779
1857 717
1643 1038
1532 1496
937 1412
634 937
1090 1870
146 1370
454 219
860 1333
1444 278
1264 248
809 1917
1644 1744
1002 1735
586 611
1835 1974
650 1586
1674 826
1899 271
1862 877
1693 949
468 1844
388 716
821 1884
906 931
469 1172
1131 494
1428 1897
85 570
263 7
1576 350
1477 1755
403 1188
156 899
867 1091
574 1698
1941 328
1256 999
707 1892
800 1459
1067 410
1970 1143
1843 80
1352 1911
850 1388
1314 874
1246 960
847 1864
1795 224
1744 280
460 1616
1434 684
32 492
1144 1148
1808 1793
1754 366
232 911
501 987
484 859
1012 1694
383 208
690 949
1001 483
1546 507
1328 1027
283 1420
1554 1752
851 348
1744 560
9 1383
59 1880
630 377
1848 49
694 560
715 572
1805 1214
50 1443
1187 1319
875 639
21 547
723 1471
1008 1279
1098 422
575 1453
1475 1621
1385 1014
1560 1384
1499 506
786 986
852 1017
1512 1883
1233 908
746 1805
481 1642
459 1432
1855 1387
933 627
1587 1368
1117 4
380 1372
947 1413
1017 1890
1892 1478
1907 1538
2 417
1521 1309
1623 1790
1809 273
1216 1419
1028 1520
198 4
1995 1690
286 643
1017 1795
1146 1236
147 1475
600 742
1452 1654
356 112
1619 1370
1466 1289
1462 1171
345 1459
1197 376
1758 1794
1004 600
1474 890
1120 763
211 1099
339 1835
506 578
545 1366
951 1342
363 751
893 1909
848 42
616 593
135 369
1835 650
22 741
313 583
1372 1201
691 1961
1852 905
1621 1349
652 165
697 952
1136 1294
1429 544
340 407
1708 267
760 214
805 1349
351 815
542 813
605 351
1559 733
935 628
62 176
322 104
286 164
1521 1893
1648 479
1157 77
1770 1257
1828 292
223 168
1804 1382
866 1668
256 1534
151 1552
93 1388
1951 1424
450 1268
1065 1687
1927 34
1397 855
228 505
86 1827
251 749
554 1950
876 1118
1097 984
1618 526
763 1253
362 1035
568 419
1420 81
1471 1388
1425 1419
611 1560
216 1609
1164 1302
808 387
1709 1985
1541 483
1261 1990
1034 1639
1708 1521
1795 1108
1659 1750
1657 739
630 1635
600 1130
623 1947
1242 208
1419 1506
1221 644
1053 224
1494 1231
1575 1367
206 1067
431 1218
1973 1448
1573 313
1567 179
1155 1568
1404 832
1025 1621
1797 1790
125 1439
771 1133
280 1888
1121 750
1276 839
1720 115
591 547
1789 1567
1017 1510
436 1812
762 1668
1819 1295
181 578
521 1197
779 1933
26 1982
612 1324
722 368
904 1020
726 979
1445 273
127 91
1291 1518
1664 557
222 1053
1637 888
1653 1109
370 115
169 960
768 100
1158 631
123 234
836 1216
1948 1004
1839 510
1292 1064
262 626
1496 1815
1150 1990
1955 987
1 1199
1883 1431
278 522
220 1000
1001 1236
1411 126
576 1535
419 26
133 699
793 305
1526 169
533 1201
1138 883
1437 1093
1056 1066
375 1734
1996 920
1095 1709
12 222
1407 68
790 256
1043 321
1490 1117
1504 958
1702 1916
1239 840
1379 1997
1335 939
1410 1639
287 1446
321 1647
120 1139
1409 892
835 74
1822 179
1462 90
1626 1235
1398 640
1349 251
1466 118
1988 334
830 1525
772 917
305 1877
1674 1207
1737 10
1996 272
241 1625
1491 248
916 208
267 351
1978 1729
139 1049
1983 647
863 360
194 1220
803 1686
1299 573
811 464
899 157
1773 1422
994 964
514 1288
1751 1427
1529 1739
1714 561
40 662
389 1925
488 1734
787 215
1681 217
682 544
491 300
1056 111
1106 355
996 566
236 1507
733 468
683 934
273 407
1396 1409
176 446
353 362
319 743
1667 1360
594 1455
1094 1370
208 1559
1173 1244
1471 207
1325 1593
674 1651
574 664
1468 214
682 1159
1255 1897
670 904
946 1471
1953 1186
1324 1694
1620 1420
1597 655
914 1936
110 116
234 1165
463 1151
1301 540
1697 937
1439 697
1643 1154
809 1147
23 1396
1543 741
1372 1809
1378 1125
981 786
979 1149
489 1632
1888 1441
1858 869
255 907
776 1638
1841 654
1212 1097
381 1419
1628 1733
1415 1168
1247 1875
1859 538
1822 1481
1232 1097
182 1213
1925 1250
1017 731
1638 1206
1964 1267
607 190
1590 38
243 1863
1338 940
847 474
1092 1768
538 1681
1227 161
1258 1056
477 609
1190 932
972 905
1601 1525
1174 1868
936 1323
446 1849
1421 1046
1971 688
787 65
1287 635
1418 1400
1082 1253
1185 1381
572 170
618 1433
487 1635
32 1669
1500 958
480 1794
1758 1129
1307 1627
865 430
7 1884
1304 1161
1658 694
1396 897
1140 1965
275 69
1542 707
1156 1748
1751 940
1942 828
472 1124
1268 533
703 332
1052 924
1016 514
1553 1121
1958 994
1150 301
1165 160
777 1194
868 1389
222 1355
199 1062
1023 1535
1918 1709
563 798
796 902
618 1467
134 1776
1438 1646
1719 1500
1743 387
1292 57
1191 548
1867 371
910 1040
1075 699
1292 1785
1169 1396
567 1913
1525 1882
1151 1425
1837 92
1801 1748
1563 727
419 1626
1349 561
1237 700
1450 980
854 1223
1523 57
783 858
1691 280
1279 801
1567 1724
1038 565
1820 1864
1368 1793
1142 1424
1290 537
453 1751
1551 835
736 1009
889 456
654 1519
465 809
153 911
1330 1829
634 1439
1290 407
35 1199
1559 1957
1283 249
1731 822
1477 404
1871 1930
841 1387
485 1071
1723 1531
497 1189
182 973
677 960
864 470
671 1744
1515 995
469 1550
1887 783
1027 1677
867 949
953 134
1127 1707
581 75
772 624
305 1803
557 1735
830 1804
1908 1786
1823 1908
1209 554
1337 1892
443 1669
122 769
18 207
1565 1665
234 1559
265 1450
1083 1595
1015 894
1182 190
88 259
948 1393
1061 670
1446 1286
1540 949
1015 454
577 623
277 1746
1231 334
830 1491
1106 673
559 1753
1426 846
1481 1386
757 621
1799 1455
1279 854
192 843
619 891
581 394
652 1221
1920 406
175 439
1756 1749
690 1491
224 299
832 216
403 991
201 1890
431 1660
785 1926
1207 1123
931 908
623 1577
1568 1025
1078 1138
13 1826
1609 785
1587 1564
669 1775
220 915
223 161
332 521
704 653
1139 212
1862 718
40 474
1180 267
533 44
331 814
650 1758
1818 1680
111 559
904 1139
471 310
1802 325
1681 1426
237 1831
1224 1667
456 841
380 1264
240 686
1599 798
260 788
1390 1726
1691 844
602 1174
429 577
772 558
976 141
1062 1537
294 1921
1554 1730
83 1560
51 1535
1274 1481
1947 1566
186 774
1606 618
13 629
158 963
865 466
1424 1694
346 1693
1989 1606
815 1550
263 1779
1744 336
575 627
1178 640
1296 643
343 628
1145 846
688 42
886 1614
1355 1889
237 1127
1960 1763
1767 1621
564 1137
1506 1250
1425 281
231 1178
1528 368
1956 1515
698 907
1721 1744
1425 1874
545 1270
1620 1321
579 916
1942 51
1555 1893
969 318
360 267
161 633
308 2
453 575
428 1264
1118 998
326 327
1712 411
242 1411
961 1437
1182 1669
555 603
520 85
690 277
586 1992
1687 1755
77 697
800 1606
892 1130
870 1864
613 276
1972 1147
1968 1943
1750 174
1753 319
667 683
1505 1172
1122 1692
569 1225
18 542
1849 1202
1152 1800
604 1101
369 1292
1275 848
216 1300
1865 1582
508 1831
675 23
1862 1231
992 900
1675 248
356 1613
707 68
1762 1137
1024 544
1820 204
1368 720
1620 178
655 1412
105 522
12 828
1244 1507
999 1719
630 1159
1700 70
1535 1594
1902 418
1661 1860
1151 471
427 705
1453 343
1244 1066
1900 616
149 413
1288 1001
613 1800
1115 535
96 607
382 186
1332 1226
1527 1100
1360 1626
533 1348
1185 1802
1340 252
128 1984
693 596
1911 260
305 266
168 1457
463 809
1119 1578
1251 1936
1372 390
564 772
1846 712
1712 1340
1091 1953
432 1189
1336 630
77 1759
1171 1362
1835 337
1284 1998
995 1903
1414 22
1674 918
1249 244
696 102
1009 275
490 1720
1588 1181
1276 1525
697 798
410 549
266 1506
1171 2000
1913 572
997 831
819 1224
870 838
953 402
107 1154
1917 1998
764 1622
1898 1538
861 959
702 1979
92 1068
1356 265
794 445
1232 1429
225 352
10 93
1345 1905
1071 1529
1602 1333
1832 773
474 1032
429 1366
1961 486
911 811
1606 875
1787 1818
250 518
1342 1448
1561 744
1502 1723
1165 1726
923 113
887 1951
1456 674
1947 754
1776 587
405 1954
1548 1890
801 1378
1293 455
1265 1815
238 301
864 1248
1849 1501
1989 1089
1353 117
1891 784
1908 373
891 245
1435 1686
1124 1645
1568 1715
1027 1804
756 100
373 671
1029 467
452 1020
588 1815
894 499
808 65
949 1476
1882 1175
1770 1716
1494 1685
1843 210
1855 915
1048 1989
1915 30
1359 216
1894 464
1480 1857
2 1957
1532 136
1389 574
342 57
473 1437
653 318
44 744
84 626
968 528
281 643
1998 1654
1499 1192
14 1274
359 320
1939 377
1681 1931
862 1457
830 1171
816 418
1053 511
7 585
147 624
43 1123
901 213
1081 1
588 722
179 716
710 771
89 218
86 882
1655 1076
659 556
1574 1237
168 1380
1458 1206
260 407
1327 1445
1836 1160
127 1772
835 1233
1810 1522
1601 165
1036 1348
542 1337
736 778
1016 1973
799 317
354 1994
1454 1123
1560 1586
227 559
840 678
1613 75
850 740
1395 559
812 1660
1299 614
298 287
1855 1661
1490 1760
1236 1734
1452 88
1288 1520
1372 1161
186 536
609 677
967 1854
413 1231
1464 1722
667 1857
1510 813
1929 737
157 1769
1927 620
497 604
1282 557
1684 149
1007 1271
1833 1642
1226 362
1712 1382
604 795
1810 212
1873 0
1089 1061
1737 804
1930 46
854 1286
1923 1484
211 1487
153 27
1231 1131
1587 333
692 934
527 589
1142 1073
1168 1719
1996 963
1769 437
1702 1813
388 1401
586 182
1461 1925
563 137
494 78
1303 748
445 1788
1679 1350
388 80
505 1460
168 51
772 1608
1936 896
99 748
1247 1114
1141 1210
1138 831
470 1001
1267 1558
1797 1199
441 840
418 118
162 1228
293 557
118 1460
339 1224
1974 1541
1607 1144
757 1714
1850 161
641 236
740 1647
787 1223
262 96
1397 190
579 1509
1610 2000
0 417
1353 1662
1281 1900
494 1559
36 1250
67 83
807 910
1474 1539
1766 663
1767 1591
1127 790
768 718
559 1767
237 1131
1871 874
1394 1808
1036 72
1663 671
648 1596
1561 848
1589 1657
355 1510
1407 1290
1871 39
1478 1587
1853 1752
560 1377
776 1005
1216 1331
1697 103
472 328
1758 550
1768 1434
1840 200
1612 449
477 30
1386 42
695 48
1543 221
1211 10
356 628
1335 651
284 853
833 555
1079 1545
332 955
1004 651
103 1892
1248 1709
1772 1867
1516 668
601 1943
1815 1086
1551 1501
977 86
249 1400
1553 1272
854 1578
668 202
1005 1553
1185 1475
1846 428
1910 236
168 394
1106 179
1229 833
1494 1871
1456 83
194 1913
538 1010
1323 1595
1141 1539
485 1947
1669 927
879 624
1426 433
1942 478
1964 1699
898 1816
511 194
156 78
1685 509
1147 619
499 785
559 1676
1694 938
701 1919
1612 105
1651 606
1687 329
923 203
978 399
1509 1177
660 634
1674 1862
1499 1304
669 823
1918 1840
1430 613
126 859
37 448
1247 1599
733 504
587 1885
148 588
1239 1227
173 900
935 829
1190 1925
1989 1735
1299 241
1331 1409
1907 232
823 503
313 86
330 1464
1843 1418
1117 1927
863 875
1028 1454
1317 1407
1627 815
1233 633
1528 1731
1103 1444
869 250
696 149
1374 805
1909 166
831 609
313 1026
1683 1494
669 1970
1517 1952
510 1269
288 1349
1731 469
1765 1800
1229 1164
636 375
944 1600
568 1486
896 1191
366 583
294 1490
406 1545
394 1006
1849 1224
1055 1690
1106 171
1488 639
1901 1555
238 632
1776 338
536 968
613 1481
620 855
25 1993
610 421
1827 605
485 1453
854 303
964 226
1799 1387
1825 297
1862 1938
478 875
1635 988
427 1761
222 1563
1531 933
323 1481
1493 255
1391 1845
696 25
871 808
1792 102
1252 106
456 926
110 891
898 1500
1012 509
1959 1832
278 1981
938 818
1526 1266
1912 737
1271 1526
1171 342
1306 1565
285 1350
1547 611
1942 329
1179 1836
1804 1886
667 1688
511 333
1126 153
1902 488
752 1566
103 747
679 90
792 1754
208 775
1174 1415
631 1340
1551 1896
1933 550
316 1427
311 1336
743 1056
1921 519
168 856
892 1309
1992 49
1074 1508
1134 1982
884 1595
761 1787
612 1651
226 1588
1171 1848
137 894
63 1791
518 1822
492 72
74 81
1691 1379
469 1496
514 1522
1705 18
1421 318
486 1462
1217 1025
1272 1455
477 1183
763 1858
1729 1005
489 610
1652 1533
1546 1987
1243 266
1752 1702
269 211
870 1279
489 440
161 1314
285 1254
1886 1051
1752 1565
1579 808
1007 428
485 1209
804 1865
835 171
664 1385
501 864
1664 1364
626 1784
390 797
1070 1950
1758 1287
549 1964
565 1263
1336 498
261 1950
1325 163
1784 930
1109 1636
1972 309
122 1194
418 530
1495 732
748 172
1605 659
684 1901
736 241
2000 938
1828 375
1305 705
1788 1017
594 242
1343 1543
412 135
1354 557
1434 559
127 12
423 1986
920 1951
469 1981
1317 413
1210 381
1010 719
1732 1725
1455 1584
1859 1095
1452 841
208 1313
1764 763
1333 1920
118 1256
1066 763
490 284
29 1660
748 1067
1109 379
1538 1223
1707 1844
1374 1617
1577 1996
1033 491
207 1994
457 87
279 1237
1450 1033
1507 635
1553 678
1980 346
1623 58
226 1045
1058 596
1143 615
503 80
851 570
266 167
214 1350
1283 860
1340 1553
920 1159
89 710
549 1791
1767 1374
731 1160
903 1533
825 957
451 435
276 363
1476 1143
580 1932
1017 1818
377 1264
1745 114
659 1528
161 520
533 550
1971 1016
1505 1303
917 1134
1766 12
936 1035
721 45
1733 1502
98 652
183 556
631 593
521 34
212 135
107 1511
1926 235
454 821
450 721
629 1822
1389 1518
873 433
580 188
895 1723
730 905
628 189
1814 502
1126 1762
1576 1527
1845 721
884 1616
143 154
753 1029
480 1456
109 993
1804 858
582 1259
1548 414
1285 1022
1529 1154
835 1192
1403 1133
878 1233
1251 768
33 1766
256 1431
737 1773
1065 1004
512 1609
90 671
473 1391
412 1838
1546 1017
574 1343
1812 1295
313 1679
812 445
1063 389
11 166
67 912
251 575
1507 1084
825 1889
20 356
1904 913
1298 36
176 1571
155 347
148 35
487 186
1618 410
372 97
292 1736
1668 985
161 1448
1599 1104
1352 271
447 149
272 136
1038 649
1138 1108
1026 1399
638 232
1171 1911
368 1548
1408 44
775 101
1080 823
312 33
1811 165
851 1078
369 1965
1713 651
254 3
538 1762
1099 708
1552 1309
1443 327
988 539
804 1489
1109 77
1196 648
72 1819
61 849
1360 493
17 196
1815 152
134 1978
428 119
847 954
1207 1005
1777 1954
678 146
1030 72
1817 704
402 1677
626 624
744 986
438 1140
552 570
1990 758
1547 1873
898 60
589 711
549 938
1917 1284
337 818
1819 1697
194 248
1231 1660
1971 1416
176 1628
487 952
1865 990
1060 944
1830 1911
1139 1854
1640 376
890 275
506 1354
1706 175
1899 1117
1155 815
1297 234
1917 320
1162 1823
1159 871
1471 528
993 1598
1703 1923
1454 473
958 896
1657 1607
1262 814
1775 728
1424 858
1046 1362
635 827
252 905
438 197
391 1538
1063 1288
890 221
1660 265
1229 1662
1574 767
895 1854
1703 1671
1087 1753
1587 1196
1108 1012
939 533
1165 396
816 888
21 317
1426 149
100 1832
1029 1639
1331 1840
353 988
412 1045
1447 1124
483 483
2000 1973
281 253
379 133
1602 1776
135 348
1393 45
1446 777
1059 976
214 369
1879 1478
1361 1030
574 1852
595 1918
928 622
715 828
706 98
1261 1277
1334 1965
1773 1921
1223 61
668 912
1674 1759
376 1720
435 868
333 992
565 36
346 1885
1431 1536
1407 130
1769 70
897 990
1773 1939
1391 188
1261 805
225 1238
45 1364
434 211
696 707
1540 1435
1783 21
1988 1738
1957 1705
449 44
592 940
1983 896
1165 1223
1303 642
660 1114
300 1712
1385 19
385 1187
532 1187
950 324
1017 863
994 1452
689 1745
55 1305
41 485
1495 1932
958 1946
1778 598
1729 1230
203 479
1608 1339
88 981
1596 578
1479 211
1557 316
722 137
723 1895
741 1345
94 1139
510 1523
273 1894
1613 302
1790 753
334 100
1787 1717
1876 1435
1037 206
1815 323
1586 1353
799 1309
344 650
165 741
38 1418
232 1020
929 677
1222 251
852 19
544 1833
257 1450
1897 1572
329 1287
570 213
1229 378
756 1126
596 341
896 736
1249 185
1327 386
1894 1848
893 569
412 1828
1515 1091
168 152
897 318
259 1737
1446 484
509 1687
84 1569
832 1624
1148 197
374 1481
305 1645
1894 283
835 1095
1572 1320
1206 1056
575 574
1856 328
504 698
467 1016
1555 1958
456 534
228 1486
1552 1673
788 575
1316 1980
1127 999
1015 524
1176 1912
1029 1790
831 1277
954 32
152 1567
1346 1580
1194 695
1240 740
1923 1611
1481 161
1292 28
98 756
1277 1174
1585 1253
1636 1008
9 1449
305 1398
913 1348
1708 865
1368 1982
1466 586
589 789
1417 1557
1856 1863
1923 969
379 194
718 556
919 329
1199 1829
595 1239
1594 515
704 26
1261 1712
1650 1013
1346 1764
287 1296
336 1631
1206 793
527 203
912 1761
1585 292
1661 915
815 1402
1851 206
1626 1673
998 335
635 1297
483 534
1087 681
1106 1258
116 822
618 312
109 1540
212 1934
1954 722
1879 877
