1000
1597 844
1087 117
705 1093
309 1491
1581 101
1588 1723
355 1223
1464 1073
1980 1269
1698 689
1732 446
1835 1067
153 1890
733 1430
422 1836
512 1427
561 1077
1811 902
1029 1474
1140 602
1023 1434
1729 903
1204 1151
1991 1123
336 1905
1535 1124
1408 1298
24 691
1185 626
1202 424
872 1824
412 1001
182 174
1704 239
1605 786
760 569
1986 465
313 1640
1980 1375
641 1408
1625 1260
1029 1446
1366 1239
381 1250
534 679
1262 1979
792 1874
1558 202
1453 1930
713 1795
1412 1911
1090 1509
937 1883
1480 1917
619 1866
1295 1385
1349 743
1320 1714
826 2000
1412 1384
1211 677
1291 914
959 1982
1578 289
1124 894
494 1450
921 957
647 609
32 687
1086 1586
1488 935
560 325
1358 986
1409 437
639 361
1099 366
1197 1904
493 1215
1835 667
53 1123
683 779
159 904
588 1758
1510 1780
671 526
431 1127
16 938
729 203
1468 1816
1419 473
627 557
1229 164
805 491
1985 607
893 1411
581 65
1450 1952
276 1301
540 529
410 1020
1006 1534
199 647
1139 1422
186 496
1706 1991
1852 1187
941 624
497 888
1705 406
1195 467
945 1
497 1900
1195 1813
1073 1966
1151 565
286 603
1967 294
1215 1036
1288 127
316 1593
621 1844
453 1438
1573 688
1892 1284
389 739
850 829
1568 1998
609 919
885 1051
1279 1116
250 1115
429 1282
1490 48
1843 1329
110 452
1771 990
1364 1085
17 1614
348 817
981 189
1381 1580
2000 234
60 706
960 621
318 1822
269 1758
720 553
1176 182
1385 549
399 1548
895 703
1957 460
1430 974
80 1583
287 180
234 1754
189 1405
59 1681
1940 1950
1462 317
1805 1464
507 832
751 1706
1210 242
23 1500
955 812
103 1724
1522 1564
1774 1513
1050 424
1740 666
429 481
1163 182
771 1509
917 1364
1868 1190
788 357
969 6
1699 941
918 810
514 1427
380 1058
1870 1008
573 1151
739 899
827 495
1496 1711
812 1863
364 1038
240 123
1560 1752
875 953
633 1365
814 952
504 277
290 1073
177 1761
993 990
1400 1594
52 1781
864 1177
1369 1041
467 1440
169 887
308 1731
886 499
130 538
969 1685
1545 866
1844 1253
314 481
1470 288
1503 1662
1103 49
1324 887
1385 229
543 232
254 874
3 678
972 1441
585 267
1078 614
1753 1503
1772 463
1696 1183
512 428
607 1892
94 549
356 1238
744 1697
1113 1648
1743 1985
709 393
721 1326
803 1105
1221 857
1929 1040
1332 463
1993 315
1182 1352
247 1001
722 980
1051 1062
1277 867
95 161
980 1933
499 1139
1999 1958
95 40
1940 1109
814 1529
1245 1584
523 438
303 468
896 1632
1955 932
1607 1160
399 1087
1751 748
800 66
35 140
426 87
856 684
738 252
839 307
1450 641
129 1208
1043 1381
772 459
1704 1294
1634 652
653 944
1084 808
1760 902
174 1875
987 1606
312 599
1316 986
516 813
321 87
1658 685
1472 1297
1057 1234
1481 915
513 1327
151 264
255 270
1869 166
1956 230
888 1064
797 135
1008 856
573 125
836 500
1627 1320
788 398
1512 1012
1427 84
560 725
1548 688
1511 850
876 1629
1862 1505
1145 858
1217 282
1891 1409
1685 857
914 406
520 1048
1322 2000
1747 930
748 1005
1826 51
357 1949
1515 1524
273 883
629 569
561 1106
888 1344
1123 1647
222 226
456 351
252 448
1474 501
1368 1118
755 699
1440 14
1342 1907
1906 1336
1082 1945
837 1783
4 414
1127 1425
1257 1630
1563 16
1066 1383
410 559
1813 1581
1757 107
592 875
537 876
1346 820
1766 1995
1214 697
1777 1345
1092 1825
1280 509
982 378
1296 1918
491 800
913 1940
1714 1116
1185 1243
1541 1892
1484 1150
1291 511
1513 327
1338 538
1413 1648
1379 1897
651 86
1712 1070
997 1359
603 1962
836 12
149 1922
1104 1918
687 1275
1460 1975
35 615
772 602
1008 1530
799 681
1334 296
1464 1504
1577 1505
1283 1549
501 1734
1938 1554
1618 1774
1942 412
1366 149
1724 450
579 223
1162 215
972 1831
153 923
1621 480
1989 397
879 1029
157 765
57 1345
1101 1275
373 1303
1520 509
155 1103
1214 1249
1795 1095
27 498
336 1293
1471 285
1675 1762
1968 286
261 81
702 171
128 506
1191 1950
1235 725
267 180
1739 1539
666 1686
199 1517
1537 440
1962 642
458 1990
462 1602
1143 1872
77 29
685 632
20 287
952 1923
876 100
1009 1429
206 493
255 732
1897 1240
1549 1293
74 759
937 404
1631 1479
1066 75
166 539
1826 1446
1007 1703
643 122
165 1658
1170 1939
124 704
923 1386
905 874
10 476
557 1208
421 1200
1172 297
1810 1229
1066 65
1274 1825
763 602
1385 363
927 1306
1272 1405
213 907
581 750
1128 1064
1792 1584
319 891
308 538
1226 1356
940 1633
1101 1071
642 911
1647 933
1652 1336
497 218
423 1970
183 299
1342 1057
355 296
93 777
418 497
163 773
898 1021
1063 513
713 630
1968 1727
1694 1793
1534 571
114 1368
974 1334
184 1437
1358 1589
809 590
820 1666
375 1609
1739 837
358 1683
468 96
1478 628
1406 1079
1545 1541
432 716
0 941
420 1705
938 1150
1185 1467
1298 63
734 925
1950 1863
217 343
793 1975
701 518
1710 1968
1189 1085
1225 1316
1823 786
667 1105
1392 487
1155 1088
34 1841
1315 1416
1396 3
962 592
1157 1202
693 619
1967 1944
283 1669
915 1616
662 226
523 1081
353 258
439 534
1614 1694
806 601
1356 1080
1079 1878
385 1599
1789 1932
942 1310
1009 576
1479 147
1347 500
812 1964
1217 1728
75 1978
483 763
1730 634
35 500
606 254
1073 1304
178 920
242 1995
1634 873
1122 166
320 833
54 1597
716 387
1961 1073
1156 1702
1364 1128
1684 382
348 951
445 1849
1820 1103
1428 757
1776 834
1447 1553
201 212
1470 342
91 1788
155 1961
107 467
379 1223
116 880
1043 100
184 1537
155 1557
44 1456
1833 434
1626 601
180 1038
21 1483
1487 1708
1411 1789
1198 1432
1542 749
588 731
894 97
1624 444
1037 132
1596 1038
1509 1061
1341 1947
225 598
506 48
212 312
1180 9
1867 1839
1056 1156
19 938
874 200
1207 295
1617 1234
1300 1573
40 20
1009 486
1054 1583
633 346
884 774
347 161
1795 1254
383 422
805 1809
997 188
368 340
1355 1595
954 1624
1185 1367
673 1475
544 1162
1546 571
301 1419
132 1145
929 1638
972 719
407 1430
823 1090
1999 1714
1842 115
1365 661
1994 257
140 1159
861 1497
1030 886
565 1871
1578 1090
1958 87
764 1737
1872 279
1085 1835
442 1192
2000 464
1703 896
1230 1667
696 1689
338 923
679 448
1163 235
1536 1276
1685 126
605 624
843 522
183 510
983 535
1612 142
168 885
1715 803
516 1476
1500 1307
575 285
229 277
70 1535
930 1657
1039 452
717 1236
1870 1682
611 693
757 488
900 1022
864 1774
1125 22
410 636
1287 1050
1264 541
613 999
964 282
617 760
1192 1298
238 823
319 1959
1172 1957
1280 679
1284 176
397 53
1162 477
1699 1707
163 1745
452 1454
330 1645
160 1450
1476 1556
520 1499
1036 1292
37 1592
1464 185
1016 75
897 1879
675 1531
1582 101
174 603
1645 195
82 780
1933 1750
663 650
1266 1501
587 386
1110 1184
747 220
676 1435
242 142
1867 1803
525 449
1467 601
1133 49
1289 872
1046 1804
1665 1229
1533 1689
1167 253
502 274
1188 1651
1872 171
1306 1762
3 773
384 688
1624 1510
1995 1215
1672 72
628 16
1372 1427
1672 1078
1913 395
140 717
37 638
671 1286
1166 8
244 1878
1681 1128
809 486
1669 109
1326 1565
1896 1551
1271 1899
19 1483
1786 1247
1473 1733
1099 1509
1718 1105
895 1591
673 1466
171 1008
1077 900
1178 1826
1398 1759
130 840
1827 277
700 1964
1093 358
1274 1306
421 1609
1077 560
1062 1568
313 437
560 1103
275 1829
261 1976
1678 1765
1561 1214
329 1559
488 84
1094 343
1576 1539
1291 73
729 749
1508 1076
715 931
1345 1705
50 937
617 752
16 1791
860 298
603 571
993 1466
296 649
629 1341
4 251
1073 1022
451 98
1444 1156
1784 1011
524 493
1353 1466
50 125
1767 805
1214 841
1346 1440
1905 1402
891 850
1619 1755
594 271
1012 1616
1773 619
80 1702
1291 51
200 1405
1391 791
1694 1510
1834 534
1402 424
443 835
1041 455
32 1518
972 1856
1821 93
1491 865
992 408
1544 106
1820 431
22 704
1763 572
215 189
1642 1399
332 302
1873 1040
1657 1832
1708 1432
826 1399
1543 375
589 1722
99 1120
424 1333
1988 1771
1061 1896
1726 916
867 1076
1077 362
407 1334
424 1626
255 1503
637 771
1898 1627
1833 111
500 1588
1569 1681
758 779
307 1090
1539 204
1554 1190
1942 332
354 1860
690 29
1162 424
691 230
1715 953
1243 1145
1368 1260
848 472
1578 643
932 1195
1291 1826
1732 1647
1231 46
1682 87
636 1648
1435 846
1372 1878
1913 787
752 226
285 1027
267 653
1829 1644
388 1748
264 1437
1453 1038
383 157
311 1987
1589 1584
1704 294
1080 1337
681 54
915 1972
850 1904
1922 319
1106 244
458 1077
1393 922
1968 119
1337 447
1634 1741
1328 1891
38 1428
509 958
1296 1894
198 1046
1529 1342
968 273
223 1763
1309 1268
730 1882
407 34
773 146
1650 893
1219 1651
1890 26
420 657
1379 445
804 659
1276 1359
518 1035
1513 1522
1809 638
1285 58
1533 592
922 1928
846 1455
317 393
1082 848
839 599
1288 1045
345 1496
1189 1479
1765 1751
240 1226
818 991
1494 713
832 1162
1172 460
675 498
1122 504
208 177
1536 1993
146 504
545 1540
1972 77
46 1246
512 1626
683 1882
186 360
102 644
857 520
1950 318
990 1562
1126 1138
1136 1643
1549 581
550 272
1448 242
1206 1549
54 1702
204 945
770 1368
1645 1922
882 128
648 337
850 1910
125 249
1381 1747
1894 1922
1455 976
1827 1950
1840 1093
1040 923
1637 1180
1364 9
624 1702
1756 1373
574 382
762 554
1769 291
708 89
1095 823
1076 1768
1575 1549
174 787
1503 1029
361 1824
1329 115
259 1773
1471 1625
36 815
310 290
1016 1963
1408 912
490 1066
241 726
352 1630
1007 699
771 1398
1814 241
1363 920
295 1183
1716 170
1982 1400
1859 1668
1296 1566
1567 1335
758 1876
1874 1592
1152 1137
801 405
1322 1689
1416 1596
787 756
393 100
1144 1192
1469 161
1827 1188
1084 665
1082 102
246 1128
13 1608
