5000
583 416
1006 1110
327 1171
1202 1959
1850 541
195 929
1390 327
1570 1900
35 247
868 900
1844 1360
199 878
1097 552
1158 191
382 1010
310 814
673 1925
1586 1916
1869 5
1099 88
311 1456
1715 1063
141 597
291 381
1655 1503
775 442
361 1211
1138 1349
1209 858
1990 1440
915 507
1658 578
1401 1460
1301 1420
1373 1466
84 1512
205 873
853 1752
1724 1480
437 485
1447 203
1088 85
1430 170
1515 1363
1229 611
1862 86
1639 1680
1022 77
1227 818
1697 1679
501 1380
1331 140
1576 735
1207 1297
90 601
1542 198
1354 1397
1664 524
146 1258
487 1317
613 1484
974 855
937 1550
1370 1251
632 1724
1993 993
78 666
402 1224
1716 1974
234 971
131 1956
478 1042
897 742
1264 1090
402 1676
1175 1793
1176 1886
1953 1050
753 1301
213 1382
1058 336
1047 1636
226 1972
1820 775
1631 254
497 804
814 137
1042 528
11 693
1053 587
1627 1217
707 1694
55 91
1808 163
1449 306
460 1024
500 1216
1865 1836
1047 1237
63 819
1660 1341
665 1883
762 1426
762 804
1469 1850
1222 1309
90 764
606 1460
1943 623
548 1522
826 355
1486 1188
517 475
1239 1646
859 1694
916 884
1938 421
1640 48
1932 611
1477 746
1930 636
580 659
250 1307
1329 989
290 277
1148 1140
520 1141
1085 446
1877 714
54 1358
50 246
220 1319
990 477
195 327
982 767
141 441
55 1438
1623 1860
102 1241
1960 1375
1668 528
1572 1927
1104 310
215 1337
1862 1945
297 1929
986 1659
1529 676
1460 531
1823 530
101 612
507 1144
1914 837
857 328
1761 220
443 356
941 732
968 1411
497 1543
100 1832
174 1813
1730 1634
609 1825
853 1841
390 1568
1606 257
1470 1418
1337 115
491 411
561 78
1178 465
72 257
624 1082
1464 1131
27 1274
1424 511
586 530
225 1851
27 1474
1322 354
1437 1231
863 1500
1148 1252
1430 840
1477 807
922 792
1040 1940
1583 1334
426 704
110 823
493 1530
1433 657
944 1650
675 454
1930 1123
29 276
793 152
1625 776
898 647
650 404
885 1167
113 1365
1718 1234
1408 492
1941 1081
348 1000
863 1179
296 927
160 580
605 1950
1614 3
1210 1939
489 1433
405 1254
1274 1410
933 1799
876 578
269 645
1445 1469
1978 1214
1087 615
288 260
157 1052
454 1533
523 1161
1926 1703
100 1717
1589 1367
1343 1162
208 1483
1404 1964
1902 1665
1358 1603
917 202
1485 1281
450 1658
1293 1970
1723 957
389 703
100 1574
621 1959
695 204
749 1435
548 1639
255 243
272 185
493 243
1405 1968
724 105
1624 517
116 1343
1563 923
792 1529
1853 1041
1045 1015
1694 784
222 760
272 1145
992 1710
271 675
1971 893
1001 1877
1499 949
202 1951
1163 531
933 537
195 1330
1696 1324
1114 465
65 702
1046 899
57 1986
1618 633
1156 1539
183 280
1559 178
1995 414
1053 396
1079 1732
493 1948
989 996
1298 1359
539 445
16 1161
1958 1429
72 1706
544 718
376 1574
976 921
1149 1964
1864 1654
1681 135
1835 107
1466 1468
700 849
1874 1964
649 929
430 1340
1278 198
50 1386
122 1030
953 1962
197 653
158 1447
345 1628
153 1962
549 256
1890 1185
1212 1776
1386 1007
992 1149
1433 747
414 974
443 1646
1968 1579
306 1353
699 409
1772 1482
685 1669
1769 811
202 1140
357 1449
1202 1392
1282 1482
1983 524
700 1361
1548 1524
905 900
217 1087
535 429
563 1525
1104 1445
462 770
855 1071
283 984
1094 912
958 32
827 1098
1650 1666
1895 1375
790 194
285 1876
1801 639
719 95
1616 405
413 164
1463 885
1053 205
559 405
498 877
22 1919
1986 895
1543 48
176 684
868 197
1493 1232
1703 1457
870 1898
1527 358
1057 859
694 862
648 1132
360 737
78 68
119 708
1296 1461
874 1464
1058 1265
593 791
1612 1084
1292 1389
551 1737
1439 694
260 891
1868 1632
810 698
1015 139
882 917
1538 98
852 1006
1360 986
1577 457
1591 973
953 1175
1144 1764
164 1047
458 73
1239 971
1344 249
1018 345
433 38
1278 1074
1869 607
1471 560
336 1779
1795 75
1726 1247
1212 1205
1684 1324
1604 412
941 279
243 1208
1581 1270
905 849
854 374
833 1774
1484 1606
1703 729
1901 1299
595 1130
1246 1485
1524 1464
798 1602
1898 43
1998 154
1920 673
599 1135
647 916
1255 906
1700 1475
520 1982
105 1286
447 1386
915 1861
1280 1825
1510 984
764 548
275 349
717 1141
469 985
93 1774
458 543
188 641
417 167
1913 1815
1536 265
281 1354
1237 1933
1698 859
60 643
367 665
845 894
192 1160
1115 605
1778 1632
1527 1113
926 1633
1132 855
1952 1158
1242 896
1269 306
1179 583
1911 1260
1475 966
1801 1356
1006 112
1713 509
1271 1679
1536 1176
1988 432
209 1137
1767 1982
1214 816
134 735
1274 649
330 1481
1055 777
630 759
1521 1195
1621 333
1260 233
1991 1490
1566 1951
1942 681
1707 677
284 1014
1167 879
1566 169
939 155
234 1466
387 410
1530 523
662 1051
975 844
392 1384
488 1445
906 58
255 164
1352 775
574 1256
745 1145
721 145
259 457
1572 1731
675 618
1635 1602
1287 698
785 1200
698 908
1809 1081
155 1069
676 22
1035 694
595 1126
774 1180
1785 1264
385 938
1168 689
306 1781
1958 1763
1046 838
1080 1876
902 500
96 1102
753 1877
293 363
1001 220
1736 1121
742 1834
1722 326
601 1556
100 451
1786 38
1793 317
54 1542
1419 848
1896 1843
1579 1351
1188 1186
267 1414
420 1269
155 1379
1367 155
1208 317
1066 1292
1899 24
755 1783
294 427
1981 1752
755 129
357 229
1560 6
842 41
1902 1375
1410 1372
215 1856
1254 29
1725 1466
845 824
714 832
1306 1579
1625 610
1470 855
905 1533
1006 1307
1110 1984
1274 1329
881 1543
1832 1502
1737 652
1122 1100
668 1356
577 1496
1218 759
1344 1373
1454 244
559 118
1705 754
1204 122
1059 1432
244 294
1062 1754
224 586
1232 1687
955 406
1338 642
1276 1230
255 1587
1514 1403
1402 1591
653 1210
506 581
1771 1667
511 1307
1485 772
349 1759
378 1206
1605 1278
489 760
321 601
1364 1332
64 926
1089 1916
1868 95
428 265
380 1493
1373 994
1818 334
8 453
551 504
1863 1474
1230 1578
1022 1510
744 1710
1869 1138
411 1953
1280 1886
282 955
1502 1573
1678 1654
1093 299
159 1638
944 804
904 282
846 1434
1393 1751
1329 620
803 1993
199 1306
343 529
413 544
267 1575
1720 1942
862 770
531 861
412 919
385 608
1804 25
804 1534
244 1864
1271 1828
541 261
1766 1094
986 1764
831 239
1878 1452
1558 877
16 178
183 1144
416 891
21 715
629 71
696 1334
1164 47
283 1011
678 1500
1560 543
549 1161
892 999
911 929
22 188
1622 1353
1691 1290
1413 1936
1240 1888
1513 1281
550 1940
1119 1670
1694 540
436 1569
1232 1626
712 1139
1129 676
738 162
1903 1679
1590 1464
566 1358
530 1698
125 923
949 1870
1585 1964
1225 845
18 1311
1906 923
1187 1383
1451 1489
294 1242
818 1570
1912 227
1385 1422
965 199
280 1637
311 13
1799 884
1533 262
1024 1919
1770 1772
712 331
1090 4
238 1144
1298 413
1471 1395
1438 261
1970 642
624 1979
253 1738
1675 1482
1963 1953
1023 1736
1956 633
1433 1933
1751 62
398 700
1445 1977
860 77
290 1186
1523 1313
699 1365
653 44
365 1298
922 1866
1261 946
765 925
1179 1540
246 1656
586 1947
339 640
1773 528
1390 1635
111 339
183 1347
671 164
858 244
524 53
1255 524
1294 1096
137 1899
927 1620
1916 1795
1997 1978
512 1749
1888 503
168 1324
756 1746
1004 787
1373 1360
24 475
1314 1687
1318 1027
929 808
859 1941
1258 953
929 1076
850 105
1897 233
827 60
1946 1385
1771 1691
1534 1398
1266 1213
903 1246
1546 1052
828 1776
1710 1345
1491 596
1809 246
38 774
1948 1477
1052 377
1233 1946
1306 1813
1902 1021
881 1101
568 834
367 418
415 290
1164 45
1044 1998
1266 835
1059 1544
140 33
1597 1794
1781 1420
414 1910
1835 1626
906 1378
1559 459
695 470
676 390
117 1308
777 1309
1341 1548
1505 517
1806 557
290 1990
1061 718
1430 354
1296 223
248 935
813 784
532 163
1109 442
1402 1706
1026 1165
601 1902
1024 1972
60 1127
205 279
1697 1120
379 1303
1237 1494
1289 861
357 249
1254 568
918 1250
1679 803
1810 1320
1852 1112
921 1233
912 5
1095 1004
103 1193
582 58
918 308
1218 485
276 1058
1237 1757
1305 840
1736 286
606 344
664 1106
297 675
421 1229
894 632
826 975
906 267
344 1321
1742 1101
1992 681
1609 1666
1939 74
149 6
18 1757
122 1509
540 1392
1295 815
1228 739
572 1167
808 1768
1360 1118
595 1141
202 1657
1428 1876
447 1427
1735 1879
1140 722
878 1144
470 737
1381 1649
1901 1397
1268 1735
686 1286
182 833
1116 70
606 1054
1068 1674
580 1177
740 829
1178 960
917 1051
1157 610
642 1450
1303 11
24 1089
1710 1942
916 478
1385 202
1472 53
890 160
451 1331
558 497
1877 1454
145 1011
1088 685
1236 615
858 21
663 1461
1091 550
1618 1024
1511 1101
515 653
437 1136
218 1767
428 551
1007 659
1811 1059
849 1514
1427 1679
1285 1962
724 537
631 618
1212 1415
1627 726
249 114
205 794
1674 1565
1785 820
434 365
481 584
1947 1842
347 1996
733 378
96 1786
1351 1705
344 1456
893 1359
952 127
1613 1799
1338 1157
1498 353
254 1128
282 1201
1509 1170
1025 100
287 1285
1343 1456
1586 1569
784 1040
1539 48
1881 464
1097 311
1856 1266
1854 1291
480 1292
1550 1040
936 1162
363 830
656 360
1274 1019
426 1287
1900 637
913 763
139 597
1062 1807
74 606
1877 1174
1391 1763
571 856
474 217
399 1286
1671 568
1894 807
1917 1593
1791 20
685 1856
669 1501
174 225
1046 1439
1899 613
513 736
1522 329
1418 1476
938 1200
878 1159
1815 1073
370 292
952 1068
157 1467
89 1646
683 951
776 760
1520 1409
1552 1309
1446 1683
297 74
158 1370
1313 228
66 85
782 676
1819 207
1135 1215
498 1548
457 1025
930 1163
1358 1332
937 568
1510 1540
258 973
406 1820
852 1824
749 775
589 1362
811 1288
929 474
1298 1370
783 806
1170 785
96 1660
1365 1838
1709 269
1972 1367
83 1591
1975 1308
267 1282
115 871
1314 478
545 1824
1494 164
12 1553
488 47
1425 1392
127 1458
1469 338
926 1381
1270 87
571 752
1276 931
1954 1395
686 224
1395 640
1524 911
879 1709
1430 967
1915 436
950 862
714 837
1824 1792
588 1662
1544 1173
1977 687
1834 1205
1220 1273
1311 1415
1054 1462
940 1701
1268 739
541 573
1449 1649
69 1948
22 785
1026 551
222 23
1858 1902
1646 183
1503 902
1518 1145
194 612
1462 1211
1931 1936
1838 555
1655 148
216 1071
374 893
1775 1052
416 1624
171 931
1657 1252
1665 281
909 461
1927 1304
559 37
339 1657
1095 836
47 361
129 1780
1255 300
907 489
1578 260
1337 1842
817 673
531 313
1577 663
260 1415
493 1914
1959 190
1196 1260
717 1004
927 200
1553 721
909 1252
949 563
556 1134
1742 1642
204 1675
1657 1610
1352 334
520 1608
1238 1472
402 913
1942 804
1527 552
1630 915
598 1051
1159 896
1881 1208
69 164
1023 162
1591 698
734 1524
829 910
1157 88
410 1924
60 881
569 1619
402 1492
1615 390
1349 1285
2000 1497
948 715
1820 184
1064 623
240 170
1087 1611
1204 1908
941 365
405 207
1304 1237
1881 842
1415 697
1456 1125
1623 1933
1816 1453
791 1432
271 796
829 1540
1969 394
1667 524
1741 580
239 468
138 1775
1208 213
1777 99
359 1963
1123 228
915 203
333 104
562 194
129 779
1184 818
717 1961
64 27
1826 1386
799 1146
514 1807
1761 1165
1768 281
1037 1075
1584 1975
644 1233
446 1200
939 882
1919 280
12 796
580 400
476 1790
355 641
1149 1806
1976 196
210 1146
61 1257
1981 115
1930 1979
1229 1113
1023 25
79 945
596 1878
1080 48
1489 166
60 775
226 1466
838 135
574 1761
917 564
1219 217
158 1240
1831 376
400 856
11 1393
1895 1938
361 932
1529 414
1430 970
1193 1420
812 768
42 231
1887 1650
227 987
1259 606
335 259
788 1302
1828 1033
1238 1898
646 1335
1552 299
1236 299
1754 1036
213 1293
1909 1607
1622 1158
1298 592
158 1668
1776 486
397 1880
1428 422
1306 1686
832 1915
932 97
459 1389
1160 737
958 888
596 550
68 701
1602 726
1675 1108
1477 1482
1739 1592
112 664
901 1540
500 890
1410 573
648 1971
321 616
1455 921
354 1684
1464 1858
857 1293
958 834
1849 1813
598 1703
1002 1467
44 1161
236 1669
1418 1361
1272 723
435 997
869 1012
474 21
779 919
1186 726
442 1227
1622 1539
334 685
266 255
362 1806
191 1149
1682 1941
73 728
820 333
767 1978
1786 199
741 1187
1448 1170
188 455
1440 326
127 1110
257 1870
596 1192
534 597
972 270
544 1455
1870 1624
1434 1340
278 1631
1187 260
1607 1089
1241 1989
287 184
2000 1986
942 537
200 1212
888 1275
827 331
86 327
1123 1725
365 1831
18 1869
570 798
778 1422
112 378
1346 849
1820 1460
614 1856
688 991
1394 1302
848 1825
1187 155
1160 1201
1749 1674
556 1629
123 1809
374 1306
1513 1583
1790 1380
468 1643
1769 998
802 1256
445 1388
782 1190
721 1746
311 998
221 1519
1876 824
425 200
1925 1587
425 552
1294 1516
886 34
120 159
53 788
1748 795
1729 631
186 1526
631 1304
1127 427
194 1926
1703 562
82 267
796 1887
1903 612
1106 1820
1666 1866
1168 557
1566 1065
1923 1115
10 1190
1792 1563
890 1565
893 337
196 1987
1886 895
1686 1371
1141 1115
1741 941
586 976
188 1579
1313 1854
977 1011
841 1326
866 1506
991 1527
47 1329
1619 1627
748 1639
307 763
849 583
29 1267
495 1112
1569 1564
202 646
678 1275
1270 1821
187 1789
1378 1055
491 1969
1120 979
127 606
1872 698
479 1727
1245 1498
1869 919
857 1022
1143 727
1491 1043
859 418
667 1838
1165 1627
410 898
357 239
1255 711
1954 1853
319 1962
716 1859
29 1469
457 927
918 762
795 1600
795 223
537 228
1822 1823
782 540
1541 1927
1825 1174
591 1228
1992 272
919 332
920 1540
533 1564
1589 1413
496 1595
1103 1754
610 352
165 1120
1460 1281
144 909
1000 1987
1024 1378
1866 1742
612 1562
1100 1671
1865 979
1876 1542
788 763
1640 1363
1188 1403
1581 944
1489 298
896 1959
979 1322
112 1981
848 1922
307 1321
278 1601
1804 781
926 1564
481 1818
1981 550
1158 835
601 183
722 1014
503 105
145 835
1972 1636
1915 1098
322 115
754 877
1256 376
106 1411
826 1327
267 793
387 301
1223 1469
916 1350
559 1134
518 535
1456 44
1916 1800
125 248
1617 1652
1974 1977
1042 1049
539 992
134 1162
1066 1641
955 1878
1461 1641
573 57
1022 1582
652 878
1254 1570
386 1177
976 1154
632 1679
1352 1322
1874 381
1108 131
692 23
1965 1114
226 58
420 1681
1324 112
1008 1905
594 491
192 1541
1108 548
1362 1138
485 1740
24 254
765 1636
30 385
1403 222
1491 1537
421 48
587 1680
1586 326
1706 1989
1208 760
1279 318
586 569
475 1514
1948 299
1462 97
547 1518
84 362
736 332
345 709
1918 1740
1983 1977
420 229
1069 1791
639 1312
1752 80
1140 1135
145 1208
1241 1645
108 1933
711 1256
1105 945
1205 556
1547 1242
335 1203
1714 602
702 533
1515 1266
835 1799
956 1914
1192 752
1522 648
1628 959
914 1432
1981 628
954 436
254 1064
31 1442
1157 498
263 325
1170 1154
125 1473
1742 385
946 1211
1035 269
1557 385
851 39
393 972
1545 277
715 1195
883 1525
1701 532
727 147
1054 851
947 1169
1147 1118
1420 1721
1834 1918
1304 656
226 1699
1360 468
1350 227
402 1364
956 212
495 1047
1727 1042
194 639
271 1270
46 1617
642 1089
29 677
665 1508
830 1523
1927 69
1526 1666
1817 10
1763 1096
943 197
1465 1623
1351 937
1466 396
1771 1624
1404 1351
1656 1747
606 1507
1769 1017
1307 767
1468 693
1092 1663
1075 1818
670 886
1886 1196
1241 1102
1228 1765
1288 104
826 727
1841 633
133 1349
634 352
262 124
801 818
987 368
8 1942
5 507
1352 147
547 853
1586 1770
504 602
1533 1001
1501 1182
1817 1998
322 358
124 1773
1134 1101
463 1271
966 1833
670 460
1704 591
1438 1731
804 327
281 1117
1649 510
1342 929
1317 1686
1749 1950
202 712
656 1825
1206 1529
1919 1953
1972 1470
634 1386
566 797
1835 1769
819 719
1044 755
898 1173
82 1191
1619 222
303 1704
73 181
594 1288
1464 497
983 1696
434 1128
982 1411
446 475
468 1316
668 291
1007 1585
1164 962
1971 673
1192 1831
1246 1767
65 156
349 1924
1658 1541
1146 1700
1655 1436
1950 1091
274 137
972 772
1419 135
1281 1515
814 957
1590 153
1344 284
79 1294
16 1892
299 1119
1518 1357
682 1525
1668 596
1675 247
775 1852
1451 1236
1370 1295
1751 1646
251 47
479 409
1886 1486
1286 540
446 1599
1474 1002
957 1459
602 1114
1556 197
666 1709
841 715
372 1797
1444 37
885 1208
1479 1473
1882 204
1609 1166
1978 977
1436 1520
1086 1062
1908 1950
1304 730
1863 1090
314 254
1053 57
1284 1798
264 1727
979 1441
1073 148
1729 539
949 663
853 1939
1602 1095
574 1226
1144 219
586 1121
429 1424
331 73
433 579
1549 936
181 765
1178 1165
1616 1842
384 503
1122 1317
1316 1733
484 1871
1222 1984
1853 1173
1433 348
1362 224
740 308
1476 786
789 1020
961 1335
506 1441
749 60
955 770
1157 1992
137 1012
249 245
430 789
865 984
1337 1778
1582 184
1540 415
687 1107
536 1529
691 382
1142 156
691 1323
1597 643
736 827
918 891
1863 358
432 911
1133 462
1325 777
56 1610
128 1867
1734 746
826 1556
284 1955
297 1987
545 711
1330 1420
172 371
476 511
1051 1553
713 1480
1633 1923
1941 104
1185 1513
1700 1715
443 378
722 1348
377 1223
1028 721
1089 107
199 1669
1944 306
441 1811
890 1418
1864 920
406 265
640 1900
784 768
349 160
766 1528
121 17
613 1596
1469 1200
457 1797
1836 1189
924 165
1215 976
434 11
134 1179
1149 1899
1768 183
1217 247
1121 19
1449 447
1422 344
980 1716
1134 1864
589 1805
1650 1573
597 331
530 1049
1303 1668
298 560
996 1121
1247 1826
478 1911
492 273
1799 1919
699 935
213 54
404 1589
785 153
1143 1262
994 1717
352 1088
569 25
1034 915
186 1597
1049 967
1673 1711
1869 430
655 1028
1555 681
348 1349
1159 679
898 1012
747 624
1908 205
607 1039
1127 1450
1337 1548
220 90
462 1666
478 81
861 216
1925 177
1219 297
1267 1830
740 1194
1924 1263
959 204
1991 1000
243 1108
1889 1203
913 1383
1957 1019
1789 530
999 1714
993 317
841 1280
124 723
1440 288
1450 557
738 1601
425 1403
1976 1370
1024 1240
322 1880
47 803
1347 160
204 1761
446 208
326 1416
921 843
1895 325
1448 216
1614 1733
1518 1267
1446 465
839 90
617 502
1410 407
526 217
228 512
1075 1391
874 2000
438 229
151 1099
1602 480
885 613
10 710
1422 1777
107 1906
1472 1544
135 233
835 1861
1096 66
1453 153
660 1316
1824 843
1802 1128
1627 432
505 664
941 1725
68 731
1053 1222
760 1497
1785 1306
739 1892
305 119
297 1254
1069 1526
359 1609
1159 639
391 846
1559 626
86 1345
206 1937
1135 341
1110 329
227 161
297 1394
1351 1005
1762 1682
334 1989
79 1556
32 135
1814 905
858 1796
506 358
1782 1802
478 556
1457 1298
125 656
1344 1677
1966 1203
1267 1639
202 1893
1979 210
182 1274
1718 181
1142 1124
1510 946
1889 628
1859 154
815 505
440 1580
1401 1211
966 1422
1861 1734
216 17
309 101
124 690
1480 1319
130 720
647 147
34 1243
1509 1859
265 1818
1571 275
1407 1133
1076 1588
1354 1364
1827 459
1766 106
1925 1568
1315 987
169 1041
90 1725
1976 776
1441 1039
1761 843
264 943
1334 1275
1950 999
1548 1307
137 1186
716 662
1542 150
388 1031
558 1568
1552 425
1558 1071
573 134
856 1307
1416 930
1786 820
197 716
447 1036
194 1077
1386 291
21 94
453 74
1692 1620
1166 1940
704 1091
1954 1218
1905 305
301 1170
1799 904
1805 900
1735 1359
200 1665
913 185
736 649
1455 1768
1450 523
1371 695
1179 1747
1329 79
472 799
616 274
619 105
1353 332
1653 481
1093 1579
419 516
1831 657
700 1463
590 1699
1330 360
1828 865
250 1086
1029 1643
607 783
384 1994
1514 911
531 1807
307 1736
785 1685
1851 1815
84 903
1986 1754
1009 1766
552 1747
75 736
693 484
399 690
1456 1982
820 1591
210 29
975 1345
40 1045
747 1807
822 1403
1068 95
1761 1482
214 584
1285 902
1061 1734
768 588
338 727
1446 1809
1565 122
307 1261
508 689
655 1136
1562 479
1659 824
1806 1832
1066 732
1761 808
976 1956
1654 729
967 982
950 682
1750 412
637 572
1616 777
978 1919
823 481
1751 953
538 921
268 67
1698 349
1828 94
704 1628
1390 1842
189 1450
113 106
168 1776
1830 779
1408 1811
1904 1953
799 608
1952 1197
626 1485
1464 1916
792 1993
258 261
259 316
791 1583
1973 1961
1776 1279
519 104
1642 105
1010 1793
1883 89
1215 1067
1290 35
1059 1573
774 1814
690 850
1667 564
315 1560
475 611
727 1906
1841 753
1616 1197
222 748
1771 99
1832 654
1529 796
1094 544
1940 785
1724 978
1661 1647
702 279
1183 500
1717 1302
128 380
847 1966
301 519
1013 969
1507 933
183 1555
1997 1406
195 877
981 1542
596 1955
1228 657
1860 190
1965 1852
126 1861
909 956
182 1887
845 599
240 809
419 252
979 1815
200 1919
1162 1571
1096 1808
1654 1552
1839 1107
1186 402
1142 803
1504 167
915 1138
1945 1220
1740 1987
372 771
1906 1799
592 766
1162 382
1985 1663
823 1596
167 1212
978 610
1517 936
409 1410
1053 1368
263 1402
1354 1577
33 614
198 565
399 1898
1621 253
351 1326
776 1982
1337 1699
1226 1173
1383 183
750 771
1039 783
160 1321
1123 1122
760 1322
1481 656
498 95
1960 1550
1385 194
1539 1288
1013 1942
1215 1275
1501 165
1648 165
258 731
1381 1338
1965 469
1192 741
405 898
857 708
683 1884
1751 966
911 1071
897 910
1159 1863
1581 883
371 1937
1547 105
559 714
1708 438
397 48
533 63
227 585
205 1083
1089 1954
1505 1666
1272 660
1014 1582
671 942
1783 1795
1264 139
1189 1323
1801 960
1252 1067
840 899
271 631
1716 95
257 496
1804 739
107 1391
672 331
1903 1814
1340 672
1194 1678
1771 89
122 41
1652 952
728 476
1667 1618
1730 771
1588 1389
1838 1636
1272 107
1681 1805
678 1391
1646 1871
576 680
961 1554
390 1477
502 512
207 151
279 139
1997 1046
1790 588
1466 1570
463 1608
1928 48
1605 1137
754 535
617 1247
490 398
54 602
1406 460
1545 798
1943 505
367 992
618 150
1325 862
88 173
1921 1379
1271 716
982 1652
1847 1457
86 1018
1071 144
1787 741
1565 1280
1905 991
284 1288
339 1113
1510 497
496 1894
1947 487
453 1841
1562 1371
259 1033
16 1945
1608 629
69 1166
780 738
45 1728
1696 1020
1266 1576
821 700
1275 1494
310 1036
1768 1625
1685 1276
1657 1670
990 635
1970 473
1290 1993
652 1104
1573 910
228 1346
1658 211
746 1369
168 1522
1469 1954
693 343
103 1251
1521 1625
128 536
1116 1918
1796 122
1201 825
1178 1640
1635 1406
1603 1034
727 893
239 1457
1727 905
374 1252
1324 830
46 95
342 1108
566 1019
784 1045
1433 1646
91 1618
244 1641
1167 1995
1089 999
470 1584
1626 1121
356 203
981 305
1815 369
964 1607
955 1920
1531 1496
1882 1884
131 63
1672 1254
1777 720
540 1280
820 1462
1595 1713
1283 1529
1827 399
1508 581
1682 1239
677 1975
580 1094
897 223
1348 1879
1957 1257
1787 1289
255 121
591 772
1552 1233
103 170
1069 378
1481 1874
1668 1415
1495 1077
1547 1746
1188 1708
1891 1654
1117 1144
1122 193
1679 1723
162 1190
1455 982
1215 1762
287 1125
304 1132
227 1248
961 1134
1208 1747
120 1160
1121 1493
1014 1652
1974 647
332 1897
1972 1305
1692 1387
1830 1143
869 1787
1425 1764
1029 1780
286 1604
1569 1884
954 1403
192 1775
471 660
338 1817
1589 1851
1201 770
187 553
1905 71
834 1213
1202 1638
688 151
491 661
918 216
1914 337
1836 1403
1920 622
1080 285
482 1759
1617 1139
1438 879
687 1172
456 792
136 1180
746 1072
36 741
1292 1883
1527 1726
423 741
1486 777
1756 1216
1511 190
1605 1301
228 643
1456 1432
274 862
1369 295
874 593
893 1637
11 1874
1176 1112
1578 1347
1959 1368
1747 706
169 1908
621 452
1650 553
677 85
713 1468
1062 250
1447 814
1505 28
1941 323
1961 644
1723 1015
748 1092
279 316
309 224
1849 568
1803 1574
1356 1388
1226 1318
979 1620
631 1580
296 1511
378 1973
537 323
864 1432
706 1783
597 322
221 727
1100 966
392 1458
118 76
393 916
1783 350
402 521
1639 1496
720 942
659 1841
938 1179
1412 6
962 1974
1192 288
1114 50
1466 503
670 1781
1430 95
764 726
1366 1687
994 662
1840 1230
490 1797
1960 1709
1850 405
1848 1948
1945 1362
1475 1052
931 1784
196 1091
20 619
1367 181
650 1901
1845 86
334 415
1866 1231
1108 329
162 721
961 1065
225 1797
458 654
1854 1589
1304 840
1284 1605
577 427
305 943
921 647
241 283
104 573
1776 1099
291 329
1871 657
339 181
1719 1467
1283 761
1139 893
116 819
1990 709
1344 845
330 1376
1069 648
207 242
1077 1386
624 807
1772 1847
557 289
1523 62
935 266
43 1326
13 371
1009 1176
433 1507
1128 1326
1459 807
567 919
1878 650
136 627
1199 1827
406 646
1964 1271
1895 479
1495 1246
1333 1983
1247 362
970 531
873 30
1941 75
1249 1474
771 1763
405 604
223 1574
1377 772
513 1846
1551 117
869 83
27 1644
1233 1893
1445 1750
97 1652
1568 240
1430 662
1349 1363
47 929
161 93
1366 953
276 653
1450 1901
963 1638
1658 1719
1595 1055
1068 1073
1325 842
62 1263
151 962
1763 1772
948 1462
733 176
836 1357
711 1782
800 1390
1065 1411
1726 625
1354 667
778 1519
820 1170
1656 397
995 1352
1908 1228
1138 1149
1454 1308
891 955
956 1256
1128 658
246 726
779 1954
1859 1818
1995 1981
58 1697
1344 1146
1342 1977
260 437
1983 1971
625 712
1839 1588
771 750
96 279
390 548
1572 659
1694 591
904 1909
813 525
1287 810
1572 1364
454 1984
725 1101
1413 893
467 632
3 1891
1257 778
579 724
1295 1631
314 364
1936 31
1392 53
618 628
328 855
361 830
1637 32
407 1399
1013 455
671 1144
1659 1813
1926 161
83 1483
1697 1654
1449 1665
1192 867
885 186
1278 1400
1662 910
1044 708
767 1177
488 904
1624 918
1029 782
169 1212
1563 1056
861 406
1321 1548
1002 857
625 762
1820 36
1566 267
1776 936
172 1106
246 276
947 1131
1325 991
1263 1525
1888 378
1103 244
1241 1390
731 1179
958 1721
1938 1113
698 529
1746 1916
1540 566
1744 1953
1265 1081
1341 585
1455 1757
1765 1421
407 1207
934 590
365 865
25 618
666 662
937 23
453 936
470 787
1939 1858
874 507
1358 1266
590 153
1663 1998
1936 974
128 1330
245 267
1391 1246
211 870
757 1008
377 1499
1671 969
1555 1034
1981 1653
291 220
1876 1627
1649 1053
505 717
150 859
1633 885
203 341
1385 995
852 1311
122 1968
1283 474
1242 256
155 1471
812 837
409 53
735 1393
1592 325
1739 912
39 841
200 329
1227 1307
84 72
71 606
733 773
136 1515
1747 1232
1568 795
1050 258
194 1805
553 1084
618 1316
1376 1991
1867 552
1501 314
1871 193
1064 723
1114 1807
1535 1475
1886 317
894 832
908 870
1242 404
839 1395
194 558
1392 1664
1075 1355
215 493
335 1774
471 137
486 150
1184 1404
1417 1417
774 1361
1841 948
1507 939
384 1093
1 1327
1055 1885
66 1898
476 1679
1896 614
484 1514
367 963
1670 1287
63 1260
935 566
709 1643
138 424
774 1939
929 770
410 64
116 636
816 1278
74 859
1034 97
946 644
1769 1457
1087 824
505 1827
893 902
1090 1054
75 1761
1704 1459
766 1128
67 1167
1774 198
192 696
233 657
901 1055
724 176
171 1112
1498 234
925 1921
1200 143
874 1123
919 369
1731 912
1873 149
1688 25
150 1132
1900 935
1127 1903
543 930
658 14
582 1360
609 476
271 1881
139 1240
591 838
610 498
1704 1995
997 287
624 359
389 1290
35 1096
1069 48
1424 112
1761 754
435 620
84 1642
1123 1652
553 1478
1604 1102
729 1878
1126 1658
205 1046
1604 759
1367 1610
1932 10
379 1149
927 805
1593 1
433 23
1304 308
1667 1492
1499 315
1105 1195
1078 1634
1788 83
1472 324
462 172
290 830
1664 1310
1450 626
1492 1384
1630 1078
1986 432
15 1510
1972 1921
1024 132
1766 1241
1253 1182
779 1554
1751 1960
1409 1325
1490 1470
1943 1342
1252 1971
80 1072
1817 1280
1554 174
50 1227
1909 1745
114 1710
420 1696
1884 1350
789 620
666 920
974 613
528 1652
1140 454
1667 1078
396 1060
1728 1233
314 1609
1000 771
229 223
47 1280
1844 1773
1528 1306
285 197
1224 1246
1805 929
1348 1179
809 506
1002 355
1600 677
1930 461
1548 1456
494 1687
199 1582
236 93
1907 434
957 272
848 1935
925 1427
959 1882
476 1303
1040 1989
1767 1869
719 1132
1629 336
682 1989
1428 1908
1369 1129
701 1484
1757 393
223 221
548 202
1882 1989
284 1406
1499 185
354 1375
1960 406
516 1201
118 18
430 487
702 693
1220 698
1998 305
1433 598
468 943
1110 468
1958 1129
489 730
1398 859
947 1560
1907 735
1056 1835
826 299
1808 824
1308 1203
915 1859
1914 574
607 1388
75 1594
388 206
9 624
1884 1081
787 616
801 1672
391 884
559 1577
770 1428
1779 821
1461 1228
301 936
981 1334
1138 1462
1175 1948
1219 579
194 1003
793 271
635 342
1877 1261
1900 1365
767 1296
1939 1623
1994 1544
1282 713
997 862
861 919
429 96
508 404
1282 1411
1239 1178
1928 1958
1443 271
1009 588
383 421
387 998
951 482
1258 427
268 1035
37 238
855 501
812 404
1210 1294
1232 1163
326 407
402 1076
571 1234
1994 1019
647 1149
1369 1088
597 261
760 1343
451 1927
243 1115
250 1668
1586 1838
1923 309
24 94
1534 358
1222 840
1459 1443
1114 23
302 1966
1687 205
1378 237
1439 1774
1998 150
281 1175
1930 186
1083 123
1421 998
462 999
1139 390
912 1630
45 1125
1447 1334
1935 831
792 264
1567 955
565 210
1197 393
157 1552
150 379
845 1066
1339 1688
1304 1604
1677 1251
1241 1892
1525 292
1839 538
1078 1548
337 266
1255 1568
1167 1966
1534 1283
1268 141
855 1717
1853 285
1423 1759
1862 1189
843 297
1556 1306
376 434
972 1266
1671 1356
677 346
919 997
113 370
239 1704
1824 1937
171 1688
1066 1124
1934 1045
793 439
741 1518
108 20
1346 1847
65 841
1670 978
1899 669
1010 710
565 1739
1933 512
1378 1790
1774 1024
1134 1830
367 1425
1460 839
1171 273
718 1921
275 1707
1595 1093
1695 1210
824 1514
1954 1804
232 604
1043 1650
696 393
921 1388
9 520
1266 1947
1940 1433
1514 1064
1328 1319
414 1944
1122 1493
263 1182
918 1047
662 827
1802 985
1162 1351
1491 1456
365 742
1735 1369
1144 1854
167 331
1295 1874
126 441
358 687
898 941
1893 1594
1573 542
750 521
1199 1014
1968 1088
143 224
1927 1193
1564 115
629 820
1956 1188
1789 1851
1181 683
1058 274
1524 1134
1210 977
228 190
1983 461
1889 1659
190 320
113 973
1571 512
512 597
989 1064
382 403
1441 1100
671 1389
1267 1166
652 1401
250 389
286 1602
68 1673
756 217
449 25
1604 309
1894 122
1650 139
755 1010
1828 67
1531 1169
280 598
170 1917
1838 1050
1325 754
815 1439
330 1783
1002 395
1389 1020
923 1994
910 792
845 1828
879 350
7 1863
1709 1565
1511 697
1993 1657
1855 1901
1107 1252
1543 1328
606 1596
355 833
423 1299
1753 1735
397 1951
1369 355
908 725
544 1354
1063 330
1746 1861
807 937
1341 988
1986 171
991 866
1908 1952
1080 1833
1534 1776
846 1285
1770 1610
1842 528
19 1769
305 1563
1008 279
1894 885
79 993
501 1604
934 1459
296 1201
1598 103
1171 1150
527 264
1799 1140
529 1387
1838 291
320 640
1107 1537
1973 1951
1238 1586
1008 246
1906 1114
1644 585
1999 68
485 784
1069 581
1831 1411
801 144
624 1389
48 1945
1207 1519
184 1009
1136 20
1357 108
683 277
1184 159
211 378
98 1972
187 590
1311 986
1939 1443
1877 1881
919 1547
780 832
1292 1531
836 1098
1731 1678
284 1667
791 1525
1225 680
366 1740
685 134
994 415
363 101
972 1651
1935 762
676 1963
374 332
1703 1458
1234 1092
147 1829
1901 1038
272 946
302 804
1051 729
1153 1736
127 1512
1715 1513
1541 523
1743 1575
1640 1701
25 1428
1252 773
1025 176
1005 1895
1453 316
1489 1900
975 1374
823 1965
821 1388
1253 1255
1887 1861
1485 876
114 483
1242 1872
975 761
1201 899
1076 967
222 1765
740 198
1667 420
170 1939
1149 1924
1029 1226
1396 1454
787 1360
1489 1617
920 668
1810 261
1213 1441
1022 1597
1900 129
689 1783
1479 1705
378 194
1163 1181
314 1718
819 987
1211 453
1292 1436
43 675
1701 1272
75 982
1305 447
221 1159
454 184
15 1880
446 495
1523 243
1783 864
1200 1607
283 406
1445 1221
646 680
266 938
411 1424
778 596
976 902
877 1384
910 298
560 297
1955 404
1994 457
1837 1252
431 465
1879 1947
1450 1645
421 1702
612 1011
362 1693
1542 1918
938 1563
669 857
237 1445
1049 854
1716 374
1000 1075
351 1253
1158 762
657 66
1200 1855
1515 1939
680 1646
1305 355
169 1964
977 1617
1178 221
1734 565
1678 1798
933 240
232 1808
1381 929
1865 147
41 1831
982 1395
529 1244
1153 583
1401 113
38 259
1768 1244
731 729
767 1589
546 619
1522 1625
77 840
1258 1136
352 967
1539 1706
190 141
841 1031
1270 1846
1420 1740
1179 279
146 923
1311 668
1162 1446
745 30
1116 1740
243 182
1402 195
1052 304
1174 588
1796 1908
489 129
106 659
1779 259
790 903
485 1135
1487 950
723 610
733 1756
1204 1907
852 850
93 250
1612 236
1583 1791
755 1374
541 74
1710 92
352 1142
1016 1804
1605 208
916 19
155 936
1983 937
1578 98
265 1099
1329 286
1699 739
1925 881
561 695
839 954
983 120
1370 104
711 1970
1363 436
1636 869
1265 1454
1327 1561
715 292
1703 565
1726 320
666 1133
1937 1844
59 1917
1249 92
1974 246
983 850
995 1806
1728 798
1118 493
1488 751
109 1726
584 447
1952 1884
1470 905
952 611
1821 1578
1742 97
1040 1316
219 1998
231 1859
1266 1693
600 386
299 1884
1910 1163
866 1445
308 229
1500 1132
1675 53
1056 1660
117 675
870 553
547 1093
1819 596
1095 1635
1186 1611
511 1027
674 830
1173 807
356 1421
976 424
1156 1771
1099 464
883 1294
1893 852
972 131
18 563
1190 203
109 1952
326 524
433 827
349 286
1109 1489
380 122
1545 137
1851 656
55 1672
1594 386
671 161
1889 1665
1705 556
1737 904
1191 859
439 678
1873 171
1845 930
1655 1429
145 445
1661 230
1219 1866
1981 1761
1049 1906
1281 23
1152 503
796 1672
1889 36
937 1666
1415 912
1980 624
981 929
589 68
968 601
1544 1839
1641 1132
1651 1026
894 1514
304 641
1951 3
279 1511
1342 1071
222 715
1799 1858
1377 17
435 886
457 1631
1624 978
1623 600
1090 904
43 1456
933 488
1507 1668
536 657
150 555
1439 535
247 786
1696 1558
867 407
851 1466
818 1531
1331 1316
1853 20
614 632
1496 1263
813 864
1160 36
812 899
1688 1890
477 1333
75 1292
1365 1217
339 462
740 597
990 539
467 532
1161 682
640 1377
1090 1398
1130 291
1744 1119
354 251
598 1626
770 1252
3 1731
746 1758
1770 508
728 792
327 528
760 25
302 1028
73 791
1290 1552
1138 1340
1286 1014
374 1036
779 66
98 3
1943 1570
1732 1618
1061 282
1111 1288
455 1702
812 419
626 1183
1587 480
399 1487
1599 1413
1167 817
1963 1000
1458 1118
1800 1270
1164 1116
1356 433
1915 301
519 2
1360 1889
1882 1024
956 213
576 1730
1974 473
465 383
631 1511
83 842
1270 747
936 335
661 180
1621 388
164 943
1724 305
889 1951
1647 483
980 1425
579 691
1142 140
828 710
309 1418
191 572
514 1436
1463 861
790 351
414 1180
286 1255
92 1415
1356 1555
1510 1801
1927 705
914 1032
199 1402
172 452
8 1061
1566 385
1829 1459
1341 1749
362 1316
155 892
1555 1941
1478 473
1571 1748
1097 256
317 1591
1230 1232
1894 1153
163 1560
905 221
1459 241
126 79
88 1428
1917 1232
52 199
694 1997
942 308
1548 373
1210 245
280 1828
1696 1609
1209 1230
396 376
1615 292
868 1015
1526 758
489 1098
1213 50
1008 1583
1170 66
1924 1846
1742 860
1153 664
805 506
543 207
1782 1106
508 1455
841 1662
1291 1182
568 1756
733 1878
431 52
1374 1161
1216 1337
1057 1689
1355 123
1785 492
826 1068
124 1205
1195 1035
960 1610
629 1668
1107 402
1591 1208
696 483
636 1539
1723 1953
1339 1007
930 856
1470 372
1349 967
884 1167
1582 799
1634 1522
859 1457
1656 1494
1787 1214
1994 1211
1605 1468
1202 808
408 439
422 705
1037 439
1726 1806
1395 1276
1764 1090
1195 1691
1551 1566
1482 1380
529 1293
884 812
770 765
2 750
1458 1408
283 796
1346 944
1227 1019
136 956
41 1740
577 1288
1519 1445
600 1283
875 871
1895 1689
1845 977
1079 1605
327 1900
1615 1643
268 852
1502 1981
1976 1863
686 756
1322 1019
817 623
1002 438
1198 6
940 607
896 1604
627 1393
751 739
1371 1756
1870 394
1575 679
887 370
1266 869
158 472
328 762
324 1163
1788 50
1078 535
416 1610
27 1103
716 1451
302 686
1781 542
1315 252
834 212
1336 1391
1809 1772
94 807
139 381
869 773
866 1258
1259 940
1260 967
461 250
1314 550
225 229
1413 1843
1787 647
1974 1210
1641 1548
1633 678
152 702
1072 82
1740 176
291 1041
44 225
995 474
761 625
1296 1914
444 1062
1562 1336
896 1440
718 1364
1495 1601
1126 450
990 1058
1934 1188
356 1249
1349 850
1883 99
31 1958
746 337
1417 26
5 1181
1232 1565
1969 878
871 89
987 687
439 1213
1324 1257
318 1128
1820 1009
1877 999
1402 594
1437 327
553 1360
229 1864
1901 222
1192 1096
636 372
639 1932
276 840
983 242
127 1317
830 147
1280 560
1641 1844
772 1059
1194 501
621 1607
706 575
420 1044
1600 568
802 1894
1768 1622
1946 898
1046 41
567 1577
915 1533
224 1259
50 1697
441 724
85 918
1456 1656
801 697
1921 1392
1384 1715
1286 278
1119 1153
426 1435
1177 147
1513 340
1559 1324
1269 1368
845 804
716 1137
1298 1935
68 1423
246 1415
1654 1576
1580 799
1937 155
1737 1978
84 1242
1210 139
267 150
349 311
1036 1228
136 1183
841 658
385 1070
1713 1949
496 150
1839 1178
535 402
1462 1162
1569 623
871 290
1354 1413
214 1005
188 1043
1190 989
15 1659
426 1999
552 54
1679 1250
1795 1122
64 921
1598 513
1265 144
1814 1101
1405 743
1754 960
285 1927
739 321
1060 1199
1051 1376
164 704
1558 1856
963 739
222 459
21 1438
371 1000
1826 89
1984 798
1965 1898
1503 191
1884 1812
468 550
1076 796
1177 885
398 1395
1635 1430
1504 453
1410 956
1752 472
355 633
1174 1809
752 1876
995 252
1386 1920
1432 1070
87 266
642 1740
1416 420
1703 1578
583 828
1803 948
90 1871
600 829
561 1786
327 1314
300 1502
1268 612
1408 1427
1061 1824
1123 309
133 599
1638 757
211 747
1637 1450
1109 56
167 468
832 244
478 587
331 1054
1068 1481
91 1502
801 1180
1076 1799
1049 433
252 1062
741 519
1386 973
334 1424
752 173
640 291
1669 811
1173 585
627 364
1818 903
226 1541
28 928
1455 1051
635 990
506 944
7 830
406 1347
1422 645
1108 1699
159 865
805 335
1630 1718
567 1910
335 793
1146 1818
1088 1473
1000 792
340 1443
1395 308
349 550
595 270
721 657
1569 108
698 145
1627 98
1444 258
230 1633
882 663
1250 981
584 271
386 1435
1682 1450
735 834
1790 919
443 1877
534 1586
914 1726
1059 1177
1803 1864
1130 1961
1093 416
1813 732
35 2
59 9
1621 671
522 314
1285 1511
896 1843
114 1780
389 585
783 689
242 186
227 672
1404 1334
181 1683
1790 1228
1253 1525
729 519
716 1139
1724 163
1888 175
708 1926
436 1053
647 1433
1825 455
1644 1447
499 358
1161 989
243 510
816 1817
531 985
1062 1274
469 1363
1205 1416
1584 1087
758 281
832 841
1153 354
1191 574
1460 1714
148 735
1924 586
238 1834
295 849
11 1579
55 714
1368 1664
1690 358
827 1207
103 818
211 1020
501 1837
1980 491
1568 1449
712 159
657 1887
900 1760
244 1049
714 1092
1757 297
225 1608
1280 1285
295 329
332 824
691 1784
141 504
359 1552
75 1089
54 750
1070 1705
1952 1704
1597 1851
1127 413
1677 1025
395 1857
1104 1236
307 1388
278 1481
684 1687
1715 1829
1841 1228
1789 21
761 1787
1666 1762
1998 1468
1421 1071
1990 587
1509 87
188 848
1463 769
202 376
1029 1826
1599 1176
1563 1352
635 437
1636 1829
1256 896
1671 420
1006 600
1864 154
1734 1515
1210 1832
241 95
280 1926
226 1535
1210 252
1532 225
1742 40
262 1229
984 468
419 177
323 427
1310 1174
878 686
1578 1836
1654 913
738 1597
1667 710
352 1096
794 371
302 1264
356 1152
1620 1757
1874 1218
633 1849
307 178
180 254
1333 1174
1283 11
1141 495
387 928
727 492
1345 655
95 1269
1736 244
699 485
600 748
1238 1407
1961 290
1132 1098
419 1726
708 1239
1795 939
323 1497
663 1344
858 1438
144 39
1076 1708
659 71
965 643
1948 50
1917 456
714 87
1059 1989
1221 1817
880 471
1287 892
991 1561
523 1414
960 1060
1492 1235
454 1832
749 1140
1372 916
550 1695
153 1722
1680 927
1608 1456
759 143
768 1763
851 11
667 329
1815 1806
993 1941
1986 776
979 253
1984 487
1215 1952
93 1175
589 1512
1650 1429
722 646
1326 642
25 244
1723 162
134 220
348 353
901 298
578 321
1493 394
1670 1958
826 1607
1549 900
1142 1243
1102 119
937 55
803 418
547 809
396 1807
320 89
1227 1478
1093 1738
384 246
395 866
38 1171
1581 1782
1126 1307
579 694
25 396
475 1848
505 1663
610 1686
1570 1614
1461 1359
1797 1827
1753 1994
392 1750
1814 1323
1603 509
1762 571
1197 1528
324 1943
328 464
948 1070
1443 509
1545 979
262 306
1636 44
55 1842
787 23
1466 1094
61 1088
1413 170
1305 1341
594 1591
1984 1753
286 404
1997 207
1838 95
152 1338
953 899
1144 1728
21 210
657 1029
639 533
351 1322
1310 1772
1863 1669
1811 963
614 315
958 907
1574 697
1800 1693
1787 1111
1833 1389
9 1754
1676 1668
668 46
921 463
1378 1485
1089 89
912 1983
1608 1442
337 198
1931 1772
1777 850
790 459
1540 360
1272 1530
65 136
1146 1552
222 1101
1267 949
786 570
1159 200
1599 1684
910 777
3 719
550 1180
883 1879
1518 462
1250 813
1473 593
1857 966
1053 1082
618 275
1230 1331
306 1594
213 844
1067 847
692 510
53 655
1639 684
1785 105
15 1280
1574 750
1918 1547
1263 1326
1114 184
590 1285
1735 780
1206 459
1560 260
180 357
1725 1533
1315 860
992 19
1777 684
618 360
135 1331
1062 1483
1426 1726
375 1706
616 436
89 1221
324 1667
1063 896
218 1283
440 803
1170 615
418 136
590 943
908 1305
1364 1108
936 419
1786 652
1514 812
473 422
1142 1519
855 1029
289 1853
181 30
1536 1079
1400 944
914 1905
828 1045
1681 890
999 884
1687 1046
788 948
1200 309
188 988
939 719
1429 984
792 51
1169 1788
1477 144
863 1773
1799 1289
1988 1823
588 156
411 849
1003 1421
871 798
1143 132
1120 1603
1390 960
1234 1394
1897 42
104 15
307 638
1999 705
1425 1721
868 257
1100 1856
104 733
1608 806
1558 1277
937 875
617 537
1361 495
1862 1663
231 1116
1440 1917
1457 444
810 950
1956 989
1840 1471
1489 130
1661 1005
600 1484
1097 172
645 1238
781 669
1678 1808
1909 1200
1005 106
1710 1807
1307 1601
300 249
915 1578
662 1675
536 587
1163 1377
1585 31
1587 1706
922 1010
975 558
1568 165
1247 989
1111 1940
1231 1649
1724 184
1237 788
181 345
1146 1409
1114 1436
633 1716
799 696
108 1068
109 1824
1082 1359
973 815
1408 630
1 1608
1293 74
1197 1659
585 1643
768 881
302 1469
988 1216
479 1349
1120 1033
486 1987
443 1021
1406 1954
526 1789
994 1549
799 273
230 655
1553 253
971 1110
1653 196
1699 1582
1760 156
1037 457
8 1971
450 683
347 221
1956 982
1286 102
358 1047
1421 1720
524 1365
1403 1806
1658 1243
377 744
789 426
1727 1252
53 820
153 1671
344 1162
381 563
364 1022
1128 606
135 1993
0 1915
1404 354
368 1205
70 1382
1395 14
330 1729
529 1481
284 1746
1849 113
620 1566
513 894
1688 1366
746 214
1036 1806
1574 1728
641 802
1096 673
751 439
1887 398
101 1251
1984 871
105 842
1002 623
1098 49
1148 220
1587 174
415 295
1586 458
185 172
1958 1794
1202 111
750 38
359 250
1993 127
1321 1523
1427 94
755 1515
1384 551
285 1028
192 851
1432 1714
608 217
1437 239
1590 1594
1128 83
900 1537
1694 1521
895 106
496 1861
435 1166
1951 815
1030 522
1497 1623
1075 1917
859 998
1873 1356
1868 241
3 142
926 487
475 1588
254 1730
254 442
441 879
1419 410
997 1314
156 867
413 315
1630 528
1921 500
106 1846
1273 696
212 1111
888 651
1381 1637
1008 723
1125 1534
341 926
1969 216
1313 37
107 1684
333 568
1804 1534
1257 1242
971 1965
1637 190
1779 1881
1488 291
1933 35
1587 1085
1903 1745
1278 690
1219 1314
1444 1576
1630 1367
1972 1275
693 1646
1458 1364
1998 488
1280 239
147 1496
1300 1015
1421 59
1316 892
1591 1713
1749 1111
1843 927
117 504
718 1912
568 1970
1853 443
1301 822
1133 1003
1967 1908
1300 1471
259 1620
1695 1850
713 996
1002 1843
668 1310
1589 1178
122 1234
236 461
1950 1582
1612 932
1594 1654
569 1554
864 1890
1946 1210
980 466
1471 124
3 315
762 1241
1796 1199
1734 1055
1917 934
135 349
814 691
615 13
1086 1636
1093 1081
157 1307
1168 344
1081 837
30 901
303 621
1070 998
1422 389
1228 701
271 1128
768 1757
1076 871
1935 1881
717 1930
837 52
1853 1315
1897 485
1898 424
966 1709
929 644
1697 1153
1583 1159
95 404
1252 1299
1202 1292
406 33
976 1545
1198 143
597 1887
684 1153
1049 1642
466 662
1252 720
853 1507
958 1627
662 531
1476 169
414 747
332 1568
1665 1382
1435 1928
1950 1228
928 1818
1407 835
440 1680
1599 1553
1550 660
129 45
424 858
1450 1688
1440 1268
1100 1592
203 1302
708 1201
1790 817
1891 696
679 1260
316 1547
587 1159
945 36
1047 811
1908 1304
590 1973
1098 940
474 241
900 1031
1874 712
1026 1699
1274 1206
1016 1018
1969 1111
1944 748
1864 1604
1156 31
1066 104
945 557
1555 1956
1058 1087
855 532
1990 1030
511 1198
63 1399
1663 1200
1129 336
887 1238
739 1330
1126 1271
155 204
1644 1761
559 1987
1855 154
1810 394
201 1178
842 1663
896 1826
157 1396
406 124
949 357
1668 1380
493 1872
1399 1037
1651 324
1589 1571
1669 305
638 992
1759 1574
676 965
561 31
1597 1853
150 1640
1555 861
720 1350
1191 61
968 883
343 290
531 674
1825 838
1735 341
670 1608
1370 957
1799 1787
880 1624
1725 779
1196 1005
6 1836
47 531
1490 1185
627 355
818 1187
1659 1092
1849 1433
1464 1093
1984 22
1557 120
1177 928
708 412
1653 579
386 962
261 540
1282 1472
651 1792
1052 773
1101 1763
1132 458
1826 753
1742 718
546 1437
360 1520
760 187
1042 1779
302 598
493 1542
105 1013
1723 960
577 1059
1225 1019
261 555
292 1554
1034 216
1377 193
980 1640
17 1605
1584 1373
788 1429
74 435
1398 1862
879 227
853 1839
1829 844
1530 1962
794 418
1424 736
396 1084
1607 929
1981 857
1127 1987
108 1229
1298 1936
266 968
569 1062
1723 1843
1759 1046
1907 814
732 1543
652 324
340 258
985 1947
1261 1742
1243 1558
594 202
97 1890
1478 711
429 1637
395 1068
825 531
779 813
1521 62
1530 680
471 1337
1255 809
506 1744
1913 922
583 1040
396 1763
204 314
467 168
922 1185
1132 1381
826 1366
1046 1652
1364 1240
164 1108
345 472
1254 1944
1100 1239
1804 947
1405 192
119 1040
351 1146
368 1906
1195 499
1621 1391
775 1015
388 88
1849 1521
543 1599
1796 1917
1312 146
1450 1607
1324 298
380 402
1790 293
966 1678
1468 1998
1634 1399
566 1891
1778 1544
119 1211
687 739
1079 616
1934 642
831 65
1623 783
633 1180
736 811
165 1798
813 31
1464 337
1315 1119
1993 1058
134 1276
402 1014
356 109
1172 94
1003 1958
1117 1201
1420 7
995 1691
656 469
1352 1740
1222 561
941 1995
1254 1278
10 809
1792 992
1842 1080
1393 707
95 54
1445 376
1520 1656
831 394
276 1271
838 1370
1656 1964
963 807
1894 1007
602 277
1642 833
127 842
1415 1345
1969 599
1094 1303
1661 1022
995 1963
1006 1959
937 1611
525 1766
1431 1541
351 37
199 741
243 989
121 1476
844 1238
1622 1493
1375 1086
641 180
602 310
1443 1121
836 65
671 567
1716 1486
557 679
109 491
1863 384
271 1706
580 1746
157 1718
507 317
275 487
1929 1502
1624 239
1466 1597
1584 816
565 417
1501 877
1423 1457
843 1176
1604 983
1811 1184
1361 935
209 1442
1131 1747
239 15
60 1464
1879 644
1812 1464
535 333
1435 1055
1597 90
1940 941
1754 973
1258 140
279 144
392 130
1356 95
26 212
358 254
763 585
529 1211
685 1623
16 1227
1150 280
1486 641
3 7
1812 842
728 1613
403 242
683 1167
539 1552
824 1610
392 255
1356 911
908 535
570 744
247 1994
1646 1730
1821 895
1234 1167
207 262
1563 963
971 1100
66 1407
321 1665
250 876
738 305
1535 434
1862 1791
1297 1192
402 1350
1703 1722
1608 20
1062 1530
271 1627
1014 1944
306 693
49 5
840 1564
1450 1383
236 831
635 1601
27 1828
622 236
936 1425
1830 275
1795 688
1136 923
519 45
1958 390
1437 542
1407 1004
598 284
1754 1510
912 1307
894 519
245 1982
453 1088
1791 1794
465 1480
180 1418
222 1252
935 489
666 315
1222 429
1224 536
1207 924
1892 443
26 942
402 1215
699 1384
1088 276
433 1869
1575 623
1796 301
1611 1414
236 958
1929 674
1685 1732
1763 1922
1066 1833
230 1616
1147 1654
1603 1699
1031 925
318 1233
1534 478
1111 1305
458 719
330 273
1304 1404
1880 1708
937 1236
729 824
1814 290
746 1434
924 629
368 1882
26 771
133 1067
1019 1866
1600 191
969 1432
600 251
1653 1842
1061 330
1118 781
1683 712
108 1862
536 24
150 1766
102 1629
1005 1984
1404 722
1148 856
128 1075
1437 484
535 1362
746 769
1916 1491
514 316
421 1161
1220 1996
1323 1232
131 1491
1119 1258
911 1941
1410 1627
1857 834
1790 802
1880 778
367 121
708 1595
1600 1742
1878 1618
1013 1915
463 1841
314 925
1475 1393
313 364
1206 645
1769 567
1065 1979
1364 1573
458 1685
676 1969
1300 1671
