5000
900 1401
1935 1172
1842 959
1933 682
1 794
1132 798
1292 136
1863 1956
585 522
953 546
1017 543
973 1657
489 1396
1320 567
1521 1570
76 1547
470 1005
1558 22
1298 184
36 1018
1440 363
1098 1629
47 553
1950 581
1990 454
1582 1323
340 597
1661 723
1547 1877
1625 430
249 81
6 270
906 686
461 305
1882 1941
1584 1048
1161 189
1343 1096
1085 806
483 560
1516 850
682 1652
717 723
142 394
618 844
1484 332
1155 1569
1026 604
161 841
138 764
958 1559
1305 252
1821 1952
1932 214
269 954
999 1798
1103 290
1609 454
1483 658
1043 1999
1031 1977
1825 1949
773 1235
363 1427
1254 993
1198 820
1531 697
1997 1099
875 365
532 876
726 1903
660 1090
1882 779
460 1185
1713 1917
318 950
1367 1583
883 1205
376 1866
409 978
1881 1022
325 1281
1144 652
837 1529
1550 1191
742 137
170 76
110 429
252 1764
616 1239
781 1481
307 218
889 1307
580 1639
1445 1391
411 1405
1416 1241
127 1382
1379 1645
1181 906
1920 111
1004 901
64 1087
1735 225
379 633
307 634
2000 1312
254 1439
1275 688
262 1433
833 652
1511 1322
728 1035
1134 753
304 626
908 1748
1254 1179
1450 619
1294 476
1612 1022
1810 576
271 1677
68 1814
1399 76
1263 1637
1410 1618
906 379
1999 1418
1287 146
975 1112
1219 1494
1942 26
1171 657
676 1687
1018 1359
1671 137
406 73
1904 1978
1790 1227
1921 1592
1674 549
1284 114
1243 1831
1138 1675
434 1173
845 540
1161 84
1996 1203
305 929
1063 1703
1445 400
423 357
1046 1492
517 952
365 1272
1346 86
299 533
1288 1402
998 79
656 629
803 933
1951 213
537 712
209 432
1705 1865
512 1827
904 1404
313 1910
1258 1628
1892 352
170 1068
1453 754
1471 691
781 790
23 311
431 270
1200 287
1064 1751
1307 1949
1203 1215
671 557
1114 210
1990 319
908 1027
819 495
1890 243
1615 1727
1515 1415
1150 49
767 1284
1504 944
1202 60
1656 1645
1112 225
1131 150
1879 1558
1777 666
929 54
110 1728
353 1447
1542 375
1744 1932
1528 973
958 1448
1870 255
605 812
147 830
1696 1921
1944 1962
1516 1405
1815 75
1792 1974
92 410
1579 1515
1223 1194
498 404
1146 882
816 1442
879 1562
1414 999
882 1907
1164 14
1164 615
260 719
198 214
1973 488
1732 77
838 1461
1148 148
1774 1751
1939 600
398 853
516 1333
829 1479
683 1036
599 7
656 905
1337 1191
747 1426
181 1621
1805 1609
928 886
325 694
1284 613
1676 448
1902 1152
946 417
1473 188
1616 1207
995 1555
1252 423
82 1802
178 1453
1736 909
1466 762
1743 1781
492 1034
1329 297
1688 747
1183 1611
379 1347
568 630
1458 1843
1804 775
1328 588
599 439
1826 1042
134 127
1925 912
1486 1675
242 758
1786 996
267 35
444 992
1271 1947
646 853
39 702
1056 537
1988 478
1545 1115
1099 1016
536 1769
1710 77
1162 1975
1559 1840
1276 1739
1030 927
1996 211
1848 1995
610 1188
866 388
777 425
1298 305
168 311
1464 1877
34 1904
891 10
1675 855
1293 1956
1064 1029
1077 1732
1531 128
1494 516
1738 1843
1694 158
1240 801
1893 1684
1143 227
3 1069
1334 1540
766 506
624 1242
87 1276
1241 1971
1416 851
944 1958
1357 236
1571 302
1238 174
145 919
1174 1012
1793 56
758 1384
1559 1531
1717 1744
1846 1105
463 1789
369 129
1416 1325
1607 609
1275 977
1014 1099
1699 894
885 1579
938 1185
310 1313
1302 1979
1121 327
1937 1309
1083 1664
1381 892
87 1285
604 334
183 1700
1580 497
1715 458
1945 1789
1622 555
1397 1617
1279 1898
30 1342
1244 626
938 473
1805 290
1189 1422
1058 920
192 598
664 623
1347 1594
1124 19
1153 1272
182 507
1050 1437
832 1219
1329 369
1930 152
1297 1987
632 1038
556 435
211 1851
1491 454
242 502
1509 1314
793 1374
988 727
1257 238
1350 207
991 140
401 371
278 1114
51 950
402 419
1371 809
1567 162
754 47
684 1177
219 965
486 1327
955 1549
1402 1241
295 388
1830 223
1385 597
875 1373
1872 72
1158 1234
785 1982
1626 274
194 1683
350 42
1499 214
642 984
815 748
493 1051
1620 1481
16 1506
649 1655
1753 1807
1964 842
650 1834
660 969
625 409
849 479
302 1426
209 1395
1310 589
1879 1401
6 1774
259 1017
394 1790
1604 1594
664 1398
1520 891
541 235
1220 686
345 850
955 106
166 508
1586 1360
1175 1320
1348 1421
627 287
767 192
1819 1147
372 56
1762 531
247 493
1595 1509
293 1653
1712 568
1926 1075
466 274
1845 15
1499 1672
542 1433
88 1226
1623 1546
620 1864
1382 77
1446 1135
888 1158
999 1512
924 586
715 294
263 1942
1687 922
542 1034
1009 15
558 1429
1436 1467
961 510
1781 1526
1621 485
229 1059
1333 809
1840 316
1670 1359
345 1808
1825 497
1702 594
1295 684
1165 961
1142 225
1277 1063
1621 82
496 1188
1529 1070
1892 914
1840 554
1070 1770
287 519
331 1146
1592 1407
1963 313
1982 932
1510 895
1037 1697
104 1941
335 646
169 483
1089 344
180 1963
1961 1314
344 1440
1892 750
627 1550
1246 1536
1092 1730
1899 27
985 1397
142 1145
853 1248
1518 1778
786 965
835 163
1918 1594
1892 369
1555 453
211 1243
1462 95
427 1224
1802 513
808 1971
324 734
1385 1655
786 1921
1161 1858
172 463
1918 450
1840 1498
1949 468
1965 546
400 1301
798 110
1076 719
1903 458
1938 1287
537 66
504 1528
239 1572
1525 1054
1397 141
1433 1456
1369 789
258 301
1011 22
666 1351
509 1547
896 1189
854 1750
1386 1773
1138 614
451 553
1053 234
232 409
635 206
1242 1628
1705 253
1268 182
1659 1188
1038 1769
1313 652
296 40
1924 918
36 146
1583 480
681 38
550 1240
1538 535
1343 1213
932 397
603 1228
198 824
677 514
922 1459
1676 1001
1624 1044
439 11
1990 993
1952 1809
1189 1060
525 416
1597 1520
778 1424
1580 1652
491 1384
1880 1950
698 771
1379 1606
323 662
0 930
1293 669
1497 273
735 325
1593 1819
16 1976
1150 1068
942 328
1078 774
31 365
1335 813
163 1877
211 1268
953 749
1289 382
819 1180
31 1839
1805 1785
1649 1059
24 1941
717 558
1071 683
1931 1023
1508 1900
731 1094
435 507
974 1575
800 1002
1497 109
603 1515
450 216
249 975
862 1394
627 293
416 99
1868 336
1846 1702
374 989
482 1456
361 1429
1937 1609
44 1896
439 421
407 1572
1755 1226
825 570
1737 1949
814 829
170 1901
1876 1213
965 1522
160 1995
1528 40
1886 222
56 1246
1062 101
547 1747
1591 1293
572 1850
1134 1558
1205 622
1656 799
10 349
217 186
1889 232
1905 1113
1074 1189
471 1108
1018 145
40 1134
905 1029
1396 623
1042 1892
658 1137
770 1582
36 1395
479 1376
138 981
1191 853
1008 763
1449 722
713 744
1607 882
1975 580
344 1643
103 127
1658 1433
1771 1487
1892 1628
692 1633
379 920
410 305
1310 55
1174 969
345 941
1351 1559
1 183
1013 648
1400 1022
860 1168
1905 1806
608 1315
1917 1199
1858 377
1848 847
1923 1742
16 1745
300 1114
316 974
931 1768
91 1194
230 474
12 561
382 1749
761 884
1085 1168
553 854
307 81
1281 1366
1429 1617
1756 636
707 1462
647 1259
678 1616
911 338
556 1120
708 1395
1127 1507
548 790
68 28
1099 1400
652 340
1332 1358
385 402
1086 1627
686 1828
478 88
829 683
414 1149
233 424
205 283
48 961
709 1159
1907 508
1747 1904
1771 241
41 1328
1783 1571
1573 669
7 453
1483 1589
521 756
1391 823
1704 795
252 1551
1019 732
1338 1777
1116 1327
240 165
1675 1790
1939 1281
1735 373
1978 91
1673 946
485 532
1948 1232
550 254
125 558
1871 1602
918 660
1565 724
407 138
41 1161
84 643
83 129
1867 600
516 1936
420 1622
1895 1174
101 974
974 1952
1734 355
1653 648
1388 759
450 155
60 1602
1645 591
1271 208
628 819
838 187
608 1987
1697 1848
438 1357
615 169
859 317
671 694
265 898
400 1389
131 1702
1802 1124
1074 836
959 1947
256 981
1209 722
32 763
1324 508
1459 712
1049 1202
889 155
124 267
491 1928
1477 1969
1634 1347
1154 625
1158 333
1768 457
1542 1817
271 229
627 858
974 768
75 1366
1275 506
894 985
1328 1149
1948 938
873 1962
756 1440
166 1228
1220 856
1731 80
1909 1312
1598 832
806 599
1889 649
22 876
1221 1254
1803 457
1694 471
1334 552
736 235
1155 1859
1695 1740
1336 1526
1536 1326
1405 1085
778 595
1930 188
194 1834
1434 1755
738 1420
408 1670
1 1677
1474 766
1133 851
541 506
1613 1686
1978 541
1498 903
256 880
797 1256
1312 159
170 585
1313 1260
954 1338
80 23
692 1355
493 1155
1972 863
236 1587
134 1843
1808 1094
1265 1161
1542 1066
695 662
128 65
1730 708
338 946
297 1223
771 1785
1354 472
1394 1583
1783 1671
1176 72
1551 1691
1631 191
979 556
1643 265
1936 920
454 1923
1538 259
1128 755
1709 715
1992 973
1263 1377
497 1869
377 623
1514 515
1015 951
192 332
613 1656
1993 508
495 90
1243 1318
1624 307
650 687
225 576
1843 1651
1373 871
1582 1600
1425 556
1580 962
1238 1682
341 350
441 219
1211 1921
422 755
1117 1536
655 71
390 998
1440 1929
1946 1729
1681 1543
1480 1015
856 652
154 376
1535 1947
690 1755
1694 1462
1430 1517
342 1966
1128 288
1804 748
1657 1412
1209 1631
1518 651
854 1522
970 1240
1878 66
1133 600
1668 1138
189 572
526 270
1572 27
1177 71
91 411
81 1423
476 70
313 4
1139 1739
1373 506
350 973
632 415
14 269
435 804
1196 989
357 529
1535 1701
536 1307
1007 1431
19 1500
1633 88
1915 1754
923 686
996 901
121 597
761 1403
1505 1022
598 144
640 844
197 488
1022 627
848 1879
1190 1761
1311 1113
853 747
276 191
1390 1824
1123 914
1556 470
223 333
9 240
1402 1476
1296 132
799 1729
1480 1981
1875 1122
1850 1088
10 1239
1202 707
1853 1787
1190 1544
469 312
1545 1446
33 1602
576 930
42 570
215 617
410 1273
26 1833
1291 819
1818 1888
469 180
103 926
871 1174
1705 1907
309 1002
1042 358
1841 1048
154 1462
1368 1853
1731 1246
1694 613
956 539
619 1912
108 1708
404 1882
1343 502
830 1684
1042 721
948 53
561 1127
486 461
1711 1163
1243 813
995 1487
1947 823
681 994
1665 69
296 354
259 989
309 1371
1144 944
83 124
1293 982
252 7
1315 1168
946 16
1346 1242
1780 1414
1679 388
295 1117
877 123
1427 277
530 811
687 586
288 526
175 395
1715 1109
1391 778
320 1205
1215 1624
185 780
306 602
1617 148
63 1365
1709 1085
1347 742
1429 516
1935 754
346 1127
556 1027
405 233
1752 1794
69 139
1698 885
1468 268
917 1714
565 1983
403 460
1521 663
1116 1196
1822 1082
164 265
116 1109
1915 810
64 35
1686 369
59 1105
681 235
1352 1408
552 1375
1009 506
80 1911
407 931
812 118
797 711
1433 15
1405 1178
351 862
1047 1312
1331 870
498 1202
1737 718
241 1041
1962 446
617 1037
1680 1771
521 1863
1901 642
1908 1984
1155 1235
493 1804
1148 816
894 1161
1034 655
1442 1610
1770 110
1416 1809
1138 599
1399 641
1225 769
1655 449
1407 1861
666 624
1481 1723
1173 675
534 1091
1965 1112
183 1394
1547 1915
1241 47
1454 1016
1187 594
1183 236
1291 1115
1446 1938
254 1131
729 579
336 1576
99 1369
1053 1998
695 536
195 1971
519 1660
260 1434
1552 321
413 421
1982 1078
453 925
723 994
322 788
1672 268
1664 1575
787 1541
1090 1263
417 628
1207 1053
896 1883
1791 513
283 836
1322 999
1845 878
1204 312
1056 726
1065 1978
221 1179
1051 1860
1000 634
225 1652
1819 629
909 1275
1235 1648
88 603
1323 134
1065 1762
1012 228
1203 1028
1177 1048
156 1201
623 345
370 497
352 1957
970 1220
1126 1758
666 1383
23 1657
852 61
1117 671
1358 235
1489 326
1944 794
1128 1806
154 1480
187 298
501 868
1139 397
1455 1530
586 255
1922 819
1033 1764
1750 1845
1856 214
1777 920
1616 746
758 279
1978 635
191 935
1049 360
57 330
1655 432
311 14
786 1723
658 1171
1806 1361
1977 1736
1680 1608
1857 1178
1627 1594
419 934
1519 92
1425 181
1983 1416
1561 556
1780 680
359 975
247 1642
835 1863
1824 1963
1928 1258
1179 1275
1164 181
1854 679
710 750
61 683
369 622
12 1914
902 1738
770 682
892 1120
1408 13
1492 1634
1991 28
912 1410
382 1533
1280 1485
861 1909
1931 1693
700 1319
1451 981
649 1072
1968 1211
63 956
304 1799
849 1463
423 1490
408 1651
1205 1449
711 580
1427 17
420 1077
806 1505
86 506
377 1043
328 716
1535 1412
742 1987
1691 878
435 1911
650 1229
1737 1831
405 1335
1760 1309
54 1045
647 979
257 1014
1935 1131
1798 769
559 1885
1238 11
1526 977
1297 546
1821 407
536 1388
1842 462
1021 519
268 569
185 36
1547 1783
223 120
1269 1267
1697 1673
294 996
811 783
88 1405
813 334
218 843
1209 1572
1354 95
1570 653
1634 242
703 1624
1559 499
1055 1764
320 1115
1795 458
662 1287
150 1788
1137 1910
1720 521
801 1598
1767 916
198 1719
1674 181
657 1959
1567 185
1228 1398
1276 1557
1623 1886
1446 704
950 1064
1245 18
432 1668
320 725
915 424
198 1839
950 567
1825 309
1078 459
1656 271
16 407
81 331
1838 1664
97 1808
1098 724
1945 856
1974 1544
1758 101
1957 1925
1614 986
1424 1941
228 58
1910 487
1579 653
1445 1252
913 506
694 1422
1859 281
1603 1555
835 1613
406 1096
584 750
1897 1205
1150 1378
1359 880
974 929
1289 885
466 1328
562 475
402 42
1187 1286
1052 1758
1980 304
1145 402
1343 1778
1689 131
1246 267
602 772
1113 348
1711 4
1603 434
27 1591
246 43
375 1000
1311 1290
347 1902
610 280
733 1789
1499 1143
1086 1059
703 1997
1958 1647
740 916
1349 1385
1070 1402
1442 1352
565 772
1308 1188
1338 369
1012 1465
1925 1988
1683 801
1491 639
877 1755
1539 981
1373 1292
696 1876
674 767
1380 252
572 1827
266 945
966 227
1259 972
212 1770
642 1342
789 452
179 771
277 355
253 561
7 302
1187 1179
1997 184
1064 590
863 559
1926 1539
1559 560
1400 582
623 966
1838 1895
835 1030
1889 196
625 190
1670 1777
1855 1383
1290 1270
1610 1318
1159 1208
526 88
1795 1714
1212 1398
217 1270
1493 1643
56 1057
770 1856
1688 580
748 922
154 1155
592 244
1528 710
727 857
1637 1586
563 279
1880 308
1173 12
957 66
986 437
1316 1892
957 1295
823 1807
889 297
673 1110
1552 1058
1428 1537
1468 1032
475 320
1599 1339
385 270
736 743
347 1272
1944 187
300 973
1172 1968
805 888
1152 41
410 1482
1911 1696
1036 1303
1699 1233
627 1478
487 233
1927 1436
1453 734
348 22
1500 954
1381 781
463 1585
1063 835
201 516
1134 1119
287 1780
1174 1795
1845 1724
385 195
1802 75
1077 504
1645 635
748 490
711 1335
1130 536
1010 344
274 10
1502 1640
1226 620
882 1277
342 275
201 948
1116 1006
1109 1722
66 1221
1355 622
1182 132
1865 1604
805 660
1060 1315
653 1533
924 839
982 573
481 437
1676 423
381 1560
1777 1139
1774 360
510 1041
898 785
800 588
314 1523
1161 185
505 1105
1055 1756
1827 43
871 1017
1752 1986
1941 503
1712 1964
1945 1362
443 1047
1195 1032
1423 1003
928 715
1497 796
888 949
816 1483
27 1599
365 655
329 278
1001 240
919 1992
975 565
25 1000
573 589
1259 665
480 1848
1011 1374
194 423
1567 351
1647 1682
475 127
1274 13
912 1237
1671 811
974 1404
25 1558
1244 1812
233 1244
1511 196
571 404
690 128
1911 923
1857 1043
1090 221
712 1190
1813 1399
1146 474
379 1843
291 1093
1932 1774
74 1162
1428 1229
1519 467
13 1874
243 1971
1998 1224
1172 1802
798 643
257 660
1115 1579
1704 733
1448 241
872 996
483 181
1369 1320
1287 1768
1076 191
284 1670
70 309
1783 171
1332 150
1823 1156
1749 1380
1963 817
187 37
1926 1125
1043 1928
1298 441
672 302
1796 554
1207 1368
1126 1830
1078 1915
487 845
710 1602
578 1426
1939 1159
528 211
1083 1537
1388 1837
1804 509
155 1888
899 1979
383 68
395 1652
1746 1749
1168 1052
655 652
519 159
566 587
1170 1724
1576 1501
119 324
718 604
1046 1811
708 1040
754 97
532 1462
727 1358
1451 1088
231 924
922 374
446 704
1455 293
622 1796
1547 326
169 522
65 1214
1921 590
217 666
883 1730
1888 1933
559 1289
1642 152
204 173
1649 446
69 791
1373 251
197 1808
360 678
355 155
1746 1636
891 215
602 931
12 32
1795 918
1854 1248
135 360
1760 1183
1851 1319
1656 463
439 1977
1991 441
1193 401
1205 1555
1120 285
1367 556
1980 597
1421 1426
705 955
373 948
1007 46
1652 241
227 1221
1362 173
1704 343
1365 114
1697 381
854 1559
1161 1700
1620 1705
1381 1964
1004 501
48 466
358 1221
1350 1069
896 1123
63 1745
922 904
1744 96
1942 1299
1443 28
747 379
415 1843
1405 525
1443 1301
393 1764
1122 852
1051 1736
370 23
1986 1153
851 1600
1094 462
746 1776
4 386
706 1005
801 463
1558 401
335 1358
866 1991
1630 51
1260 1606
522 1055
832 593
1544 175
344 140
1910 1945
1402 424
197 698
320 1022
849 1163
1572 1357
1658 660
1998 187
255 1026
683 75
1274 1342
1097 1882
1450 645
898 1907
133 73
1094 202
1727 97
1174 758
679 1032
1776 713
659 622
1412 876
796 429
825 1392
197 674
349 1658
296 890
1609 1201
1788 1232
1871 343
518 119
404 63
735 1355
741 697
108 924
862 519
1984 1645
1858 1833
220 811
1917 418
895 455
1159 500
1159 1548
1061 210
178 1119
411 1829
146 432
702 304
567 1570
1926 1093
772 1843
1288 735
1843 1335
126 1630
1835 612
1907 1193
1696 189
1227 654
135 137
1511 308
1874 1833
367 701
277 1806
274 719
988 242
405 1939
131 900
1456 1180
883 1222
1994 1206
387 1113
1257 724
1304 180
786 893
935 326
1831 265
104 1811
906 504
872 993
222 413
1182 1791
141 1257
798 1481
199 1584
101 765
1855 1622
361 1821
1525 20
556 79
1638 1090
1291 445
1254 1092
107 201
1007 595
546 713
1780 1316
1954 125
419 618
1514 619
1938 1379
1519 32
363 258
748 1907
1616 255
815 1016
770 344
1268 1720
97 1323
547 1215
1504 905
892 1607
856 1453
419 1973
351 1528
226 1559
750 780
1644 353
1870 1431
797 1522
202 1053
1484 1622
1501 300
369 1299
1607 1593
563 977
631 132
1467 1572
1362 859
204 1378
1637 496
496 102
460 732
552 906
724 503
1650 1646
166 1323
540 1906
493 1895
162 561
1986 1463
385 1078
1285 980
251 1664
1602 256
1095 382
834 561
1926 606
636 1533
389 1348
32 1687
1711 1678
1114 62
849 915
524 281
829 764
1393 1887
488 1800
1468 378
1508 1046
846 1073
1265 1469
785 549
561 612
1979 1950
426 657
479 1885
831 1971
1538 1923
675 1083
127 60
1451 914
90 1945
622 1108
1524 720
159 916
781 444
1142 1624
816 1549
139 1391
192 1998
1175 73
1239 497
429 362
1695 1272
1221 160
1187 1510
433 138
1050 1782
1255 1814
27 861
828 351
1078 1491
939 1451
380 559
1559 1243
1678 1310
208 738
1173 1607
1816 270
1986 856
1809 1591
1065 1240
1830 519
27 876
305 863
931 1939
188 1551
925 1694
747 1734
690 696
402 136
277 1524
1271 513
369 1621
1859 1772
554 1901
318 600
1557 393
1332 1694
1350 1957
802 1331
212 40
1380 489
577 571
1132 1620
1559 597
1176 589
575 962
1136 497
216 64
799 207
710 751
1884 1903
1899 931
1228 1833
421 914
1934 1160
396 1605
1976 472
235 688
1547 1572
1985 305
1809 742
1574 1308
1827 106
1826 1704
1483 1421
1729 630
1871 1571
1363 1461
375 1157
1137 827
1374 1768
361 1986
903 1959
1784 561
1450 288
635 1889
838 1175
1593 1936
1941 1877
522 834
497 1803
153 1140
1211 563
1589 1043
1252 408
1430 500
1709 1831
1462 1683
1023 514
1157 1739
1227 754
290 0
963 408
1990 920
1655 1694
286 989
1649 1904
1438 512
1956 1143
155 605
718 1771
1883 1207
51 1985
295 1480
717 1716
1964 495
1222 692
1585 1303
577 1135
1417 1802
1662 1684
1341 984
643 160
765 1090
1838 505
347 1278
1910 1774
1565 1868
1252 530
1749 492
1483 1201
1335 343
609 1728
165 181
219 795
1014 1279
1631 1350
1318 434
991 253
1250 1919
1906 1138
66 400
999 1676
1963 486
778 769
1367 1532
1792 509
758 840
491 115
413 1689
1005 576
1242 516
546 1050
1442 1875
160 846
1687 1009
173 445
671 131
1712 1937
768 1875
33 1275
1856 903
216 627
819 1536
1007 144
1176 197
1497 1732
1966 271
694 215
256 718
1632 1286
533 1075
1964 1774
1816 822
1897 266
173 1211
803 1915
1076 1056
108 866
1391 420
1335 1122
345 1868
811 1236
1289 770
735 210
753 368
1044 119
1322 1736
1196 977
1334 345
1647 399
1023 1855
194 1898
403 711
104 1654
1803 1636
774 824
115 1146
1322 1134
1395 84
777 996
1811 894
1526 661
1835 607
1546 221
997 1129
1291 499
1587 214
611 904
277 1765
1084 243
72 1502
809 263
72 1269
1930 659
597 1118
925 702
530 945
1423 137
1542 1954
1130 1588
728 1045
1693 763
441 46
1874 434
533 796
1778 1868
1981 1299
650 1267
288 756
46 1429
1194 1573
1478 1226
1354 1392
475 863
1929 104
1046 1583
1786 370
1597 774
1573 1580
614 1760
1813 291
691 457
1542 269
988 996
806 1202
1617 1243
698 38
851 1656
1035 124
1716 1665
1074 1260
932 1340
435 237
951 1607
68 1545
388 348
1855 915
630 810
1953 350
1079 494
20 1449
1669 351
1815 582
1732 456
127 1352
24 426
1320 1294
778 1695
943 715
517 1566
1363 131
271 834
1123 383
76 159
807 1492
226 1600
1993 1415
1028 725
1737 420
1565 1062
533 60
126 1905
1548 1691
712 978
1684 285
1151 962
235 215
102 428
1572 1878
1164 64
107 1764
297 287
934 481
1438 467
1167 1962
1271 1633
1054 254
1199 1757
1702 695
1417 553
1882 437
654 1946
1859 1967
1085 467
80 1951
1998 1430
1023 1082
488 747
1364 1877
694 837
252 1455
1699 454
1364 771
486 1588
1735 1598
656 1647
1104 1647
102 1719
1505 128
202 1557
1273 962
853 1557
278 1872
1015 1814
1894 342
1655 110
1823 1100
765 90
1269 1956
152 95
805 1893
1328 915
110 352
540 627
33 174
1944 1947
1767 532
1874 420
1411 1326
11 1838
1895 1301
1011 1676
231 1000
200 1833
708 408
997 1000
442 49
1959 788
1610 1646
1393 1816
360 863
546 157
1647 1388
1295 513
1655 1705
1251 504
1454 1904
1755 1656
500 1592
633 46
738 634
1797 612
782 1889
304 1849
1757 1557
435 1414
588 1748
363 784
198 752
1637 1154
268 260
1376 285
286 313
1297 1446
1760 783
1107 1151
1371 287
105 1692
1573 80
58 1697
513 1390
1382 1036
1206 1585
1376 31
1481 1331
1416 120
1007 461
1831 1410
115 1683
1336 1134
907 184
1248 1658
1523 700
970 1852
329 1122
361 1970
1171 1518
1282 979
1437 993
825 1664
19 239
1007 726
466 939
1319 1419
1969 1937
439 958
755 1770
865 1073
1334 1886
1736 816
876 1826
877 994
1161 1117
1502 324
1229 1776
103 1497
1942 96
872 400
273 1763
807 1607
844 1509
470 239
609 251
603 856
1878 761
412 1071
1178 837
296 829
49 499
1074 1420
873 1598
721 1477
791 756
457 1525
1496 1653
1039 885
1941 814
272 1644
1709 1285
1406 581
306 1694
963 1931
1245 923
1982 895
868 1545
1423 374
938 1107
58 1039
7 325
1905 183
1918 1391
532 1916
1890 1385
1828 1599
536 1797
595 1855
1480 1975
789 1595
666 1831
497 285
1866 21
1447 373
411 982
919 401
905 404
1081 280
494 1234
1186 1355
1387 343
586 973
1292 1802
193 1118
942 1256
255 1755
110 216
1157 1988
540 308
6 797
251 1115
917 735
423 1855
1279 935
459 263
1535 279
111 651
200 1280
1662 632
1981 1293
841 356
1112 565
1206 1042
1925 1128
1385 1820
1887 1499
636 430
1664 123
623 1297
1058 396
1119 1855
1338 705
1484 1546
863 166
1677 570
1602 1955
1113 1067
1349 374
1157 1231
1717 1870
1417 1245
939 824
1299 1394
866 581
836 1205
1962 804
1184 372
1076 1288
775 1114
1182 24
1396 1355
1083 4
1654 1466
1582 537
326 172
112 1024
1161 912
196 1359
1930 1715
563 251
1076 601
1167 1403
86 836
143 1397
1820 624
444 943
895 1025
560 1914
752 1415
929 666
530 1644
105 516
35 166
1152 483
810 528
642 210
876 202
52 1790
459 794
359 1553
1109 800
48 521
957 1520
1434 1875
786 1259
49 1778
1631 64
1532 72
1243 1453
693 604
1192 1285
1995 1072
321 1155
1268 1042
1828 1737
139 1179
1066 325
524 1128
686 22
447 405
840 1016
727 1502
440 865
1962 1980
66 1824
260 1108
1627 1560
1384 397
1806 1246
174 1494
771 540
386 132
1393 1999
865 1550
573 390
628 359
915 1266
547 1472
29 1504
1873 842
1430 449
1859 1604
437 1655
253 451
87 476
302 1642
1876 657
1358 1157
204 1728
1607 1524
1354 1837
1478 826
201 1318
103 901
1539 980
1593 1232
69 1300
409 808
1167 816
1782 1422
464 1553
941 934
919 112
680 128
751 1135
438 1288
439 1484
1968 505
1021 223
406 1450
480 1426
1644 1279
1203 662
1121 676
1205 1064
887 128
1041 960
728 1742
889 1335
215 499
1956 1612
1790 1398
2 714
883 1018
1913 1515
317 1539
1233 1137
1809 854
1564 252
1202 434
882 83
312 964
712 677
512 865
1555 525
22 1414
331 1793
1762 883
1301 1995
861 744
1106 1110
1415 319
944 1226
809 1426
46 788
1493 789
1218 1566
117 1640
950 1403
441 1290
851 1276
1158 262
173 1421
1382 855
756 1993
1884 99
990 3
1227 1627
1384 178
1539 1791
125 1841
414 1943
549 1418
669 1504
1669 1455
22 1852
1915 374
1243 610
1688 925
401 1874
1706 647
1026 53
1142 1921
1747 1757
1064 43
1696 807
77 320
761 575
310 424
34 680
463 1751
845 258
1471 957
1339 1700
655 1733
116 557
1418 870
180 368
1409 865
1130 157
101 1056
1263 1803
1356 110
497 241
1328 772
1953 483
1844 1787
1117 839
1617 1562
381 488
453 616
1762 950
529 884
679 1369
400 821
918 1334
715 1183
1784 859
662 1482
395 346
1525 1126
1121 854
1829 1409
1876 1039
868 81
1324 1812
591 1144
472 1212
118 853
1934 633
1014 528
411 539
811 859
1578 242
2000 222
842 607
1296 1290
310 947
1042 757
690 8
1811 1955
1350 1787
744 9
1650 805
321 758
337 7
23 242
1638 390
1666 732
800 521
510 136
646 1241
480 1154
115 1002
1583 891
1629 1388
598 962
184 1547
1720 609
1180 545
1173 4
1223 1901
1343 1745
798 1145
1088 405
597 726
1636 375
1628 299
1635 50
1626 1727
1986 169
943 684
1617 849
353 1738
1831 288
395 128
1367 972
1325 55
985 943
521 1529
1540 1819
528 1057
1455 492
1177 832
576 661
553 1452
1277 28
531 1205
1895 1943
319 1983
825 1776
1282 187
534 141
1412 597
1780 384
500 310
1656 1383
731 1108
1064 1258
1316 911
1297 1476
78 1408
1461 513
1653 1316
710 424
307 264
1833 748
180 1001
1097 78
1685 268
964 1405
1680 1102
1561 1326
532 291
1682 1445
1826 1095
1699 826
1393 580
41 1317
689 1951
480 1926
1170 777
688 1559
930 321
172 1817
1632 1680
907 1152
1885 1110
1930 79
653 1199
471 703
34 1372
1273 1326
1161 22
598 217
1277 11
1375 89
895 1989
826 1910
1101 1840
193 761
138 866
1572 1462
508 1053
902 720
518 1365
1867 1965
116 1290
581 1903
1938 1266
1487 657
315 1069
737 974
383 1534
1902 538
1983 409
1763 1042
1808 1032
641 1003
517 1001
1958 154
1377 911
708 1842
1040 1643
190 1976
773 999
1789 1253
1557 271
1244 969
226 745
1127 838
1187 1853
1318 844
295 72
1475 1058
57 394
1235 966
307 1787
614 598
697 477
1499 794
1269 442
1811 873
365 457
1242 562
884 1651
1816 344
136 1263
1107 1014
662 1066
443 1985
415 639
500 1522
1998 1647
442 1821
1882 1400
1651 342
1743 1346
1664 243
1145 334
935 135
1471 1484
79 1192
345 1810
352 340
1082 864
1450 480
1394 1972
1031 79
1635 941
545 5
1221 1411
309 211
588 1713
1455 264
304 1022
1087 1106
1869 1878
639 1570
1548 933
568 819
60 1590
9 1964
803 1286
1265 557
1790 406
795 1930
290 338
520 1244
1188 1633
1842 576
1220 1109
1029 171
781 142
482 1719
946 1397
1275 955
480 640
1825 1899
565 1306
911 621
1450 327
1270 1625
418 1796
987 1429
1537 505
851 435
517 254
506 631
949 851
1065 757
1397 1159
1499 1905
918 1415
1058 164
1752 791
686 608
1182 1478
702 1295
1070 318
173 1866
1937 1999
137 1827
1136 516
1601 890
1 1082
276 105
1877 718
1313 1885
614 32
1866 603
1195 1659
1360 1883
955 252
252 212
1447 1342
1643 78
169 1970
802 1423
1614 39
1860 21
646 1745
211 846
570 1976
1314 1866
717 580
335 727
1616 520
1256 132
23 1618
1249 1327
889 42
1147 1161
1847 1089
1253 1680
703 561
1319 1087
870 1920
1647 1039
1947 780
1031 64
707 1262
743 577
1514 71
107 122
1528 143
1190 1319
1631 114
1265 715
1713 1712
1881 930
1036 907
1456 503
1908 955
197 919
95 1469
144 1527
1644 877
977 63
90 1332
1328 1667
11 182
1081 91
1825 1840
1916 1115
1393 590
1803 1113
461 524
1770 1962
514 1818
347 376
994 922
1777 731
51 235
1503 1185
458 916
1891 1535
986 489
1073 453
1614 399
1108 1300
1185 1759
1310 450
51 1248
287 1035
1098 1405
1126 1678
1865 1884
1196 552
558 314
459 415
477 700
629 1743
1603 421
1567 421
28 589
613 426
758 1770
1375 1384
1183 1521
1711 1548
1128 1041
375 1496
1110 950
770 1031
1627 202
1105 543
1491 1287
155 1514
437 1471
827 1297
94 1703
173 376
684 1656
1743 103
1706 31
674 352
1601 573
1869 1105
1942 366
441 1714
173 1852
616 1047
1480 126
407 234
1286 1870
1900 1462
600 652
1969 28
1824 747
525 964
1057 78
316 1381
1397 295
739 345
1103 940
1620 1202
504 849
764 310
0 27
388 31
711 927
274 222
1504 1246
172 649
863 1947
400 312
257 1506
1195 599
237 1599
1223 1943
827 1556
1851 1005
1810 19
1772 1592
1547 1095
545 1795
42 1964
1047 1075
1408 1571
1696 375
690 1657
799 1734
320 1279
1383 559
547 864
245 87
181 1136
976 1542
1499 1445
1162 465
1463 716
911 531
296 1477
1711 1475
434 1838
239 1744
401 1077
698 923
931 39
1152 749
215 245
732 1284
158 667
640 766
320 1944
73 407
1970 142
32 1810
1766 1914
403 24
1813 316
15 1503
1311 86
457 1626
1225 1460
1298 1763
1919 1142
1174 104
1747 1499
877 798
1482 1090
278 321
1009 823
109 585
1785 1462
1723 697
1950 1726
1852 803
958 566
1499 79
949 602
725 1622
1825 244
84 823
186 195
1404 984
1004 840
249 1767
182 686
1992 835
532 1834
1804 1074
474 1541
1682 34
425 1956
465 1239
811 1552
1466 1406
1971 612
981 1684
1304 238
934 984
598 1320
1827 1146
130 332
1743 1345
272 964
1717 1940
1068 549
1944 1284
1312 1508
246 768
1641 1184
1765 1222
1903 86
1088 1491
1807 1558
1455 1768
902 1688
98 541
619 1209
560 490
1328 167
1410 190
1695 825
1140 1479
1459 263
1609 1854
869 596
1205 1691
1965 1916
1126 530
125 200
1019 1209
1093 1612
1642 732
1564 1706
1269 1861
1705 1262
1045 418
1835 454
361 1605
1717 1667
590 84
863 22
1611 684
1450 1482
1861 1922
489 1462
859 276
218 1354
340 309
594 77
91 1385
479 1280
1273 1893
1117 265
932 926
1808 1095
377 418
1438 1581
911 1442
1987 1201
1673 501
1428 1412
1846 1783
1201 1395
1169 1203
1779 401
1297 474
1043 662
1741 879
1156 1189
642 1183
1653 1480
28 1416
1436 515
891 436
120 537
1204 786
771 1540
566 361
1575 1708
145 1453
864 760
839 1375
1523 262
1679 1713
1094 109
460 1742
35 700
1332 1319
335 1853
1031 265
307 1649
1886 1182
309 1927
517 551
1860 194
1002 1442
1220 637
1865 191
1621 992
940 1861
1709 1894
451 196
1371 341
640 1200
744 1531
702 1271
1944 892
1365 1421
183 1285
1772 1223
298 17
1064 700
723 1639
1006 37
1804 1671
1975 1798
551 213
868 248
888 1861
102 892
1641 40
1770 602
1143 468
1177 1952
828 16
702 1600
1434 301
550 99
493 397
310 1370
994 1527
668 997
1416 719
1915 828
1706 176
1268 978
1783 342
453 1773
851 1121
116 1296
24 1293
1103 42
292 1227
1422 186
867 505
404 1860
1366 157
1394 1258
759 1496
1550 1776
537 1800
619 1103
1156 995
1214 1377
1115 805
654 1551
1989 756
1672 1252
927 1469
682 1354
206 1618
1821 1880
321 1667
108 943
1472 194
1367 646
463 140
987 1787
1988 40
1256 591
214 282
790 820
212 1184
1226 1252
1114 1002
1457 992
1352 957
1255 1754
617 788
571 942
1370 426
598 450
1649 953
795 1462
1575 1323
629 1393
791 620
886 881
405 447
1683 1968
1424 786
1949 19
98 116
1405 540
1732 1374
15 1631
1292 490
1810 1694
370 1999
1217 1902
795 1823
1805 706
1784 1045
573 750
1642 277
482 212
319 237
699 1000
408 432
551 271
1217 172
434 1785
1895 519
884 1150
63 1268
257 1799
768 477
25 409
621 1437
60 1629
1534 579
941 502
1570 1058
428 54
753 1255
267 257
1452 19
538 1245
1397 577
1047 1623
778 414
785 1662
1402 809
275 233
1804 1410
167 24
1706 189
1161 321
560 415
1784 1724
1537 579
134 1190
1626 1382
160 1841
1171 932
827 1943
1479 462
968 1233
517 1671
1220 658
1524 1186
1780 531
8 307
889 1499
1695 1493
914 840
330 72
1750 1941
253 276
1106 241
1558 648
120 1437
526 230
1615 476
237 755
638 1319
105 240
1038 59
551 1350
229 1188
13 86
571 450
1937 1438
1185 1415
1851 1535
278 1326
684 1218
18 1605
1597 1292
1699 896
1553 1902
1602 1874
51 19
1401 252
1408 870
688 186
584 158
440 567
125 207
429 381
1001 1124
1934 1003
874 896
652 1201
737 1575
292 48
1838 1276
642 975
59 1972
254 856
1716 675
1075 1795
1514 747
1222 510
1189 1243
115 1898
1451 992
195 1381
1976 1147
758 505
443 1271
1018 1816
777 1289
756 888
1915 156
599 1165
219 897
1176 298
684 1724
1133 445
850 193
1246 352
1663 161
774 1094
110 1240
1302 935
547 180
741 1751
1696 1741
1070 717
1641 1598
128 415
1506 1318
1228 50
87 452
760 19
1820 1955
1142 1463
1510 1704
594 712
841 733
826 1758
1154 1870
409 440
1610 1849
1732 935
848 1885
812 838
915 1249
957 1057
1365 1368
1538 911
1081 1216
37 840
1946 62
1621 1951
251 433
1019 1210
1723 1312
1093 150
701 456
678 646
656 1217
377 1269
1488 1428
1973 1094
1511 1690
23 12
630 1311
121 194
1307 1529
1194 226
1483 290
877 852
1346 214
1522 954
273 295
1597 424
288 424
1551 489
1627 784
896 903
906 3
1178 151
1558 1722
1277 1302
486 440
329 254
1203 956
1193 1030
290 1730
212 1510
1352 1167
673 1116
962 331
1977 367
1920 29
882 103
1437 1433
1215 1783
1679 313
968 995
1441 1399
871 391
1530 1088
1244 531
1665 220
52 1088
706 333
1175 590
1275 690
1148 518
1094 636
663 1198
1738 600
1264 1218
1284 17
264 1577
58 1881
1612 1455
1322 868
1351 521
1710 1174
1286 1102
1235 1008
1562 1513
1261 1759
643 1137
1213 1352
1310 1980
688 1743
1023 266
1467 783
54 1656
453 462
1140 48
669 431
224 1339
698 708
509 1584
1637 1394
254 46
131 1665
423 155
1577 987
735 492
1108 724
1127 35
1108 1993
508 1323
1115 1113
809 332
406 547
1492 1104
540 1449
259 481
1276 3
1652 961
1447 1978
1484 1099
786 1498
918 259
827 635
302 1229
1784 1856
1696 481
1509 953
932 613
1891 1172
1248 427
1203 719
1620 749
1655 91
1145 915
407 28
733 1451
1839 404
927 1090
878 1615
1420 979
1109 126
643 634
1973 1636
1434 502
1589 71
426 947
1808 1899
122 1239
1079 1927
1000 1653
1658 298
1557 441
291 1359
1822 1203
1888 1976
1388 1228
1214 725
1102 1002
1162 1889
1398 755
1376 456
1825 109
210 732
1286 1836
16 1383
844 197
291 1285
1792 1460
1474 50
1093 1608
857 432
1366 1884
1191 1412
1260 1478
693 1599
221 1959
195 1129
982 1184
1174 717
142 1161
1199 1099
1847 957
1108 1666
553 1571
693 1650
1720 209
167 1053
885 821
1125 1905
251 692
437 1864
1098 82
923 197
1140 694
475 1865
1652 454
1622 1802
361 1280
1506 1042
931 1359
468 1035
1688 346
998 228
1647 472
1469 1851
956 1276
1060 1410
131 1294
847 1664
1175 1980
347 210
1219 1244
1440 1274
449 262
308 217
577 454
1824 179
238 34
717 1735
415 610
257 391
1844 313
1666 845
480 1516
1991 1988
951 810
1107 591
1312 1098
590 460
1064 925
714 610
118 589
1553 1728
1549 442
69 981
1209 1887
1837 190
2 1835
81 854
521 97
1491 351
952 737
1080 1825
540 165
110 1358
1031 1066
1145 376
1277 1060
152 832
927 1845
321 1522
198 634
1568 1723
355 1001
1749 356
698 668
336 41
901 1772
539 86
1898 841
1461 1592
1727 1815
1976 1111
768 345
595 406
1451 1998
1680 1796
987 117
1881 337
1514 1905
1504 1750
1339 557
192 32
631 1765
815 1751
331 1085
402 1499
648 471
1665 567
1703 81
1378 1120
719 558
653 1971
462 1649
880 137
1557 1062
217 978
1774 1169
488 1508
245 916
104 479
794 1531
1783 868
227 336
1957 1692
874 116
333 1095
508 1773
975 290
1268 583
641 674
468 243
28 1228
1351 1015
589 411
938 1587
80 260
1168 662
723 663
231 1940
900 1036
847 651
726 543
1340 1758
792 1930
271 1849
211 703
1882 422
510 203
894 659
71 1520
584 1849
777 729
188 121
384 601
1200 111
1604 191
999 774
1281 196
89 1766
1853 819
863 259
518 1994
1732 259
649 144
848 202
902 1257
448 642
1517 837
1309 1137
700 1700
507 119
264 152
1007 1569
1773 1414
481 733
502 94
1610 458
1176 1289
889 1397
649 1433
231 1147
1228 1862
338 1443
1247 1224
1673 212
1833 1647
1414 319
904 1254
347 887
1781 267
1492 829
564 1062
809 1989
1946 1541
1487 1150
1548 1047
643 1548
1783 781
1799 436
1766 1520
200 698
419 196
1751 1397
891 706
482 1776
1880 644
865 1054
216 1047
516 52
1170 1387
225 1964
601 1740
1281 1812
1283 1842
1904 807
1979 1917
1561 1314
1526 339
816 1694
406 999
388 685
787 543
839 684
1585 1673
1772 87
933 1944
981 143
276 1177
1097 751
1180 1813
1650 169
201 554
1493 1314
1904 587
2000 1451
1770 1278
1665 1870
1308 1947
861 298
870 1406
1043 1201
1029 1532
651 1402
679 1805
1808 992
1910 1444
851 1660
1849 886
1790 195
932 1824
1469 1929
1503 843
1934 146
813 619
1968 83
923 1570
1291 1123
1234 19
51 64
81 1010
234 1136
497 1240
413 704
264 1316
420 1511
501 470
1994 105
885 192
1662 870
1894 793
1927 1820
986 968
1387 436
1118 758
749 315
1075 730
809 1554
1133 771
431 108
215 1
1992 948
1331 1374
376 1258
937 1351
171 1858
1988 686
8 1357
200 985
586 1170
832 824
257 734
897 49
341 1002
1454 571
334 1194
699 989
603 1874
177 1515
1440 912
1390 1140
1591 908
918 1020
590 1304
1905 1077
1562 1478
1931 529
1138 942
700 1578
1753 952
443 1937
1285 428
715 3
430 1651
1326 1726
1215 391
1709 1568
697 387
1808 1353
550 1014
1942 1880
512 583
1143 1928
1590 1835
1999 388
1741 52
962 709
722 344
314 1905
985 506
547 1395
627 175
1603 254
751 1715
1329 235
1714 999
141 967
296 1789
760 711
282 218
1558 912
1657 1856
344 291
674 1632
1966 6
134 1605
1143 267
1004 1528
1547 1671
578 1400
1974 1529
133 83
1540 439
1485 760
1212 1511
1754 893
302 295
1169 1351
1461 1211
1572 401
23 1285
495 689
553 763
1641 313
503 1748
9 1398
383 74
615 301
1780 1998
288 1504
1508 105
936 987
1881 1801
477 138
774 1120
38 1661
1125 562
1451 1241
811 79
1818 1438
789 595
385 832
1563 165
397 107
1217 1239
1269 854
1197 1268
27 1315
963 928
1736 448
1783 1923
1941 708
1232 461
1686 607
1772 101
697 1454
1826 1390
1632 377
1125 203
1020 569
693 750
935 156
58 539
333 399
569 36
1171 523
66 932
699 1245
1829 353
32 909
1468 57
1236 1428
377 1273
1418 1294
1829 968
973 267
675 238
1420 1015
1605 505
221 1518
1396 1890
383 1578
1635 303
1058 1413
621 110
1054 1906
1093 228
749 1199
1047 1316
919 1588
366 620
1304 1950
443 1547
1910 1994
1169 1038
389 1514
1007 986
1972 1080
777 1876
1902 453
1188 210
1016 1843
1640 1646
278 1672
946 680
385 852
28 736
1475 1973
1070 1298
1437 1138
220 1579
358 1497
66 250
158 505
472 1301
1669 1528
771 641
1236 119
1862 621
1092 1796
1517 957
1468 1085
653 1230
1641 1774
127 858
106 729
778 555
1425 1513
1688 834
1045 558
1430 530
143 1823
1724 990
1265 1976
1417 944
1898 810
1311 1121
373 1097
690 1525
30 213
1625 927
688 257
1659 1763
1309 128
1996 891
811 530
461 404
1993 176
563 1495
1370 1575
1841 580
1476 165
925 1328
954 512
1334 1781
912 1967
978 528
1917 1785
478 1839
1153 1231
1897 96
528 896
1745 1049
942 665
1328 1555
1472 1223
646 1661
1372 396
385 75
1931 179
792 1154
1011 1106
187 366
1272 1197
547 427
1116 1174
1255 362
1574 1960
814 1761
1998 93
1040 866
1772 854
1284 128
1150 1576
335 1885
1621 593
1503 844
1423 105
522 215
1707 1021
658 974
1932 293
721 1507
1665 1265
150 1696
557 1048
835 428
1614 1135
325 1702
834 801
132 108
1094 1834
768 733
1241 732
612 54
1650 1439
1129 1214
1231 451
1437 224
466 201
733 174
226 1998
1903 64
83 669
1983 1204
107 1982
959 1464
328 907
48 1855
1063 52
1679 774
897 412
1261 1561
69 1479
843 1961
1534 18
1015 1995
1632 407
422 111
1854 1859
154 923
1305 389
1066 1791
964 355
1899 840
932 1768
1480 358
277 1695
1289 1705
1116 1872
1659 1672
1756 777
343 1006
692 1075
1467 918
838 1982
1084 1820
598 917
648 1029
265 365
1107 748
1524 619
100 976
279 441
1621 1510
1117 67
320 1166
1121 490
1081 298
1739 1938
1398 1718
1503 1763
136 1988
609 1381
974 1638
289 401
492 950
1225 339
1886 462
1028 1877
381 932
354 259
574 839
654 484
1897 1763
210 1885
1865 1804
1207 290
1649 469
1971 732
1592 1712
1271 1786
1160 1717
1588 1380
1791 922
1503 1979
84 1756
1689 1535
675 1571
1204 1997
1823 1225
167 1620
58 1196
137 1034
1502 381
116 523
1237 132
1174 1923
683 880
1601 958
123 1207
127 980
1923 1800
1576 476
821 372
747 1900
581 1659
1519 1793
63 315
1349 1780
1246 1623
1834 1840
1579 1935
330 404
161 916
969 992
271 151
1706 1406
524 544
1491 1041
446 403
359 281
1510 1981
1908 956
1759 584
1496 1495
616 473
615 1233
893 296
1449 354
1561 316
1199 807
784 637
438 852
1150 211
138 1431
1118 1319
1487 64
1112 1956
23 1498
1053 1275
1605 409
1849 1864
766 1455
372 928
275 266
1565 482
777 1828
1407 349
545 373
788 326
761 291
1372 1319
1073 594
1934 1860
597 1147
1794 214
1264 1438
1600 697
374 574
1774 1547
42 71
936 2000
951 1551
1813 1386
1363 1048
584 1455
608 1480
1574 1253
1614 866
1652 1162
1163 1531
1757 292
749 1635
1304 411
1849 1596
1883 1298
621 669
1479 1942
1680 1659
646 962
1420 70
564 494
1059 283
1448 1241
975 1152
325 355
428 333
348 328
897 192
1235 22
1735 1290
1194 962
222 406
334 1257
1771 1402
1487 613
1907 1181
1109 910
558 904
1695 936
800 727
1516 1280
1480 871
1012 97
54 978
620 823
979 1021
607 1076
1441 31
900 1630
1808 1078
746 1436
334 428
1933 1368
662 471
948 476
959 330
95 1364
1434 1244
1398 1868
1167 351
184 196
657 1981
1406 1036
1036 453
1174 1987
1039 757
431 198
895 1507
501 1475
66 873
299 1129
298 1564
453 792
1188 1907
464 1955
1021 979
652 1555
1892 597
1771 1446
16 1113
1481 731
1915 150
726 668
751 1421
329 554
331 743
1719 1868
1910 926
1389 479
1122 1210
1099 1795
1499 1554
1738 990
1214 307
956 797
37 1605
1470 1076
1979 1913
378 806
465 285
1583 756
993 529
1556 136
33 443
40 436
1190 797
1237 623
1795 1542
235 1083
1747 1612
1754 1574
1557 1783
1673 96
985 1258
1476 1075
1129 1706
748 1396
1217 262
1633 1635
370 1217
1442 939
475 1085
528 234
1430 1099
536 1017
408 1688
1641 1481
636 1608
366 949
1289 1481
808 1473
697 712
568 1981
1340 1200
555 410
355 1547
1255 1343
889 21
1963 263
620 265
1038 266
1465 1167
1812 925
1031 251
1576 1071
1982 1047
1775 564
1081 1166
248 525
1170 1079
358 808
966 370
73 1514
1842 1562
1130 670
1926 1047
533 558
1762 1123
1040 1980
49 1495
1874 472
883 1966
1408 280
1921 1130
1899 381
567 736
828 1831
100 1797
1679 298
1225 1751
1725 1143
283 1292
1444 1403
674 1504
1948 829
1679 247
1595 1078
132 1246
1878 77
346 666
1746 1048
1074 1595
1725 1885
1944 65
1694 974
312 1049
804 599
188 1575
1846 90
1461 118
550 634
670 1662
1375 1207
849 1242
299 152
226 1974
1496 1037
1735 288
1981 1380
1676 264
293 445
1369 1409
1346 1665
379 1701
1943 891
1819 463
135 1214
380 324
239 1471
1244 1851
1195 401
1855 1480
352 904
62 822
1101 1038
1622 1954
1487 140
51 583
112 694
960 300
220 1848
502 627
125 181
29 388
1512 1147
1268 1899
1726 1252
1170 930
1058 463
1381 1762
1784 1998
563 353
1396 475
1469 1285
67 1332
410 1802
681 1744
1435 563
549 1336
1080 1971
475 150
530 180
175 940
1245 1445
1900 904
620 881
70 1422
1303 32
1282 956
1604 947
945 623
1586 1780
1951 1840
425 297
1798 1429
1984 566
1032 777
121 161
850 1347
27 1359
1920 1330
1984 1561
1893 327
829 1618
10 599
1914 323
448 1867
265 64
536 632
605 1498
865 1573
417 509
1108 1878
332 500
748 1288
1308 92
1524 1391
1958 504
815 468
439 1882
797 1115
1931 1186
10 541
1078 54
54 1334
75 1450
681 251
1271 1701
247 240
926 1542
1630 198
732 642
1626 487
99 1351
1101 440
703 1379
695 440
1370 1393
1309 132
389 585
782 1137
352 615
930 748
1932 601
1704 678
619 1134
1170 998
1503 659
1740 1647
678 796
891 241
832 1019
970 646
688 1512
1256 1997
1751 1192
575 695
24 1720
7 1628
584 860
1937 1255
1040 1889
963 254
215 956
1550 1856
1777 126
729 1409
620 933
236 618
254 1765
399 1868
1556 385
1 67
1831 1690
1268 1116
73 1254
1246 1077
1068 1701
323 1218
705 1537
1399 719
1189 1996
1749 1398
289 646
175 321
1719 16
888 826
1886 937
337 1158
690 1511
318 1282
275 1385
1557 1412
1298 1439
367 646
1907 968
157 838
274 1355
413 572
1230 1696
324 1151
1461 360
1082 1259
289 250
1305 463
722 1019
412 823
1465 299
303 1161
1504 936
343 379
602 636
1330 519
1887 1443
174 484
78 1056
1442 1382
1152 1707
714 1169
757 626
1861 1996
8 1910
1739 1513
59 715
1160 1459
1220 555
1523 779
233 919
11 416
743 32
327 82
170 1450
1987 1190
624 1072
1839 926
543 312
1483 365
667 1884
764 297
108 1247
763 1369
236 1687
1933 972
913 172
6 1816
26 1111
1158 858
1583 1098
149 1447
1259 825
1764 479
1593 17
510 1533
1998 1982
1057 1099
481 381
1220 1676
273 1301
182 500
717 1739
1754 1580
931 1603
772 1110
360 1294
653 1310
1406 1025
1636 1289
1248 1810
910 1119
1024 898
143 1543
482 1309
161 1229
113 1606
1198 724
429 1463
1608 1195
349 81
620 1318
1476 32
1812 1593
1935 67
1860 104
786 601
262 1443
1924 271
1874 306
336 194
677 1946
696 12
209 109
1312 1038
374 796
1986 1808
1303 1916
1248 1526
1666 209
696 558
1925 1471
404 202
1367 1573
1453 1034
1237 1243
1752 1709
1236 657
1477 1565
188 613
915 318
1173 717
526 78
1481 367
203 280
1655 1419
547 1813
1319 124
1865 669
1255 626
417 1669
1192 1962
328 1548
1843 67
1901 1199
1995 243
561 1829
1687 302
869 1232
574 1961
1339 1767
1888 1039
287 1203
1548 1402
382 943
1271 182
383 1546
1596 58
1984 1849
506 235
1365 789
1504 172
502 229
1426 423
1200 210
1513 806
661 366
292 1888
701 1426
122 1036
1684 830
1023 1614
195 1693
520 237
1955 622
456 1260
389 527
622 1980
1456 794
1929 1437
800 1878
858 1946
1255 393
774 630
1268 1887
555 1962
1273 1401
306 214
1858 237
1170 1289
31 120
1087 734
1814 1140
164 1995
824 1077
383 1267
558 22
777 906
1509 645
692 419
234 686
936 1633
1180 1210
1984 1773
623 1898
1460 665
455 719
861 758
1542 1737
939 1178
537 214
1784 117
1147 84
58 1678
1283 1139
1316 339
1773 527
68 1910
1300 1221
898 193
418 1520
818 307
21 1434
616 231
271 460
1967 27
426 182
1894 59
38 1165
833 1669
1617 1809
76 373
68 1325
1414 1687
1045 1662
725 1554
1344 1826
262 200
335 699
1987 615
598 1176
861 574
150 1190
149 1662
87 1401
916 123
420 243
253 203
1159 1092
1458 1036
873 202
1843 1399
206 1332
428 1658
1166 545
1328 1781
1847 134
421 1664
677 1586
77 1931
789 857
385 668
1173 1603
688 1137
1636 1745
288 681
1943 1914
780 1536
1568 745
1835 488
494 1300
1801 1635
996 1490
1802 187
1101 1799
361 1262
893 332
1050 387
915 1894
1927 513
608 630
221 1970
951 159
853 1568
252 1458
1803 1308
913 1665
1244 233
15 191
559 978
1294 828
1104 933
1842 904
1630 1829
1931 650
1288 1647
1265 535
523 1629
908 1568
1636 1360
840 706
1720 1180
1874 1563
1674 990
923 780
274 1262
1049 1708
1133 221
736 1999
1160 789
16 488
1044 1012
1507 1145
1760 837
564 103
1750 816
1256 793
1956 355
1441 430
1653 1976
511 1823
432 977
404 1199
1074 1779
618 1679
1414 1080
1814 184
147 234
1325 956
1123 425
579 1503
828 435
1109 562
207 370
1282 1120
598 929
1039 1614
688 828
666 932
1103 776
414 1295
779 1981
718 1032
961 376
130 653
1605 611
298 972
1233 1047
195 155
1329 1472
1010 29
392 206
1883 1699
1045 1630
1053 539
1666 544
1162 607
629 1689
608 1800
261 164
905 1456
1550 139
830 529
1910 20
552 1426
1426 147
646 246
797 205
1135 990
1446 1909
1076 928
1977 1179
1049 1693
1699 387
1565 163
1682 826
1567 259
1542 764
242 1710
1676 947
877 1573
800 1085
246 44
282 1749
858 510
152 230
1783 1167
380 1975
121 1033
1310 617
344 999
998 129
606 1881
864 503
419 511
1358 570
1607 236
1690 911
941 1582
259 405
1810 1902
934 619
1385 1347
64 532
