5000
1826 1850
442 917
619 732
72 1675
582 529
1495 1259
131 1729
603 1009
1370 1793
728 857
1234 154
1964 1511
1543 1823
202 1362
997 1938
184 1971
3 1895
1067 1474
1600 22
1871 292
1790 231
56 629
254 398
692 1420
46 1505
573 229
1334 1170
234 1400
726 1329
1373 1798
1964 1570
1671 1353
148 1220
1446 1839
1596 1354
1695 1073
1080 1338
1372 377
1415 156
42 821
1468 1770
926 1723
1946 1
1741 757
967 607
326 1379
1159 208
1897 1516
238 860
925 996
1534 841
1600 578
60 2000
627 477
1189 437
1375 219
14 945
376 213
362 1994
1763 1185
565 1710
617 552
1271 1235
740 203
287 1517
718 4
366 1494
1507 1223
960 1640
1929 941
1362 1754
1081 135
1372 944
586 330
789 815
1400 1929
1004 1372
841 841
1064 28
1726 664
733 241
1725 287
1578 95
630 490
1153 335
808 695
1517 663
367 286
1557 1870
1416 1015
1608 1142
11 1671
427 995
343 1220
1868 1136
782 27
916 225
160 1808
486 1102
1257 1818
1097 860
639 1322
1006 458
1464 1143
935 876
364 675
950 1590
1437 405
219 550
1219 371
127 175
1317 382
1409 1219
794 153
894 671
180 1140
1219 722
879 1927
1289 96
1727 665
1770 1825
1366 1270
545 1589
433 1495
1762 535
21 1571
810 1868
1961 1057
1305 948
149 210
1209 470
1523 299
822 1137
1949 846
746 565
1452 1473
1388 1794
1483 1506
351 590
870 611
1095 1942
242 1170
497 728
521 299
271 238
898 152
1577 1695
942 1800
1236 1517
596 1528
1353 1004
1627 576
1694 1688
672 1755
1859 1265
1035 1759
311 1802
1330 533
1291 865
79 1218
346 1166
1308 839
1465 1677
1486 1151
757 620
105 1229
1608 1702
122 1488
1052 315
140 49
674 1215
1109 1063
911 394
1838 273
724 251
1330 1264
1295 124
1248 1818
1515 1173
773 1435
1285 923
1217 1387
523 1026
806 395
420 1301
1579 762
726 1337
1120 901
649 877
533 1483
762 1971
1958 270
1713 1637
1547 41
169 1650
743 1981
1818 952
479 155
849 1615
1167 367
177 240
1935 1898
1219 1007
1585 686
1050 1299
1699 1219
1819 600
396 1775
1210 1597
257 1662
1685 1155
526 897
80 681
306 1746
854 1660
684 471
1766 781
859 608
44 1600
196 1602
1028 40
1560 1005
604 1263
1447 1247
1945 444
879 1807
121 1489
486 1346
1884 451
1952 1107
1070 452
1281 899
1109 1677
1454 1205
637 968
368 590
1018 1880
302 956
1010 1976
489 378
1596 890
855 219
1042 164
1198 1697
987 766
1907 567
872 650
40 1788
1529 1249
1460 1635
520 895
440 473
997 29
923 343
451 1108
1406 552
59 884
132 1742
967 1835
907 287
1205 799
1896 114
1035 1361
490 64
1153 643
982 1013
1553 1949
291 260
1018 1318
41 1897
1683 1292
132 1493
1240 939
136 1208
1150 1824
833 1243
138 413
1628 486
91 1717
207 627
371 1063
1779 1958
1727 184
1815 1559
323 167
321 675
461 475
826 932
1016 746
916 1111
708 181
44 790
860 1228
1389 1327
750 766
1837 1467
720 1164
379 1152
1527 268
531 1938
1061 757
1348 78
1781 923
1106 1961
1775 1741
614 1161
941 228
675 333
769 975
1540 1582
126 1343
366 1775
541 939
150 1897
1837 582
1020 52
1161 1233
9 987
908 30
1223 850
1638 491
826 1705
1966 1350
403 37
1688 298
1984 1419
1075 1741
1864 1436
1098 967
1195 1195
275 258
1935 1309
965 563
223 1299
1749 697
17 211
792 1659
1301 1767
224 821
1841 893
174 1923
289 175
454 1497
558 134
510 134
1996 658
338 1037
1797 1521
520 1257
569 1792
1410 320
1560 1285
1102 757
528 31
1812 733
664 581
1940 68
1533 1625
532 1153
1481 234
1681 12
1467 1493
266 674
683 1300
1884 685
555 1370
1179 1185
194 1362
1233 1388
823 1396
188 757
203 1692
826 368
962 1599
244 315
1744 1197
105 336
1266 1046
1317 1094
957 949
1925 917
548 1246
408 1873
600 44
1697 1134
553 563
142 839
703 719
1791 178
90 907
738 1709
964 1179
1678 1016
1155 211
1856 1739
1353 929
1018 1582
24 1104
133 603
241 853
911 182
216 1902
1986 228
449 1964
1000 1069
354 27
477 515
689 1318
1227 371
1463 1805
1530 539
1832 155
1321 1998
1847 113
1002 1927
1777 1497
1755 143
1415 675
1217 662
840 1479
1191 1390
552 39
1574 394
975 184
349 1471
1958 166
1962 1509
731 1333
283 268
1261 1832
930 786
1794 1966
323 783
1850 41
98 649
1290 1217
1464 1952
1460 959
1155 1150
1663 1465
556 1940
1755 1058
171 270
1170 123
601 909
1941 357
755 1068
862 1328
1532 46
1430 1731
718 12
1706 246
330 1763
1463 700
1224 1321
1012 1731
1856 1634
182 1925
7 255
1333 699
1319 1182
108 1161
1619 1092
1436 1951
1369 1484
861 768
1654 1654
1291 1334
1387 1700
1753 180
231 1544
871 603
946 144
1259 1128
1238 1385
1894 190
210 1664
1651 1562
165 1806
1763 1822
607 461
1895 1693
1558 870
1468 1473
151 315
1082 1351
335 734
1971 701
975 1878
111 1807
698 1934
81 1045
953 1667
1538 1326
933 1021
1534 1494
495 1728
1548 830
1341 1725
496 1368
1228 1941
339 885
1627 1412
100 757
102 759
369 1637
1402 1018
152 1102
156 1636
1791 1292
1101 950
29 1654
835 1858
83 999
177 681
338 97
702 191
1362 43
652 187
749 1960
1770 1442
1512 1715
1373 386
35 615
870 652
1383 1991
804 1071
1112 1551
109 337
924 1110
1844 1824
45 46
171 551
406 711
217 148
1573 1426
857 323
553 55
1404 1868
1458 1113
316 510
838 322
603 909
708 315
1017 397
395 563
454 692
908 1802
1512 205
1092 171
1479 633
444 187
38 540
326 320
160 1201
1090 1773
388 782
1048 680
684 998
615 900
1583 1178
787 1283
779 1185
389 1930
1485 9
1197 301
28 1515
1955 1299
384 1991
126 1256
1371 1602
446 344
348 286
1249 391
1822 8
71 1257
880 1316
409 1669
368 296
471 1386
1900 1414
891 1988
434 1524
512 1694
1877 1724
1265 1432
1198 1788
125 1970
1688 109
1579 1953
1571 1956
520 1404
1340 228
1943 1932
1404 857
884 356
64 752
1945 1923
971 1343
1315 263
648 71
374 1778
87 288
1216 1705
731 1012
1111 1799
1528 254
1777 421
1409 429
94 834
254 426
400 1016
632 30
1400 1856
953 1473
1601 1163
564 210
1530 112
592 219
1593 394
1308 1091
409 329
1590 719
1598 1995
51 1104
1734 1711
1432 654
1788 1543
1853 647
1067 1895
426 191
1639 379
903 1650
155 677
1323 1725
1053 632
1473 1737
1457 1647
1045 1738
669 1287
50 15
715 1719
1564 1685
1763 1879
520 71
757 888
1580 251
1415 629
1512 717
345 910
874 22
828 433
1150 1068
1780 1003
523 368
449 739
1479 1386
229 1197
884 924
137 1313
38 459
941 1680
366 439
49 919
1476 1404
1603 1563
1574 1647
1560 990
840 408
5 717
1363 672
330 1133
1238 995
1185 397
1996 779
743 46
302 112
1296 217
552 1229
401 702
48 1342
1914 1332
591 43
1412 296
266 441
1213 1579
1948 1431
917 174
1734 307
1740 1001
206 1237
1686 1253
674 659
1322 123
1458 354
668 1040
1334 1047
149 1899
1409 1465
742 1566
1398 476
197 149
118 672
1465 97
269 29
10 480
1551 645
974 1308
1609 1620
399 1353
1473 367
1036 1082
744 244
1110 65
791 1927
1281 1998
747 1072
518 679
873 1018
1270 1863
810 1983
1642 140
1614 1483
820 714
1288 630
494 1837
301 1713
1157 1389
194 1593
1362 1971
527 1694
1280 1260
1008 1575
1006 284
1436 216
959 594
648 1577
1930 1128
228 1970
70 518
357 972
475 1330
477 1672
1214 384
1317 653
1201 85
279 1145
1221 472
237 1397
815 987
1996 1483
1255 1078
1817 354
1985 1108
1771 1964
689 419
1080 406
50 1091
438 1785
671 1082
946 1435
986 1550
1174 1565
1765 1681
416 166
173 334
1413 1061
359 1919
547 1555
494 1412
1037 1942
1982 105
313 1249
1054 966
1746 462
566 805
1795 1559
435 1420
1208 601
666 1458
1397 1734
1274 499
938 858
338 1032
640 720
133 1365
1733 1321
1639 1800
1373 987
1983 1110
913 1421
1514 1488
848 537
880 887
1463 105
780 336
1110 1317
1243 1310
653 1125
613 1779
636 876
1586 119
785 451
898 957
213 1260
196 117
694 1469
65 622
1998 1901
1938 1219
470 290
118 38
840 458
1146 1832
749 1550
1814 1895
1639 1751
1638 1619
1801 1994
1160 615
1673 255
580 1455
1758 902
1746 1216
809 719
1137 509
1848 504
646 788
1797 203
1123 1662
137 445
1632 842
1511 712
1472 117
1721 218
239 309
166 1207
1733 1668
1562 1176
1598 298
253 471
1567 474
1615 1006
150 1110
744 1075
943 1058
507 943
742 1171
380 84
1758 1112
624 840
1440 258
1376 681
693 1072
1064 888
901 586
1317 907
373 1252
54 181
1518 309
804 373
1232 1166
0 70
93 36
1291 973
1780 1443
1404 1818
1223 1606
1832 115
1164 1826
1949 97
384 717
1974 1678
1895 1061
1177 762
1794 215
761 1946
1014 1557
1519 940
1341 277
1541 259
1436 961
268 1574
1820 1870
622 1638
1791 91
175 1317
429 847
739 551
1060 1119
134 855
1025 1061
568 1506
1283 184
1976 1783
1095 1296
1726 1887
560 78
780 667
767 758
1421 34
1643 1568
388 935
281 220
994 1490
801 862
792 896
911 1764
133 1578
1967 1984
591 1832
1922 1929
1987 1773
370 324
1735 1726
135 737
739 1585
1918 131
1665 13
1043 495
1751 711
178 557
400 14
379 1222
1510 1255
1182 592
1470 283
1773 954
1365 294
1797 660
1893 429
995 1124
908 1441
731 558
1830 515
1655 819
1188 1167
621 936
777 520
78 1103
1339 814
1357 791
1413 75
1186 1908
812 290
66 1989
745 1196
98 486
477 364
1916 1430
1905 1958
1253 274
932 1953
1109 1034
1353 359
1394 758
1989 1221
320 688
1429 987
1519 1581
1769 1393
1862 37
437 941
294 810
389 417
1891 735
579 1557
1333 210
129 188
855 208
1508 703
1000 125
661 373
459 344
474 1435
1928 1463
1155 1024
57 1112
338 1919
577 207
745 564
1399 1052
1291 1438
1896 1422
1459 1951
1531 1603
630 1663
1528 7
394 1853
299 1620
1027 1490
364 1773
733 1949
356 1937
1109 12
723 899
861 790
1113 1286
1185 983
1826 1077
1551 1136
1697 1332
1988 1348
1299 935
896 366
1272 1048
1275 878
1476 1352
785 1625
436 534
1723 394
1828 354
1198 1575
179 395
1278 1059
140 667
716 1745
359 221
685 1351
1683 204
74 1102
979 277
1669 1141
732 578
654 1387
1576 278
23 815
418 1383
1764 944
845 1703
866 1908
610 1929
530 434
1680 417
1180 1480
749 1727
287 413
578 1588
1112 578
357 84
80 103
1012 1572
254 1471
450 1425
970 383
64 1034
839 1106
963 1078
1795 596
1481 1175
1302 244
1331 221
984 343
928 1600
1200 707
1692 1601
662 142
648 720
406 1107
292 1516
221 1698
785 1321
536 252
518 21
1474 625
275 17
607 1272
1510 351
13 522
367 621
836 667
1575 132
274 1787
756 1107
1848 979
1556 877
1089 1555
363 220
1898 569
70 273
90 964
918 750
244 566
1039 1468
1902 1962
645 1984
1490 484
348 1488
1139 894
1461 471
1578 1008
1433 9
862 1798
1083 1392
1958 524
1530 1428
9 104
1584 1389
334 1240
1960 1149
1907 52
682 642
773 1659
1251 322
328 379
1394 1771
319 165
806 1837
690 1904
1268 494
1070 448
1345 980
602 1306
1385 551
1673 1798
1488 724
1299 880
201 1059
1827 140
1363 1240
1677 1734
1536 484
1348 11
1669 1267
1637 536
1007 191
334 1043
785 1528
18 926
694 638
945 1151
1040 1665
348 229
1097 1136
171 1708
614 211
789 1908
639 1198
1507 487
309 1067
207 794
686 1068
1493 85
1312 125
1183 891
227 892
1151 1200
1561 436
963 242
1546 612
178 1857
377 728
1213 1880
71 1626
945 456
984 1757
500 843
506 699
528 1527
1639 903
1573 1910
717 228
1523 340
10 516
1933 637
1360 584
998 769
241 1396
1789 1111
1419 684
168 778
414 1749
552 62
1926 1566
1126 212
1094 452
1443 1331
483 1268
1535 1214
107 441
334 269
400 568
1744 1334
895 522
327 786
958 1763
1041 119
1297 1169
1360 1861
394 1426
1219 1044
52 1807
1950 1827
808 1170
678 1631
1669 816
1349 867
1993 749
1810 1269
528 1622
370 535
1049 1456
1716 1934
192 1227
99 41
1427 1508
626 5
1191 415
932 774
1536 428
983 880
40 1888
1722 1249
1769 504
1195 777
1066 901
324 267
965 1969
1083 77
398 1967
1986 1953
436 1741
385 1319
570 1399
1769 58
1665 343
944 576
867 1735
942 1162
1076 1919
393 950
553 1172
287 884
903 1118
761 1601
215 1361
1296 682
1125 69
1202 464
474 1287
1215 142
658 1773
539 1095
49 1220
1393 955
51 1658
1855 1569
1212 795
1935 279
1213 1767
257 1794
1451 1265
1751 1816
186 286
1767 1274
357 1708
225 170
91 1948
730 1317
287 1081
100 1074
1607 1085
709 1208
57 1706
1283 1588
1722 298
510 1652
926 169
1380 1674
1671 1686
818 490
129 485
343 952
1799 287
816 1206
1411 1965
1478 1778
923 1189
651 981
554 0
1894 243
1404 1770
405 922
1613 428
1327 1611
1747 1543
578 1412
504 217
1963 1807
1435 320
1733 463
580 152
1751 228
1522 1062
410 1026
30 324
1448 1920
847 1458
1961 50
362 481
315 926
1108 1775
1174 464
158 1872
1909 1169
376 1917
1642 1841
804 1349
1809 1077
1580 1512
40 399
1406 1790
379 1403
1406 196
250 260
573 67
1284 65
215 430
1626 1843
1141 587
786 1588
1117 1204
554 1135
19 39
1959 1731
262 1010
628 1514
637 1523
1733 1886
1527 1178
980 1038
1367 1090
951 940
899 1898
655 1757
1188 1723
1391 1652
733 753
1386 673
1634 733
868 972
862 1240
1669 359
1105 1622
312 1168
1233 1892
703 549
359 1064
69 839
671 813
1980 873
1184 442
1483 113
1549 1520
1425 93
558 1746
1357 1653
890 750
1640 1024
1180 464
978 1452
1039 1944
572 1825
981 1714
1011 1232
867 1726
1517 1139
1157 400
1164 744
208 640
1305 988
1009 1761
333 1832
1497 618
1642 58
902 1156
1438 1286
1561 807
1987 1006
1320 459
321 1991
460 308
1808 1908
887 799
632 1191
1881 176
1862 1736
500 1055
164 159
417 262
116 674
1123 1997
975 677
1119 89
1180 1616
1564 262
429 1032
1393 1778
1051 609
915 575
813 1527
448 267
517 1640
38 1629
1419 1164
1061 1511
1098 1568
1300 151
268 916
427 608
1434 1124
1987 400
1838 1586
449 749
932 1494
908 1638
843 1599
925 1347
1448 1693
629 1203
1600 144
1091 152
1436 1786
1653 595
805 1345
1169 193
443 1988
382 947
388 1460
1829 1519
342 391
1406 76
1676 1079
1254 1010
178 1431
656 1449
833 1528
1403 1960
1163 1013
1141 1885
1322 1201
723 934
1813 872
1804 889
1274 130
72 1877
420 924
522 1353
792 23
1524 453
254 1225
1801 953
513 1308
1320 1112
1321 1159
1755 722
389 798
1441 1455
189 1187
1264 624
1276 1769
633 35
1236 918
679 194
1238 1591
1182 1682
503 172
1069 304
59 191
207 690
1297 1437
1461 821
1271 1836
1043 269
686 1114
529 411
714 1967
1813 1432
67 1257
461 716
1731 1326
1269 392
720 336
1667 780
1755 725
1038 44
1278 1080
405 1329
605 975
1692 1368
1925 1197
1490 1926
600 1731
988 970
360 228
1480 1859
591 1856
77 1556
636 110
454 659
1011 1307
1472 680
739 442
277 1387
773 569
44 1999
238 447
433 854
1942 675
1707 322
73 980
1386 550
1505 520
1328 1751
418 1278
512 720
1871 161
1114 461
155 230
873 1599
38 195
1884 199
1415 1439
885 1101
1621 287
1836 493
1520 1182
1593 1971
1076 1779
107 1790
507 1901
305 1411
1864 314
866 936
1294 1795
329 1850
1244 1884
474 822
1045 1160
543 502
1227 1718
756 11
169 1602
211 1411
1392 1630
465 781
635 1788
1633 19
640 1109
1650 959
676 1218
44 750
429 561
36 198
584 899
972 1419
932 673
1460 674
112 1191
1358 1559
1608 1578
1293 1622
1823 1076
793 266
1184 1208
468 1157
508 791
949 925
1133 1540
1726 22
607 1487
700 467
348 254
651 364
1306 1148
208 515
1150 1698
1147 233
1103 64
734 1523
1299 105
4 658
87 202
1534 441
199 1702
239 1273
836 1108
342 1659
500 1022
1010 1593
1784 319
1008 423
818 1039
146 357
1385 1915
805 184
1113 1100
1692 597
222 1950
240 1013
1420 1654
1657 1213
938 71
173 885
699 555
172 704
1625 1196
1853 1400
437 1669
1209 237
1923 584
258 1632
570 1252
1651 772
974 139
268 1302
1779 1159
319 830
1223 887
1515 1997
1870 1547
911 1541
780 1183
853 1494
1400 646
1536 1197
1490 885
407 593
734 1411
225 1420
188 1317
1495 490
1234 8
1742 950
572 1203
904 1542
542 1024
109 437
1737 1762
676 39
819 1930
1708 1798
846 243
1950 141
1433 453
869 269
1904 1155
1565 830
1168 954
826 160
1450 764
598 491
1919 356
1349 1295
1311 957
1768 808
999 346
277 944
706 377
1058 1253
570 424
1023 360
32 116
1916 1085
1054 1106
566 744
1554 877
1253 649
1483 918
884 1070
615 808
310 531
378 82
1382 621
1833 704
1169 230
1568 1614
657 1779
1534 130
592 110
1318 1293
1983 139
570 133
6 304
678 337
456 1712
516 1403
996 1170
469 436
690 1096
971 391
1391 1526
229 880
766 1573
1665 42
1198 1492
1491 1244
242 1366
712 1234
1034 1588
1733 1391
790 763
1075 1138
1869 7
1130 251
1290 1112
164 746
263 831
889 1446
1710 1678
674 548
751 241
576 864
1316 555
1943 559
1654 1002
1406 914
301 145
380 1933
641 790
396 1764
644 1775
519 1635
1475 654
112 378
1809 985
1985 1264
1072 860
1848 1363
573 1772
604 1646
1317 1143
1373 1003
790 158
261 1948
1285 1948
615 945
403 1679
1161 354
1552 378
1144 559
1384 1129
1157 482
1891 1038
531 503
1600 947
1603 716
1429 1174
1592 544
579 1615
964 1986
766 740
674 284
961 1460
1168 554
1111 907
1945 384
1797 887
719 1915
956 1999
482 1234
82 1565
262 1981
1067 1515
1297 1213
890 1584
1525 470
471 607
434 1796
867 510
1644 790
186 1995
243 1349
548 374
1522 87
880 1275
1223 849
34 81
1826 1376
1448 1109
1451 1417
93 929
882 388
1196 938
102 672
268 935
1823 1732
1772 495
136 135
916 299
1571 1010
1912 430
856 1860
652 494
1046 1716
506 1341
1131 1737
417 174
1834 1683
699 1298
920 800
1431 16
1394 1102
1157 1918
1957 772
1356 794
240 7
10 1170
1451 1630
532 801
1406 721
408 662
32 651
707 604
671 1643
1249 1835
455 846
1466 1569
1469 1760
1535 176
506 624
668 1793
1320 298
322 606
846 1907
462 872
220 1850
1597 1539
2000 1477
1507 20
916 1615
439 1547
1833 1336
321 849
18 1791
1311 1339
1854 1278
1567 468
855 1455
320 1493
1012 623
967 1748
1598 1488
14 385
1557 439
1173 1942
938 290
671 765
86 713
360 500
1056 570
949 402
1617 1932
1986 647
862 1749
1846 1181
1587 1530
1566 69
195 1770
1563 1673
757 1432
1416 587
280 1636
1887 1609
1558 1999
743 610
437 654
1441 205
1121 1897
1708 839
1768 760
228 155
1949 1757
965 971
435 863
977 1438
404 1373
1611 1956
490 749
1061 1953
1302 1857
70 216
980 1623
309 158
960 623
965 780
1974 149
1587 4
277 1038
634 91
989 2
0 303
142 1024
773 579
352 1887
1643 1194
912 983
1238 930
640 43
480 1172
679 1784
1528 186
753 346
940 1456
2000 503
1218 9
786 1546
440 1527
1765 1217
388 1850
1663 349
1596 523
1776 765
503 527
1329 915
424 1109
1938 1163
99 1011
647 294
1274 133
536 793
171 1823
322 1250
892 1937
106 918
588 1899
246 1833
1847 1647
1616 1498
645 486
1670 169
691 95
1947 1134
198 268
312 235
1990 1090
434 1760
830 533
949 663
160 1359
966 928
950 543
897 1711
103 709
271 404
1538 1692
414 1502
723 1293
614 814
1839 1215
1554 1089
1709 528
670 41
653 398
1073 828
857 1313
1539 1438
87 1012
940 853
475 824
1255 268
1847 239
101 820
74 1460
196 630
216 763
1426 1299
739 210
1370 565
1897 250
1731 920
1656 607
1702 1918
1448 382
1996 1526
1867 334
89 282
1932 758
1621 522
1917 1754
1812 1388
1282 1361
1892 1648
862 421
193 323
1051 1458
1320 1804
719 1054
860 1613
551 1318
842 210
1622 430
295 1323
418 1207
1209 1425
1067 1120
112 528
1333 921
1284 900
304 708
1384 184
0 1494
434 957
1945 895
1023 406
511 1911
978 758
400 775
529 1787
1069 1991
761 359
490 1913
1448 399
522 1664
1278 1375
1249 1551
663 202
549 302
1203 757
703 1451
658 133
1050 347
317 1594
1924 1391
1729 1552
81 1509
1102 1287
1717 1652
1732 475
1943 1476
786 546
1369 1417
1554 2
235 1581
261 108
152 1001
82 1382
665 567
1408 1375
70 959
1658 1519
1567 1071
1396 1974
1742 857
334 1442
560 156
1106 820
5 1285
1491 1866
508 1421
151 846
449 422
1602 1141
1759 1972
1269 998
1749 278
1276 1295
1033 1560
1429 1736
1099 92
556 547
1667 1587
595 235
64 1863
1007 784
862 1216
554 606
1883 542
687 1396
1541 1175
1381 26
1067 200
198 317
237 185
70 1098
707 761
1333 368
1808 106
1463 1535
869 944
790 273
364 1876
558 1753
1063 1001
1513 1461
994 148
944 887
73 319
188 203
1340 111
987 802
1826 710
12 1497
526 1560
277 1331
1527 1516
1799 904
154 259
666 313
474 1426
75 833
1961 221
1373 617
500 1242
1055 321
1676 1398
27 271
1760 1285
392 373
987 1946
1699 1484
1929 1713
607 1022
807 887
29 1374
758 1531
1391 362
1602 953
166 986
1317 1540
181 110
1667 1677
1980 1799
954 165
1980 874
783 1493
1392 454
727 778
1887 1921
387 1539
302 783
318 5
322 618
194 1575
1581 1878
890 811
1816 1508
308 649
1724 1375
1935 1126
508 1819
1323 1619
414 801
1265 539
481 1745
1647 1084
267 1768
329 1552
361 1623
1677 1096
1563 1012
611 882
409 249
817 1692
1053 565
82 1823
594 47
29 1695
1753 1185
922 1894
580 1927
1204 772
572 133
536 274
409 203
820 1762
96 1706
778 112
1499 1186
818 251
1181 1396
7 710
777 1952
219 889
25 1858
1772 1149
1958 841
521 698
301 1629
1135 1203
1552 901
1494 1294
1932 1602
292 1082
1736 472
1541 134
431 1413
456 774
1586 1443
1683 68
350 1684
47 1107
1705 392
1961 142
965 1204
952 1588
286 1126
1741 1879
555 871
643 1393
1899 645
379 174
334 670
1751 792
1268 1060
138 597
528 817
30 972
1155 817
1583 1009
1267 1078
277 1437
1328 1481
1298 707
879 1161
422 504
1565 625
1961 948
713 625
1017 971
383 1778
1393 1384
481 546
572 1948
1316 1405
1756 652
625 1092
1454 937
1769 275
812 1045
496 1727
1920 1680
147 230
714 1265
1505 1708
38 1831
1529 889
1340 1336
100 1482
477 360
1593 1794
1427 765
1420 421
246 615
1907 1940
1020 1712
1027 1477
1740 512
1295 69
581 1504
732 885
1654 620
465 1529
322 1706
860 1193
233 1427
761 463
906 1250
445 1055
1694 67
264 65
1665 922
632 745
1782 644
397 1461
409 393
120 481
1484 605
725 266
886 927
18 1714
447 1403
1642 177
46 1465
1250 1492
188 313
524 1750
1038 1624
1266 476
330 1742
1681 1709
1103 1437
81 1604
398 1289
104 1209
728 238
1849 1841
248 1267
1620 1599
1152 440
1118 329
736 925
553 976
1676 895
1237 1286
1260 142
1199 811
226 12
346 990
913 725
193 388
1525 1623
164 1162
405 1586
1836 354
1469 923
1330 1344
476 586
402 1319
1953 153
570 965
955 1009
1698 1399
1997 304
673 1771
392 1532
1210 604
99 1066
1106 479
590 892
662 669
938 484
67 1592
1286 477
294 1464
790 1193
1213 89
644 1938
1862 608
1439 990
573 344
1592 877
1523 1108
1772 295
779 1233
157 520
1218 1835
1596 860
301 1266
551 604
728 656
1619 22
1877 527
285 1941
1859 1221
241 1528
1961 1991
280 450
1456 1671
525 494
651 778
537 805
1357 1732
190 503
1046 574
474 928
1369 390
1645 739
1308 1197
675 1526
301 950
1759 416
915 541
569 324
1238 682
848 83
723 1139
1445 127
1432 1155
940 1186
862 1103
1964 1784
1524 1279
353 1994
1171 1018
1324 1810
673 553
1996 1738
913 1857
738 271
161 466
569 1479
1688 537
131 139
1374 89
1374 522
1648 1001
1552 1973
1634 1798
880 1951
1445 116
256 877
1187 1444
1253 1729
710 1543
343 1264
36 1059
1118 369
1863 512
1182 941
1681 1856
62 235
1716 1213
1995 1286
1042 1258
3 1808
1070 450
1562 1053
444 729
1502 1026
1268 1227
359 1622
1500 388
1839 983
548 310
417 1080
1580 765
1031 1306
1383 1341
995 340
856 1528
1655 279
1649 1576
1277 633
886 104
1689 1405
273 1178
298 161
1510 886
1848 510
950 483
1510 1855
430 1039
798 1552
1813 1420
644 485
1522 70
1587 1265
1531 1912
739 726
1887 1751
1727 149
1001 537
382 1275
209 1592
879 1852
1219 922
1828 1063
1557 1895
688 1438
99 1709
1149 1358
1791 1389
744 69
1333 1071
1187 1931
100 1408
450 1358
974 1557
893 1100
584 1299
13 1250
203 469
837 109
720 134
1221 1327
1852 950
843 1531
1523 294
1908 1449
1337 385
1417 633
1384 383
1580 2000
1387 182
79 1258
899 1826
496 1021
958 266
1537 1891
981 376
1264 1832
368 1544
1810 1060
1461 1258
150 1441
855 956
73 570
889 1215
1389 4
328 300
423 1755
772 431
7 1797
1251 1794
1397 164
295 1774
776 328
1587 1941
467 1301
1211 1752
1020 936
1171 927
735 558
1998 1562
1662 218
280 1441
809 1704
1931 872
1769 532
657 1673
1686 1495
376 595
124 231
317 807
865 575
1611 630
29 1846
508 446
1908 1073
600 111
1760 268
640 640
1509 969
645 1934
1457 596
39 1240
1037 306
1892 1907
1258 1443
1594 1863
1132 929
1222 1929
415 1706
1211 351
495 240
1950 985
1607 1009
233 413
1259 1524
1280 522
1128 988
1417 647
106 1633
989 362
133 1303
1033 624
1040 1035
557 1779
1421 507
1640 45
498 1823
1169 1981
1978 1974
607 981
1340 583
720 1519
482 988
898 157
238 1987
1920 1264
632 1301
1564 956
311 1886
1305 1794
1393 984
423 387
1318 1881
984 209
1048 1268
458 1126
1364 1478
1495 178
1033 1492
1533 870
888 1075
909 257
1128 59
1357 1429
1369 1822
1910 46
539 1070
1075 16
9 1263
1340 331
1964 314
546 403
1825 1218
704 1901
1911 860
209 426
793 760
604 705
701 1056
496 1981
1131 764
1719 936
895 823
1665 112
1955 588
1446 540
1078 339
816 670
962 1345
437 948
4 6
33 496
1462 1885
613 1816
1932 1603
1315 499
1486 1992
847 1842
1354 1192
1261 1110
1502 1413
1298 177
677 534
564 1612
57 1587
1907 1997
1594 1125
1387 1358
1691 669
269 974
306 640
1822 402
638 66
1532 983
293 1637
849 1166
1220 447
485 1442
412 1076
443 1648
1538 1764
1358 1081
1835 758
541 261
1612 271
1519 407
49 104
142 965
1414 326
1853 437
1578 1893
1633 1659
361 278
1483 1853
301 411
1207 982
1908 667
688 1080
148 1387
469 1396
942 1305
1062 293
1070 1316
484 1125
356 1972
852 598
167 1211
1424 1988
1145 532
351 496
1481 109
1777 1848
1993 219
507 1585
1354 517
1426 1718
1418 948
1435 546
211 111
1430 1932
1516 836
380 990
1389 1766
1665 690
1227 665
1041 631
1176 772
1421 1892
213 1454
585 1032
1166 1858
1750 246
501 287
1503 755
481 517
1362 1562
258 1271
1066 590
699 1121
626 1040
196 1693
290 1409
1529 811
651 1422
1748 701
253 1708
1469 76
1128 1344
1514 1119
1126 512
1191 1056
747 1821
1571 576
1526 1510
1837 400
423 1127
1843 603
717 1917
830 156
1033 1594
1652 1155
1325 1284
95 902
1797 1661
220 683
247 1451
416 1135
268 1310
1504 1611
1322 422
1792 1645
506 816
815 1958
1152 738
526 1414
1574 1285
550 643
300 1084
527 171
368 1189
1374 3
692 46
1191 1525
1527 518
1186 1891
1763 691
469 948
1956 674
722 910
1367 905
365 249
846 1305
1986 137
59 72
1687 1667
340 659
515 1915
625 129
389 939
1265 155
1506 411
450 657
708 1491
1543 1395
1586 838
1366 1886
588 1772
25 400
1778 1309
156 1893
1087 815
744 723
1976 1849
515 1512
110 834
1007 755
1163 658
1644 1780
1437 169
1175 1281
230 447
485 1339
11 1595
1157 689
171 339
487 265
728 1467
552 1189
43 1382
1387 1307
1179 1687
699 709
182 178
358 877
589 790
942 442
352 176
617 433
898 1816
1841 956
632 1500
1706 621
1930 887
381 558
471 44
1849 1441
1361 1634
330 722
186 1160
710 1182
823 652
1581 402
688 972
1550 794
1526 1898
1292 565
6 458
1578 472
1951 21
341 924
84 1215
824 1601
1358 294
1684 1566
1783 1322
407 497
482 469
1677 579
1828 205
1049 1082
463 1802
1818 1694
1380 1077
24 919
90 983
1539 1535
1448 473
1361 1908
282 684
121 1994
1385 1003
1138 1089
802 120
446 320
1462 547
705 1521
322 1596
1235 1927
332 1744
621 1898
1670 1173
665 675
1533 1333
943 1491
535 1940
931 1301
459 1012
1384 871
1082 686
1969 179
232 1648
329 1897
106 460
1165 1871
853 734
552 219
348 1260
982 1058
1024 278
1329 434
1650 168
1105 1835
413 1950
141 928
1210 1423
1838 626
329 1486
1077 1545
395 1894
1465 1699
1315 1564
479 500
1277 1884
1258 302
412 1649
1711 1245
946 866
359 999
70 1323
801 1096
88 634
544 317
1152 114
1086 1090
1827 777
1032 537
968 445
418 36
934 1000
568 1554
1431 471
1745 526
984 274
1970 1510
1165 878
1667 1385
1498 698
969 24
916 1460
1864 1699
1239 1412
1966 1167
345 1477
1536 1486
1698 1257
1535 154
21 903
1926 460
1178 1313
1469 357
1321 1846
1645 1235
597 533
168 1510
1091 1936
688 1871
1159 1061
1213 1554
1369 592
1122 1005
731 1124
504 1041
1411 354
221 644
1193 1118
287 945
1633 1448
1185 8
832 1985
1048 1003
63 550
1646 1386
364 1520
520 1366
295 780
334 1036
7 28
1372 1205
818 1381
846 1298
1612 861
185 814
80 1509
1327 581
582 750
1056 1168
494 1371
635 392
1411 1688
655 1078
1847 1313
691 1074
1355 136
281 1646
112 507
1755 450
698 1414
332 1333
1118 29
1961 11
1174 1398
1226 20
1779 507
1851 845
480 1384
1543 899
617 978
1942 899
737 1184
1554 664
1509 662
955 1232
71 1835
159 1637
1583 1242
847 830
1555 45
262 1420
1737 1926
411 775
967 940
1748 676
761 1858
1836 1190
365 338
391 1464
1005 1057
1967 1663
1051 1845
1755 532
815 1356
1694 1538
150 956
1254 698
955 214
691 284
1397 1855
1585 518
525 1381
1171 510
36 366
1376 542
556 271
356 871
837 1941
791 167
265 1847
1579 1562
1968 1699
1901 1267
744 446
1925 995
681 247
1340 1529
1266 334
1460 1681
1567 1600
1338 295
1498 731
1248 1157
326 705
662 1383
167 1662
1584 872
89 115
1261 1559
910 797
1202 889
1742 1148
520 1090
1549 1531
686 203
687 1179
1560 1842
128 1106
240 1696
175 379
302 668
329 1173
328 1865
288 642
66 1364
759 1733
268 425
1953 1971
454 694
542 201
120 1802
1536 253
1804 793
1654 1999
1274 223
1685 1801
1915 157
636 1583
40 372
853 1218
1894 1682
115 471
559 788
13 276
69 630
217 867
696 195
1847 1700
1118 608
597 817
1026 1438
143 1137
1600 1638
1719 481
604 1331
1666 1987
1332 1941
1084 1621
1110 142
1524 418
1047 1648
1283 65
635 484
96 157
1732 722
1194 692
1205 25
983 1574
78 675
1880 1785
819 53
1070 22
1082 1036
902 1691
403 976
1217 1670
628 2000
620 480
1608 1675
1021 609
827 1964
1309 1693
1736 921
483 273
396 1276
1314 405
1823 1352
1902 1179
840 1866
717 734
1006 685
1704 1205
709 1683
13 923
306 407
1274 1285
178 252
742 803
100 1744
973 101
1027 1229
1693 167
443 282
1193 368
255 1791
164 666
1712 1085
1398 370
691 1436
509 383
1044 1644
1366 1972
108 694
816 225
643 265
434 859
774 1323
102 292
1818 949
1220 1220
390 1205
1401 1564
190 1644
1560 116
546 215
1152 1431
933 812
1724 1606
190 833
1843 67
1930 1683
98 1175
1510 754
680 982
1712 348
1437 1052
791 140
1109 1757
1549 1451
566 745
406 1556
1587 1899
1234 1551
1974 1534
406 715
313 1483
903 1308
1459 697
1264 1728
1771 22
182 1022
1864 484
714 816
176 1951
1763 245
886 720
1102 1474
584 756
679 311
875 1330
1012 1456
602 836
1084 1430
567 385
1426 204
1446 389
527 361
1142 1850
688 882
675 1766
1062 1814
1821 1060
545 109
1107 600
1340 1227
1247 1487
1295 1779
1444 1688
239 143
1166 1016
650 796
61 178
1567 1590
845 796
1846 1521
1327 1338
398 692
899 718
570 1986
291 882
1091 715
1735 609
909 1996
1704 913
1258 276
862 1556
1055 1989
1489 987
1303 543
488 1849
819 739
856 1391
1231 1096
397 1557
1531 109
1524 282
350 102
1642 1990
1785 210
101 1734
1670 1929
1138 1498
1858 1600
44 1016
97 1263
1081 1161
847 485
118 1587
728 72
21 678
1057 844
1347 1295
1222 1636
923 956
1348 533
918 947
341 1250
1953 968
1805 96
1791 300
131 1930
532 555
1218 574
1320 1609
49 1982
1424 1250
780 148
477 1929
1330 467
270 1925
569 1472
1745 1683
658 1696
1975 1826
1071 1928
1495 1944
1246 1875
646 265
972 9
11 1650
1440 1049
1133 607
1129 1818
1457 1075
1294 904
478 1150
426 1571
760 99
188 1003
1354 467
1847 823
946 441
827 1162
1337 1936
1859 827
287 1616
413 1004
699 712
1285 72
1526 1352
630 1355
578 0
216 92
1107 63
1295 503
198 74
1763 542
1110 1525
1316 1068
514 1937
459 1372
1229 1958
1087 1937
1525 173
599 990
976 1628
383 576
277 1570
1353 582
1526 929
1295 514
1398 1779
422 449
184 1743
1649 697
92 1907
1784 386
774 114
354 576
571 871
580 1128
899 188
1505 1531
688 1
325 338
551 875
408 1994
407 1858
962 804
1252 1914
1305 92
59 1690
734 1912
1883 381
1342 1783
1490 1734
1016 422
975 985
956 1439
2 30
897 579
878 242
1261 1119
1288 949
338 1617
536 915
1789 1979
1125 844
487 1825
112 322
556 351
503 208
1300 888
1213 1887
1437 451
1993 537
1245 298
1632 490
1013 877
843 574
1598 442
1175 1218
1813 1553
1515 1863
620 1825
492 170
1515 475
817 129
1759 1619
1425 1940
83 1663
670 1941
783 591
885 771
759 1632
65 613
1644 1565
1357 296
429 20
1119 724
163 94
1144 892
254 445
64 653
1733 405
847 729
911 1448
429 1648
51 1620
921 469
17 677
1208 846
662 1823
297 1699
1566 1381
494 1446
1659 307
536 429
643 555
1952 646
1929 1453
1478 1277
32 668
605 209
76 1424
1891 26
1097 1533
1508 1384
540 362
549 1519
1543 1054
383 1843
689 1551
2000 1730
1797 5
542 1406
1866 1367
1779 703
780 795
1895 599
581 1425
1846 611
470 1631
1544 469
809 555
570 1758
558 1662
883 497
1568 785
194 884
279 978
739 1892
792 269
683 1453
1859 944
987 358
1409 1820
997 1664
886 182
535 864
250 405
64 583
282 1581
770 1830
1647 790
1135 605
1531 896
1996 1949
200 413
1556 1490
1120 150
1156 1273
627 1925
439 457
1374 478
889 715
535 398
1 1107
1285 601
1560 1404
1793 1211
818 192
1212 9
1181 1875
1469 1059
833 1656
1863 1559
1068 1498
600 1944
1497 14
1690 847
626 1455
1877 1115
1740 550
959 379
422 1147
1983 1138
1109 1347
27 1362
357 307
1677 166
356 1251
1991 1904
267 25
1872 751
1799 1612
588 702
1296 1779
1503 187
1103 265
560 1686
889 1508
310 1099
963 1502
1885 1403
1193 1690
792 181
1745 1291
1251 709
27 466
793 1970
795 1949
1979 1518
1447 380
1910 757
1936 1920
643 1738
1426 1826
1723 227
578 1750
1676 389
757 1182
877 1850
437 389
552 1062
875 574
298 933
734 1522
361 1353
1709 1495
855 1925
903 945
458 375
184 493
1080 962
801 873
1178 699
540 1043
1117 829
1853 1523
1150 522
799 1378
1934 304
1746 486
1380 775
761 983
635 1750
339 972
1777 820
912 1081
913 138
1198 747
1466 478
1768 161
1916 678
1039 835
303 1048
1448 876
757 1768
979 1966
755 967
1178 1088
443 117
1151 1024
741 895
1676 930
1004 394
521 105
143 1081
1679 1235
762 1645
115 1434
1610 128
1563 878
943 965
1015 502
356 1121
1644 1895
1831 1231
67 800
973 330
1088 755
189 1566
1407 152
1805 1526
1131 783
1536 263
1378 700
1377 26
1776 397
495 212
620 199
1660 785
428 1097
1105 974
1704 257
394 940
1725 721
615 826
1638 469
146 753
811 1049
214 1868
1573 1427
425 1950
443 283
1503 1552
1141 783
1878 345
1856 908
1566 1628
157 829
727 1106
1570 386
291 680
826 1843
636 556
388 944
1423 1096
964 1749
1848 1076
197 753
1316 142
941 0
1623 1605
173 860
1782 1968
975 91
314 166
1284 1385
71 253
1265 582
473 308
401 645
1778 1334
348 409
24 353
1515 886
1499 1895
1518 456
1957 1840
1860 115
34 266
675 1791
417 1122
254 1717
1447 1045
1349 783
114 1941
1985 27
726 579
867 661
1865 1457
210 130
1162 751
617 700
1950 631
1184 332
1529 1711
313 818
1982 1965
343 733
191 1654
60 841
1761 1038
248 1962
925 306
1144 539
1408 1788
1202 1688
779 616
725 522
471 725
1670 1553
101 816
1318 181
603 76
1070 313
1317 1883
28 1386
987 1916
1552 425
1520 1001
1434 666
1332 1103
1589 1363
743 633
587 350
879 1643
444 302
1461 1478
1400 1226
716 1073
781 902
1370 1364
1385 346
1216 1397
363 1991
586 505
789 810
190 176
564 1586
1772 62
1955 690
61 1941
1649 1443
581 826
912 399
1121 33
1284 22
419 1662
1852 1580
128 1940
1343 1432
893 1302
785 1562
532 1833
1364 1316
923 942
393 761
920 91
1258 412
642 1501
161 305
1414 752
524 397
1159 1457
1932 551
430 1201
1242 1544
183 1981
145 840
703 1959
749 834
702 479
1742 1699
327 591
588 1532
833 266
1728 587
929 1898
1001 678
143 1619
301 236
525 225
403 356
55 999
1029 1954
1124 1229
8 1417
1595 1708
82 1228
1215 1808
1972 513
993 172
421 1712
842 561
590 1186
397 1346
404 1251
1023 421
1234 1921
191 840
590 523
335 633
1680 371
1135 397
1365 762
210 1285
496 161
1214 809
458 1570
1857 868
1854 436
1931 395
562 793
1854 1371
1101 15
92 792
1007 1257
1990 351
401 1685
1780 666
1927 24
1272 1123
369 622
1641 1996
216 512
1716 1005
575 634
1769 997
1523 555
684 25
1228 1501
1229 252
254 1303
1809 121
1448 1714
1066 653
1825 1515
296 75
745 877
16 1086
860 1745
913 403
1245 1522
26 135
248 921
1235 1083
15 217
1095 1266
1301 1014
1170 791
1294 1718
248 1086
788 265
394 425
1354 29
382 188
1559 1135
759 31
843 1510
246 1416
1936 1666
1007 1731
1524 98
1155 488
121 761
1052 425
581 173
592 381
1254 244
246 280
177 444
612 1334
699 1282
1263 1646
1682 1677
72 196
75 1239
24 62
945 1538
478 672
391 1994
963 1831
436 797
608 1593
857 1011
772 74
83 1442
775 475
1731 1139
550 350
522 1774
1696 1839
1173 1073
1373 919
945 827
43 1026
1582 1982
946 958
1817 318
1259 302
1800 1071
1091 585
1177 759
232 1008
1804 1501
99 1940
731 1671
459 1748
1167 272
505 105
1069 985
841 679
532 1604
184 980
809 1201
40 845
872 705
82 1646
159 1886
84 1124
828 1179
1865 1138
1718 1533
990 1752
1707 449
437 1054
134 61
261 1365
996 1977
1806 574
142 1148
509 912
1016 34
750 1383
1335 222
819 827
1932 34
426 1202
177 472
49 1912
1907 74
1827 1050
144 1064
1718 748
847 975
292 409
626 1532
1987 684
1693 213
849 797
864 1613
1574 1980
1021 344
1078 525
352 1665
1737 4
1646 255
585 1069
1019 44
1863 239
976 1972
1730 812
263 1431
387 48
967 1661
1439 1025
675 1894
1989 247
1322 1581
1684 536
1493 1949
1676 1306
1056 645
1045 681
154 623
1285 717
661 378
1575 1565
1894 471
1992 1605
947 1733
223 1287
501 1099
641 1410
1358 1817
1404 1902
797 1800
1318 1579
1119 1878
1614 903
1898 620
870 1912
1426 881
1035 658
641 200
1160 1552
494 1816
1622 348
576 1876
541 629
1891 419
1870 1008
953 1035
483 538
1010 281
250 1892
539 548
1242 478
1120 1536
1453 1139
1730 895
1929 1512
538 92
918 990
249 1816
1747 868
400 1332
860 1968
924 1362
1584 1875
390 1621
1116 1807
1159 261
219 247
1506 1919
1877 1421
1689 235
1720 1823
259 502
1960 1057
1705 87
929 1716
874 39
1894 932
163 1067
1982 1555
1083 1734
11 302
1186 295
815 1643
1381 1597
1350 1034
1690 1909
691 1007
829 277
824 1119
1432 1891
112 491
1452 27
593 1310
1969 1264
1316 1959
502 1147
1682 83
264 271
917 629
92 30
1960 108
1625 971
273 947
30 361
1106 1794
31 398
1829 1730
769 1353
1712 624
1514 376
1529 1893
1384 1912
298 583
1554 468
1037 777
614 127
570 874
1300 1898
1585 1140
1184 274
1882 972
553 874
976 1218
885 348
1759 247
1725 615
933 1334
1417 778
1630 1938
1387 170
1286 926
1842 1416
835 145
379 1691
1097 1620
989 1065
1050 1310
1790 1299
1984 766
979 1034
899 19
1441 770
514 1756
1077 1552
311 694
1193 1398
145 1181
689 866
1499 1922
28 1475
1413 1222
1094 1809
1114 1287
1245 819
1566 905
113 564
23 491
244 630
1118 1372
1535 984
1497 889
755 810
599 380
700 1452
1260 343
1652 1109
91 424
1392 1285
584 687
767 1457
1894 588
604 638
1980 889
790 1923
516 274
1204 367
601 1072
1230 1704
49 425
1497 1965
220 490
895 530
89 1104
1498 1872
1052 1626
1635 849
1589 14
1610 880
49 1843
695 925
1684 1334
1965 227
790 1289
36 103
1817 1146
1449 138
695 865
1768 196
1590 367
136 1763
1637 241
369 923
1443 106
560 7
1036 644
1477 972
1446 1743
1740 332
1221 930
882 1580
1850 882
625 890
1698 1465
451 1725
1647 1467
1841 1324
1574 598
1545 1568
1466 1212
519 28
337 1023
1125 641
851 1887
1306 1926
1191 1545
859 1698
81 1180
465 720
924 1657
105 596
621 307
528 1181
588 555
358 465
8 635
1814 1254
412 69
1626 887
1279 1739
1355 1070
176 1400
737 682
138 17
274 1448
427 1825
909 1484
567 974
1696 671
1473 798
156 1643
898 1252
38 1306
398 1622
1502 1868
1531 807
1676 996
760 382
579 20
1941 1366
1570 413
1785 1214
1940 351
362 1329
891 1872
1875 373
1804 873
601 1671
991 599
150 474
1693 963
663 399
484 572
114 1761
752 220
1358 203
1626 454
1382 724
139 942
1099 861
1101 225
736 249
443 1132
2 1190
1278 948
1153 1801
1409 1296
769 521
1682 717
1872 1737
681 1894
1684 1077
898 1213
779 761
909 1136
259 1487
837 552
1287 1791
315 1746
1905 811
1174 924
1090 765
720 292
1634 1723
728 170
1004 7
1139 928
1122 1578
530 1355
1276 1274
1922 831
154 805
1283 746
820 1175
886 630
632 1377
1335 981
509 748
983 1287
1570 1095
705 1833
1328 288
720 1604
1466 1190
1269 1572
196 1966
1151 1144
1540 1796
1015 1715
1829 1848
1236 1292
1585 1481
1322 693
526 759
1504 1309
1137 594
787 470
969 501
548 1880
1615 1948
545 1939
1963 1271
444 1273
975 27
1271 1851
460 224
340 1663
1709 1626
1272 855
1555 308
1157 1260
449 619
925 1892
409 1348
1589 1307
549 290
1110 1670
295 412
1575 215
1105 813
1993 1662
1749 410
1716 2
1119 900
778 217
571 749
992 1426
1218 1440
1161 1555
1023 594
1381 1584
19 1900
964 1971
545 1532
1663 616
1119 1372
1121 515
407 469
491 1687
847 107
437 1640
275 1257
1958 1624
1735 66
8 1466
791 1264
1962 1495
1399 576
1858 1320
461 1349
250 1222
994 1827
606 353
1008 467
1898 1213
1259 1710
679 938
155 715
78 1975
251 391
899 1951
1788 1036
435 461
1962 1959
1177 974
637 1772
1965 267
541 1810
1017 208
1493 183
1606 1740
1644 782
1148 440
1183 1674
941 954
391 1668
568 382
1558 565
431 998
1481 1061
597 387
366 520
1030 1247
1604 610
613 1909
853 1797
327 1971
1819 799
1843 1833
1931 371
383 1725
1947 965
524 57
50 357
1908 546
1612 1844
1519 1340
594 421
1998 858
710 1508
212 1084
1262 685
1896 1635
437 1182
1447 1326
1617 1914
374 370
884 518
1537 1968
1593 1538
1356 1400
1746 821
295 1558
208 69
207 183
1427 1723
710 1179
770 812
691 1125
212 298
1497 430
1496 1422
499 1447
311 133
475 1529
1717 24
523 1286
1832 1498
237 1408
264 578
760 540
1824 1168
778 1119
1122 846
1089 51
790 1194
1673 1563
129 1538
1499 767
855 1301
1728 441
246 737
1949 990
1923 593
1260 931
102 1179
1187 1868
1794 417
1131 2000
40 571
75 1743
1895 237
1459 419
1959 1958
453 232
364 404
1433 1070
1180 1196
1347 1620
1279 1608
203 705
524 333
120 7
1703 1588
1488 1816
1513 344
932 1432
1393 21
1134 425
668 1643
1108 1979
738 682
184 278
730 227
1039 340
1820 759
1153 782
1550 485
1019 1195
1173 175
1691 33
1532 1958
1384 1882
642 56
166 1431
1180 204
1184 1534
471 934
1271 1275
396 912
23 1478
1581 454
82 896
556 1073
1631 1779
27 564
119 1494
1981 74
1950 543
1326 1979
1952 1771
218 1600
590 1419
353 605
1504 1936
333 1543
429 170
1442 921
1590 943
427 1320
1642 358
93 860
1822 808
1023 1840
940 1759
460 1059
1690 1792
1434 1488
484 1939
559 536
515 1378
560 1373
1954 597
1198 84
1603 1017
151 455
1723 810
1489 961
964 254
1178 136
65 1127
1013 993
1015 425
408 844
1797 1245
525 153
488 1551
1952 652
150 1420
403 861
1402 1171
460 1899
15 1787
973 586
836 1293
1944 424
1531 644
673 1995
899 1580
1503 1252
1730 1505
504 1380
412 1802
541 142
1672 1098
1131 434
1440 616
1649 844
1032 897
1049 1649
161 1534
517 1742
1830 1258
290 1221
1664 1878
1547 873
961 375
1345 1471
1039 479
1792 6
1555 1380
1626 1659
1034 1212
352 1679
973 1831
1288 996
913 1241
496 1209
204 1425
1797 1153
204 840
83 270
54 1560
1780 1389
445 1179
43 1186
191 782
259 634
1027 1311
12 161
502 1709
414 1465
1948 1148
1937 1191
741 1042
1936 304
418 629
458 186
1414 304
1696 662
1269 1515
1721 1867
1068 1260
593 405
456 1464
1327 374
1301 1106
1322 25
597 1271
1596 1034
1522 730
1456 720
453 1500
1802 646
1770 240
423 176
169 1007
390 1760
993 1568
1377 274
518 1115
827 912
1632 158
1941 990
1074 1624
1474 1148
1715 1651
457 265
138 110
955 531
1808 181
1698 1904
1425 1741
1115 74
1935 924
1153 1212
1414 314
1251 535
1861 160
1653 1272
1857 616
300 328
805 22
1500 912
1829 1093
1693 707
222 38
588 1688
1791 92
428 776
751 1268
1326 1775
118 1192
278 431
1553 935
1049 989
315 635
597 562
1137 1058
1945 964
882 1985
1995 1245
1779 1963
1359 1034
1820 1787
602 1859
861 419
174 859
1070 1941
1483 32
107 988
291 828
239 334
391 498
1478 1275
1480 308
112 1898
562 459
1149 1188
1164 517
1887 1200
1139 938
1240 91
1797 900
1858 1491
34 1428
340 1636
1904 1993
643 1517
566 1533
1704 1095
748 553
243 1678
869 1381
1877 471
78 1774
589 656
455 602
685 856
996 1731
917 384
169 1247
1242 1434
1804 1857
1125 1788
1440 294
232 1079
584 1967
852 194
950 567
657 887
1037 1178
313 1829
1107 274
288 718
1643 248
475 1428
617 915
225 1075
1002 690
1145 1361
1043 1308
1221 1676
760 1610
1788 1914
1731 1649
165 1612
845 1003
575 612
1070 18
1141 1049
388 906
1618 1568
1182 1655
347 1519
1231 1245
1564 279
345 135
10 906
473 1468
1415 814
1062 828
473 1273
238 1389
979 1743
959 1865
1865 688
550 1792
1722 1248
1381 683
195 521
1451 876
966 449
1773 150
12 1257
1590 1687
1593 1898
93 536
872 193
318 1565
989 1128
670 8
202 1474
820 1100
244 1068
211 1833
885 872
1438 1635
1652 1663
706 612
225 990
1008 738
1177 799
87 1696
341 1940
1396 849
126 258
1153 149
1391 1470
1326 751
1690 1236
296 1019
1154 1011
1162 453
1017 133
1695 566
423 1636
1989 1298
417 1197
1964 88
97 1566
1026 949
426 731
1882 1421
1032 439
959 1502
1348 713
164 689
1129 1844
513 1477
33 1638
1791 795
909 109
381 1841
1112 76
983 1359
1292 1152
967 1389
401 289
1688 1707
1450 735
1739 1443
1307 965
889 1924
32 1488
52 41
1223 1584
1058 3
161 1870
912 276
1879 1644
752 1558
137 1972
1295 628
1445 1670
1177 1877
565 1951
660 1914
531 1959
1901 357
178 860
1343 147
73 388
1107 1015
1501 1142
245 1573
1899 714
161 217
1943 1522
1740 652
64 2
883 1342
1130 1786
1507 1021
562 724
189 1343
1240 66
13 768
402 1554
548 1754
115 1887
851 637
1696 1868
1780 1557
126 293
900 556
241 546
930 310
1156 1232
1391 1417
166 600
1908 360
607 108
776 1644
1855 1460
966 908
1593 686
123 1921
18 1591
500 1461
614 1104
480 1627
211 712
1685 964
912 562
28 323
848 726
1776 62
892 1575
18 646
566 754
1292 1780
267 203
192 605
381 1130
977 1520
802 1655
1270 1820
133 1239
862 1973
154 682
64 1560
758 332
417 1155
331 1483
72 1379
1882 358
268 15
1252 1277
43 1991
382 1969
1304 970
615 653
1948 1309
571 7
1736 1264
129 666
697 628
1792 1372
422 270
768 483
875 1108
1914 860
1423 1491
1027 709
150 2
1091 1367
879 1873
1173 1414
412 613
1773 1632
885 79
1507 846
1382 1232
452 1929
1923 723
631 631
574 693
1714 1019
436 1475
1640 1311
882 782
211 1151
1693 999
1422 1532
818 1045
1799 1863
1182 1974
1017 1354
302 828
1594 1437
1029 927
1356 1966
842 1896
1435 1212
367 421
497 81
487 1876
1033 1637
585 1837
223 1587
1059 143
1208 1167
826 1301
1063 1846
1815 1085
1554 334
642 403
234 1564
1680 1880
1080 1642
675 372
628 51
1658 1092
1343 1202
1546 1884
1572 117
875 1709
1480 846
1629 1789
968 789
1448 862
651 623
1232 1606
1578 1838
1956 485
1155 198
689 997
554 1981
1061 1128
1146 1338
775 1543
1759 1776
1182 82
355 1804
1410 806
988 134
1719 906
776 1205
1896 276
956 716
148 776
1087 529
1988 912
921 1292
299 536
918 7
1742 279
295 737
208 120
990 1727
1910 1379
681 180
717 807
707 783
1502 745
461 1615
1261 1671
1660 493
183 600
429 753
682 1179
757 1551
1693 869
203 974
853 422
211 1365
753 635
107 547
411 1672
135 586
1898 1985
2000 1678
618 1579
822 1538
281 1173
483 1019
1613 282
1816 710
1750 1686
1051 188
642 1846
42 587
667 524
1147 224
1434 1545
951 1073
1 700
1228 126
237 1011
1656 407
258 891
393 1331
116 1271
1930 808
1609 1739
1030 151
1867 755
1778 745
