5000
835 176
393 821
1360 559
1383 1373
417 1694
858 627
950 571
1689 63
1812 157
1906 822
1693 1418
213 1319
1321 1612
972 642
430 359
1064 1679
274 1113
639 1990
1588 717
331 1332
1627 254
589 1656
23 813
1547 1733
1905 909
383 1125
635 802
120 1839
1651 1247
1881 1665
780 486
1135 1720
639 1492
1520 827
1725 936
1163 1223
246 1570
60 121
160 874
91 765
1228 1295
1771 45
1277 1611
569 163
421 52
435 706
531 949
110 125
1664 1520
1370 1291
733 522
924 394
1488 1053
1715 173
356 387
1549 1749
565 1650
327 1954
806 46
1916 932
1457 1561
527 1700
596 1760
243 1801
1833 205
860 1328
912 1019
1263 208
447 1757
1439 1024
1088 1741
1483 405
371 876
1652 1925
383 1540
1735 1687
630 1615
1497 498
447 909
998 699
548 1177
1734 815
1036 433
1234 1139
1546 385
661 195
1441 659
202 865
1198 370
1061 279
325 61
1009 385
1530 1170
800 1115
704 745
1529 1666
134 522
1728 1965
901 116
668 1063
1932 455
247 1827
670 710
1042 484
24 93
1910 879
1430 456
1344 1637
846 1824
1230 1501
442 1938
1884 1066
1020 1952
763 1218
591 45
1366 956
525 602
772 1688
476 1145
782 870
1344 826
1167 229
398 787
904 79
1198 906
1585 896
64 1452
921 1997
1253 1315
651 1414
1515 1370
1508 1926
1358 1341
758 1116
1999 1447
173 715
74 485
780 811
1883 1379
1905 1239
1010 521
1640 152
1629 1162
983 1188
1010 1762
1651 199
1918 752
1297 1282
1219 1196
1053 1285
914 206
935 104
942 263
1636 309
1701 203
1521 888
746 130
1280 1757
1875 1890
1913 490
843 329
93 630
717 714
1164 270
677 1739
277 1860
1389 254
724 1692
586 1832
700 232
1191 1552
1538 586
1463 1792
991 1480
1979 1599
1075 1885
579 985
1451 799
853 401
58 1670
803 1282
637 1530
1058 1378
1244 705
449 228
271 1728
1984 648
1075 667
26 1731
546 1580
1293 1723
1643 237
430 539
1526 1236
1849 129
1528 1341
311 1293
1838 1101
1153 1528
1872 142
603 466
1549 1182
1481 240
554 1828
1500 1233
1931 1955
947 1235
1880 822
1354 433
568 1637
197 1288
1945 469
856 206
530 823
1873 1593
150 439
1551 1462
1140 981
1586 1547
690 1617
1740 1477
1423 26
1638 1667
936 80
1355 1685
1006 1885
964 287
1425 1168
279 1903
1616 741
2 420
124 273
264 51
653 307
81 372
1029 1167
115 1330
838 1716
969 704
113 840
1544 1362
154 603
1621 1648
0 1435
1837 976
1640 1256
1549 1275
1073 669
358 1472
305 1865
370 1398
345 1243
689 1132
264 298
1255 907
1236 1838
753 844
657 669
1302 266
708 618
628 922
1302 1150
1807 1749
219 695
1694 55
913 1106
1016 1413
759 567
68 1596
645 1043
141 829
1100 1949
1483 715
1815 953
1398 1236
1736 1681
1589 482
794 577
520 1339
968 683
383 786
1669 1639
897 74
1207 1214
1145 1888
633 1393
938 1869
1843 1053
687 407
259 577
1268 1872
1523 894
558 872
285 229
1896 90
1735 733
770 812
1393 129
982 364
1642 679
1767 673
1314 785
1804 881
1275 9
902 852
1809 602
1205 1483
1399 1585
497 1511
93 658
285 655
1857 152
1044 287
1953 513
569 659
1220 429
1702 413
1144 48
1084 1454
1651 1960
495 341
1876 1469
629 425
331 63
1956 1289
1878 837
132 122
248 763
1277 348
497 165
1872 1061
315 317
1542 1389
184 1759
882 532
218 1263
1264 1283
1014 61
1897 1852
1043 573
1183 1833
451 422
1301 1348
676 1240
82 326
1314 612
1905 1149
1645 485
1927 584
945 462
1348 237
331 2000
318 1969
1204 1380
463 551
533 251
1981 1176
1648 269
175 1846
894 137
1701 1752
256 614
1942 281
732 1959
1156 1204
1920 625
1742 1593
1153 1142
152 202
1714 1898
358 1484
981 1783
263 1001
1129 1987
100 1568
1079 460
1678 1578
1673 1379
314 370
752 808
1570 689
1477 1845
1624 1880
776 176
777 934
1342 1684
980 113
903 1370
1703 1070
711 1849
61 1331
1022 749
544 1729
715 1115
273 509
876 227
1686 1898
1430 921
1388 670
1001 450
418 405
169 757
514 1851
1337 1844
449 341
1611 341
1356 1191
1791 631
716 432
1572 1364
1458 1216
1641 50
1019 336
1544 1265
554 294
166 1091
1343 482
624 845
1764 106
47 737
1964 1781
594 1731
90 1936
1960 465
1384 1255
1402 903
541 1035
542 809
488 1030
1841 1854
1783 336
1526 1129
1633 1717
1057 1646
1531 33
308 1360
1990 556
409 1640
341 482
859 1216
426 773
796 529
218 250
512 733
1014 428
446 1862
429 1381
756 754
1301 435
547 1255
1502 1070
194 1638
693 439
1786 417
578 1306
900 582
892 1595
941 1436
1252 1713
1631 284
1883 1442
1091 474
1995 1484
1037 837
1108 735
1654 701
494 955
1980 369
1359 1058
292 1941
298 1762
419 505
218 1441
806 1541
919 1000
679 541
1938 1672
1230 1874
119 320
1925 878
1187 1585
1807 1061
356 1516
248 909
1023 1156
1903 741
1628 1847
565 1709
809 1853
25 979
737 1051
1468 1920
484 1076
376 1318
1310 1729
907 761
1022 1679
1502 357
593 327
1195 371
318 1553
1752 1716
790 138
1443 1466
971 977
2000 1061
1548 1538
844 899
1219 1039
1200 277
27 1025
759 1074
490 1051
1696 1103
436 1083
105 1347
1942 1433
125 609
1882 1650
376 1156
1517 433
1338 596
318 1456
1119 1919
1752 752
926 1148
1322 1493
547 319
221 750
161 1481
1396 770
536 268
1793 921
1862 324
1256 579
833 1730
1387 831
866 877
531 435
884 16
820 1963
1953 316
216 890
349 531
1295 1759
1496 346
1678 1956
1591 299
1779 1837
1164 882
217 898
1339 702
948 1710
1499 1901
1951 1467
1070 804
614 1403
427 1193
922 576
1647 1038
369 1436
1830 788
1653 1260
996 56
1023 982
311 1428
457 1594
922 1307
108 1908
1046 1865
1972 1015
688 522
195 1554
153 360
1947 1915
1298 1393
378 1789
137 246
438 688
697 1293
1847 253
1082 1950
1889 393
1380 107
502 1905
719 1300
310 1134
1418 296
1065 399
363 816
1649 873
1915 54
969 826
399 722
1967 419
980 1438
622 1150
1316 1939
1858 174
1887 25
753 1413
176 951
415 1821
756 1029
1478 567
1446 1914
1032 732
1676 182
72 937
895 828
104 1033
906 1768
69 818
483 1334
286 806
567 91
1588 1483
723 1088
1677 1371
373 329
84 1645
555 966
879 160
849 766
1317 802
1915 924
1261 543
347 1176
153 972
338 1464
554 299
1259 1556
1730 518
1795 1184
1448 1547
1438 275
477 661
1201 372
1936 358
1241 756
1803 719
461 813
810 607
1911 1032
1281 601
1189 1290
1818 1071
1326 1305
977 1331
630 256
802 1091
911 389
1796 1385
173 1985
1352 1991
80 1206
1787 663
931 476
1091 342
223 84
417 1711
1678 1171
265 1818
1064 777
653 462
1047 926
9 5
377 1150
1878 1454
99 1988
522 1477
1161 214
960 1956
1417 171
1923 895
1545 1211
395 865
449 1080
1118 469
1370 1758
1817 1856
1470 1097
1003 1210
1770 199
1496 530
1494 322
1458 1740
531 151
1571 474
1810 85
1836 1287
176 652
1931 755
1952 941
1961 760
187 1246
1750 792
1124 661
596 1986
435 1384
989 1176
32 635
1145 942
138 1876
116 541
937 228
895 1437
602 1072
633 1920
1871 666
765 459
168 791
1173 558
1029 1069
1516 922
738 792
867 1024
139 1922
1919 1465
629 1409
508 1252
1239 304
706 330
370 1912
35 943
444 1107
1009 231
1628 1840
1832 1814
651 1056
1666 1561
415 259
701 245
1428 360
1666 1526
1904 1899
866 1622
171 639
1381 1383
1829 289
888 1041
491 1369
425 1455
306 1795
1385 47
1577 1877
1760 581
1679 265
799 1309
1157 265
905 1478
656 329
670 323
1484 1276
1484 1165
56 1890
1840 1456
1321 1074
990 1027
231 622
1360 463
1301 985
1968 602
667 724
1754 1421
470 764
1869 612
684 1977
719 1496
1361 493
933 1199
1568 1149
1336 1797
1147 1353
1467 52
901 1846
1319 698
1490 1459
843 343
1559 1491
1494 1948
1768 1485
1264 1558
1415 419
873 1077
1640 851
3 1638
1006 1777
880 1723
1413 235
1098 1643
372 1635
1376 578
1831 1122
488 758
1148 1651
528 1890
1422 968
854 424
1909 1836
649 103
1128 640
496 771
1011 223
852 1811
959 1466
1397 969
392 939
55 954
1587 766
1147 1204
1516 886
1620 1535
1901 163
1392 1113
1440 541
1314 443
261 764
1951 761
1233 1531
536 716
1284 1934
1518 1050
1666 125
1086 1254
146 1229
1214 50
736 1941
1625 745
1073 1017
1357 1008
886 1583
1293 624
1953 945
1139 529
752 1396
1698 1541
1409 1528
860 990
651 375
158 580
1999 1989
989 1310
549 680
547 122
974 1976
1488 1695
565 178
1871 129
1374 190
758 1101
287 1115
401 364
1820 748
372 1083
1740 1738
1974 713
293 921
936 1016
258 294
1312 1610
691 275
348 1561
991 1687
15 219
1182 1129
1538 157
861 612
1497 1273
1464 1852
1449 1488
1738 163
443 1620
1065 557
504 1508
415 1683
478 1056
1211 1023
670 1186
603 1923
197 975
1803 1854
1047 442
252 1888
1460 960
1877 862
243 1097
1724 1135
237 1143
1903 79
298 1306
1456 1501
1043 107
1134 82
916 1868
1438 1563
62 214
1549 1260
903 1429
136 560
1714 879
47 336
670 57
1038 1738
194 1141
929 918
1246 1789
554 933
1527 1874
1926 650
1700 1943
761 956
1315 1777
131 1710
1284 127
237 225
221 926
1705 1880
1439 1143
1499 347
621 1710
242 1090
445 1746
518 91
1871 1139
1778 417
1709 1329
985 1590
1168 722
1560 739
77 1477
942 1634
1655 781
1523 400
1349 161
444 643
746 765
5 656
1365 1906
1607 880
1276 882
670 1714
723 84
299 1341
124 174
1264 1621
1763 534
1483 1536
1774 1149
1191 520
1282 1232
517 361
1785 1648
451 1863
977 591
1190 1678
292 1428
1746 721
1131 697
309 1900
839 182
1087 161
1724 1147
904 1629
1272 1705
150 771
951 1974
490 1012
1735 178
1384 1699
962 747
1203 1695
983 117
1413 1317
412 199
1973 1411
1389 1841
1862 1306
1384 1590
9 457
492 1939
766 232
1844 1446
1510 1709
615 1663
963 272
133 1367
979 1978
1634 1809
87 1529
1561 1630
1427 1146
1599 1928
1548 1120
1983 1112
697 580
1724 1218
1673 60
730 566
1964 1013
225 437
801 1130
1181 284
1964 620
1069 1570
63 149
1532 1915
980 1989
1405 1381
39 136
489 1656
807 1884
789 298
1118 991
1279 1954
84 337
901 57
567 1748
558 1338
1767 130
174 588
26 1643
1401 885
1973 1405
1701 641
654 1389
1240 194
1411 741
851 1335
270 1130
1181 34
676 1746
1077 282
1442 51
731 1275
1568 1117
1819 1541
847 170
738 1818
1660 1228
583 933
766 139
1197 1824
375 272
624 1543
894 773
1344 1539
438 1555
1160 185
416 1236
1264 1826
1000 600
176 523
764 24
477 376
1658 47
704 896
260 319
1726 1653
1964 1509
894 1247
296 216
1047 266
29 1594
164 1102
483 36
1767 807
726 1131
1686 384
301 1134
1116 639
1777 1832
306 882
459 1267
702 1860
1581 781
1843 1188
576 1607
605 632
1965 1104
1605 1807
470 1702
1163 1380
267 1851
1047 1575
1749 387
455 1465
668 876
1760 625
86 1043
542 1
977 233
1605 223
1319 1689
1713 1679
673 712
873 1610
283 35
792 547
1400 1098
726 621
281 639
1386 1916
1383 1251
1491 1625
484 108
557 679
1297 110
481 727
1672 1147
807 566
65 1248
326 647
1690 521
471 800
1510 687
363 804
645 1467
1839 392
1663 1255
351 441
228 532
897 1788
1492 1488
815 397
237 1219
1821 1956
1343 137
1721 541
1623 329
1281 327
1468 514
1373 1234
868 1990
1063 1400
1611 223
1063 359
426 977
920 1527
443 1506
328 1374
1358 653
626 1394
125 409
360 728
1854 31
314 273
1293 1492
1922 185
1315 1657
1221 1770
672 271
1842 1287
1569 576
754 454
1369 953
1329 704
1486 856
1763 1731
838 200
636 162
244 1172
648 309
1820 1449
173 986
364 1682
963 1620
745 616
566 1125
736 617
1657 883
445 1417
910 613
1591 691
1455 1397
1304 1348
1002 860
1275 1327
526 539
250 176
605 322
1605 1303
968 1889
1327 170
341 1638
89 1334
1267 1123
180 1445
1327 930
1827 1525
1781 1571
668 252
1172 92
1286 769
1144 1650
499 281
1562 1476
1866 1118
1653 1237
441 691
279 1553
1353 319
1865 945
1184 1523
1414 1067
1441 850
475 1605
202 643
827 955
1084 787
715 1413
1193 1819
825 611
1556 1065
1815 1882
1162 1857
101 1126
1904 1163
719 487
219 1843
353 1251
1339 1408
708 1149
1736 11
1257 59
1809 235
1430 1663
1379 284
1928 742
66 1565
1815 1558
1839 728
498 826
1367 1337
76 45
729 1976
828 1387
665 1789
986 719
343 15
128 1141
1166 1037
1022 469
1869 1653
970 1304
1658 218
265 418
1921 304
7 660
1099 1217
213 538
796 1604
1869 1249
1233 752
130 1537
337 1851
1857 348
1419 1710
1945 1935
239 857
563 1456
1358 1691
1259 1353
794 1676
564 1869
1979 1737
1973 914
136 1189
432 282
839 921
1496 1457
1157 1557
765 137
1498 1982
872 1614
1401 1133
461 1107
1850 1473
626 1978
83 1876
775 1512
1594 633
1789 536
152 1155
1207 681
1234 1015
1842 1289
1562 644
253 135
795 451
476 848
1086 1341
1833 712
1584 1041
1971 868
267 579
1768 1331
1637 114
56 105
1543 31
394 100
620 1196
386 1475
797 163
30 984
1587 1909
971 1936
1794 956
717 1001
1978 1804
713 1709
1713 734
717 1230
1777 1971
1474 1853
1194 1745
854 532
705 1775
1892 1095
21 1552
327 305
1599 340
104 1865
583 1673
404 730
1337 356
937 53
1106 402
475 578
848 1820
305 556
1770 1643
1603 1613
1964 1768
1787 203
81 1845
45 1174
300 1487
1115 891
35 1123
1727 571
1598 1126
1080 668
1454 542
1800 972
1454 236
375 235
138 264
745 877
470 1327
1677 519
463 284
1341 724
682 31
1394 1665
850 1852
375 1324
250 557
1667 1043
1129 940
1945 453
1601 1125
969 216
283 1013
318 178
1723 1291
1745 1150
423 666
159 455
937 1760
1201 145
1344 13
1812 532
520 1769
1043 1681
1413 965
392 820
344 1693
1912 562
819 505
1388 304
1958 1943
1527 1769
564 566
1904 476
1879 157
82 982
1607 385
1101 111
69 1971
489 634
1794 1827
1978 1718
582 1959
1165 1002
1325 1353
1907 29
1020 1388
1203 1479
1477 291
417 1534
1886 1005
18 803
1185 5
919 1422
1302 190
555 1300
1141 557
1017 1074
1480 410
869 1416
1380 1870
1861 1417
1588 1422
1842 1296
635 1621
639 1932
1263 1013
581 235
1687 619
1641 76
270 287
1357 1844
1303 600
465 90
1389 664
819 543
683 1414
1560 596
979 676
1933 816
1937 1498
268 1125
960 249
195 1976
958 50
964 576
1774 295
166 1112
1167 1977
119 1900
858 1513
1168 549
1868 467
827 877
1212 1399
1484 447
774 153
1392 857
894 778
1368 146
361 991
1580 1919
415 1328
1552 1998
1872 792
70 709
187 833
614 743
1896 402
1022 120
594 1780
1737 1992
658 264
1745 560
1560 1610
1290 76
1289 273
1086 769
117 1484
1111 1279
1817 1619
1339 1091
154 1978
792 623
1359 1833
218 1657
1979 982
628 1328
1857 1576
1255 763
1149 1598
719 1437
834 1675
692 1610
695 1370
996 1673
567 1156
274 1752
961 1562
101 1659
1192 1136
1771 1963
170 1463
1164 988
1476 304
757 1070
344 167
969 432
1902 857
1728 1168
289 1592
281 527
1239 824
1093 1812
935 469
962 993
1620 1802
266 660
2000 1648
1509 1161
623 1494
1213 967
377 1736
1712 1528
636 1246
808 256
357 1912
16 815
635 1071
535 1544
1551 1072
1477 605
813 1806
1312 175
326 9
1288 551
90 1889
1806 137
1789 844
1908 1622
1077 1532
1520 1268
122 545
56 1514
1660 781
1552 1775
1812 1285
1186 370
130 1616
1027 478
187 1293
656 574
368 1999
1017 1051
1948 1437
1767 785
427 1112
1847 306
1722 1608
1409 991
1690 1305
1876 893
1049 3
1596 1927
1576 25
1606 161
1451 1096
221 1148
633 1127
1911 1413
111 391
401 771
588 1962
461 1252
1922 1453
691 1969
1524 1402
1357 1957
1370 735
1684 265
585 167
1350 1297
1396 1957
507 1265
1277 1088
608 1270
779 1691
444 88
1152 1439
254 1180
519 1635
533 27
1644 197
1453 34
1143 451
693 643
144 584
1736 928
348 804
701 0
1905 1159
563 423
687 883
911 1699
115 302
736 1759
1103 941
182 1282
1811 685
527 467
839 835
970 351
54 1806
243 1094
1521 979
940 70
887 170
1320 1473
1267 1328
1590 442
1675 1320
824 1004
1918 1712
359 1456
80 526
1728 378
940 1312
457 418
1686 520
524 649
1744 1271
1527 1426
1457 1306
61 39
1244 982
157 275
1082 1328
1884 298
544 1386
1873 789
1041 1886
1994 1321
1162 807
1094 1503
929 162
1602 1826
1839 1057
148 309
502 308
342 411
1712 1329
1370 1813
940 1701
1114 1610
1963 635
1350 339
46 577
1357 1117
1389 611
1835 678
1504 1446
1996 1548
1781 975
1703 78
924 387
1771 1579
15 547
1912 1813
1383 459
966 1784
957 28
1212 1051
1833 577
188 789
1395 392
1807 924
946 806
107 42
57 749
1946 826
653 1697
210 1167
1011 1445
1493 978
1391 983
271 824
458 458
844 794
1897 883
33 562
540 1385
1249 1406
1246 468
1348 896
1797 1780
1500 130
1891 1935
1483 1907
881 1934
1469 1622
898 982
600 544
931 1016
1219 337
427 1275
756 737
377 1383
1998 743
489 1132
136 260
873 1690
1832 157
1077 347
150 99
1705 203
68 79
1442 242
180 1134
1068 626
665 1970
805 887
404 1536
1422 1495
163 1449
1737 973
608 1987
1524 1924
1524 1756
1202 962
734 476
475 1678
19 1989
1554 63
1039 299
1680 1090
1832 1897
1706 1949
1354 790
723 276
1625 810
1399 1353
583 24
605 751
1345 731
601 1435
1325 945
577 92
694 1437
249 386
762 1841
455 847
180 971
446 1221
694 362
891 736
315 363
324 1450
1361 557
1051 692
1714 117
689 1530
640 1718
597 1479
1037 1751
225 94
890 35
500 855
1968 1124
1615 202
844 895
991 1579
1093 344
1062 710
1457 170
583 414
1033 261
490 1482
1656 608
1399 387
836 1559
1418 1579
1284 1191
1908 1002
1667 1355
1211 1608
167 656
1176 601
1811 1381
1738 403
143 132
25 1487
55 445
845 570
897 1911
1038 1164
1558 1683
623 1801
1534 1769
240 1191
1742 268
1710 496
1595 1837
663 1073
1794 95
599 1376
213 639
818 703
729 1609
868 1966
383 1696
1431 1502
279 184
1602 109
1827 153
483 1148
1289 325
143 1227
1089 1763
550 563
1303 660
285 1698
403 1140
951 892
1371 638
1387 154
857 172
513 968
835 192
766 1731
1012 693
250 359
1180 1989
97 1859
1934 1133
540 1570
1186 1490
1852 635
244 788
135 183
281 34
250 828
1944 531
1767 601
239 1663
1011 172
1549 1914
468 1868
1091 305
328 1978
605 885
1189 1026
1874 927
1575 826
1152 1156
69 1232
1474 1463
1916 683
1809 614
1417 945
333 438
483 1085
925 651
1194 1373
981 1581
146 727
1471 689
1504 1835
463 958
1499 1989
1246 339
693 350
517 1330
1823 495
369 1136
1707 556
1193 1332
612 464
507 484
710 895
982 672
312 15
1711 1369
874 1135
198 237
429 243
1152 1426
961 1576
78 1906
1588 298
497 1598
1957 187
1181 1503
259 357
1631 334
1187 310
330 1457
129 232
1119 1509
29 772
1069 243
997 626
1019 464
1296 776
1270 440
91 223
872 825
1189 1478
168 1828
1280 184
948 1979
1333 1962
1483 713
418 282
920 739
1403 965
794 643
692 1776
1713 214
631 1373
1439 998
1317 1177
1556 328
1280 1971
1883 824
1151 1185
213 331
115 1890
1177 656
1633 1621
1244 1930
708 782
1077 189
1974 898
1739 712
862 456
486 860
703 1067
626 400
1656 447
785 1859
771 1125
1396 1592
1634 772
1819 1537
669 1403
443 292
757 464
503 1666
3 996
1812 1333
946 1359
1600 1790
1336 389
378 1827
743 559
783 1616
1599 779
1550 571
1450 1592
920 1678
1859 362
391 950
1601 1802
1291 1972
130 545
1327 1908
722 1923
1930 319
544 593
1303 980
1596 1621
1198 1681
525 909
1642 664
476 1086
594 415
1721 592
1710 137
1399 5
387 405
349 336
1271 247
369 389
505 225
1861 543
1597 821
1788 1858
935 1646
313 1090
258 669
117 1036
1965 838
1862 117
220 1992
991 685
875 1539
1960 1094
1766 915
1 1754
549 1318
1406 698
1819 1303
1701 1333
179 977
1083 510
5 1130
1943 1154
1508 1560
1240 595
215 1734
89 282
1517 1990
881 1861
1477 1393
608 1642
568 2000
1785 1017
1375 1270
214 1569
1815 1743
1716 1008
1667 1390
1067 294
1965 509
310 806
478 700
335 237
1943 934
925 1393
1048 997
566 1088
1910 634
1516 777
38 139
689 516
72 148
163 1952
1156 210
144 320
482 1054
1704 178
1376 35
1999 1610
953 1604
459 1363
318 1422
610 126
208 226
620 1778
1839 295
1273 45
1896 65
40 1123
1843 1463
1224 1234
1251 1460
376 1754
1665 1871
1206 405
1750 1413
451 722
670 1785
165 239
1994 1401
82 856
954 338
987 184
1416 115
1760 1208
199 1455
1951 728
1837 1123
175 403
1564 1655
929 600
1843 1088
1715 1866
1003 1915
251 327
218 934
870 955
1230 1129
449 216
1420 692
277 1461
728 1857
1900 221
1444 1318
552 1640
1524 1647
678 612
309 320
581 961
568 621
1902 359
800 1161
753 1252
1660 1095
521 1750
1544 1469
952 1197
567 1428
1942 537
1692 387
648 467
420 1898
1920 707
1014 1342
1156 1434
725 41
1814 731
1440 1315
205 998
1752 204
1310 1111
1937 500
769 753
139 643
850 1058
1942 844
1214 1445
370 126
464 1049
68 58
1935 996
1090 1461
981 813
1016 1320
1735 678
1205 1943
86 740
1008 341
368 312
1827 1323
861 1888
1046 1299
853 1095
859 1126
1843 3
557 171
181 343
1568 1464
223 1908
783 1727
514 1813
1193 1705
618 442
262 1123
1186 566
1862 133
19 532
218 609
877 1274
137 268
1845 629
4 1548
923 1339
1565 1936
966 1568
900 600
1806 493
1022 1163
661 582
88 1547
1239 1036
230 321
465 1915
1692 677
728 1308
228 20
203 460
198 1761
1710 1252
1071 301
17 726
446 343
256 841
1465 1993
1500 1209
465 370
670 691
1972 452
305 195
160 198
983 1604
883 551
1462 1613
349 815
1243 972
1891 242
23 1117
467 664
70 1715
1413 442
229 561
862 885
1702 1465
1404 184
1482 439
1130 348
127 285
1894 994
1738 846
1480 1366
1182 1487
1962 174
1640 1166
481 1922
447 1475
388 628
1978 1124
181 120
538 944
784 1255
1778 1453
1556 1644
1225 467
1023 750
895 487
1928 351
1543 431
1301 693
1989 1888
666 383
1527 582
1190 1501
959 1504
795 1263
1851 1636
1954 82
1223 308
1651 1515
199 1252
1669 1033
19 878
165 437
555 1108
1151 189
616 1446
258 1427
589 719
543 113
319 826
945 1700
31 715
1787 1131
1456 1665
1562 458
77 739
1770 1521
1577 1879
1301 293
1825 842
1892 1272
1872 185
1565 979
832 1215
1446 724
1957 1836
99 1585
513 243
1054 1074
1920 1330
611 814
1966 1498
1142 784
1371 1776
334 151
561 327
576 1165
1228 390
882 762
622 1758
1261 306
803 1448
947 986
939 1555
1135 394
275 1056
1541 106
1881 1096
658 1764
1197 961
5 1505
438 1485
957 446
1485 510
1443 1547
1153 1526
971 851
1651 1743
1548 260
1994 1272
3 157
213 550
1932 59
322 1653
1368 17
439 1453
1425 604
227 1633
662 1602
368 786
385 1885
276 1945
1085 607
730 756
1395 1202
1073 796
352 323
699 1521
1884 942
218 1238
1472 353
1120 1909
518 1842
1949 1917
450 556
821 1697
286 1885
1009 1493
1423 1101
1273 1266
175 1095
314 1201
1537 1866
1113 759
1817 1007
1637 1619
1044 813
1302 364
1126 390
1863 872
1617 938
852 350
1125 35
1671 978
1740 1364
1590 891
1456 1960
108 947
26 1659
753 732
1049 911
871 679
471 1492
938 541
13 1888
1544 948
55 819
1796 757
1915 809
1687 811
763 1727
856 588
1719 383
1022 1993
857 1594
1139 1254
1028 568
1966 1837
693 781
1339 1234
39 829
370 889
723 738
555 223
1896 1546
615 638
534 283
1890 73
1748 823
526 1639
422 1268
1543 650
480 252
301 1658
1021 1051
1672 1545
283 391
23 1929
1268 1201
395 1867
1867 916
325 563
193 22
278 1000
1569 1683
1346 602
594 249
1611 1724
325 983
1523 278
417 1486
812 684
1854 611
57 1734
1671 21
406 1777
1207 1249
1452 856
1452 284
679 225
123 361
376 333
1285 1004
628 860
152 942
1642 256
428 202
523 1990
3 1756
639 1699
487 1228
874 98
195 293
869 396
1861 418
350 761
1698 1415
518 1502
1947 1474
1166 279
117 425
294 1083
1905 371
140 1476
95 979
1486 467
1265 1521
474 1533
413 1148
1831 1061
1192 985
614 332
57 1041
1187 484
289 702
289 734
724 1466
1501 230
518 59
166 1988
1796 1643
257 93
336 1456
1330 540
1538 434
328 930
1776 814
1181 372
115 1852
318 906
1112 1212
443 416
1690 176
622 941
782 769
957 1049
735 718
1814 222
842 781
1967 1214
1749 198
307 491
1749 1880
1264 100
1519 504
171 866
178 23
1026 1044
1230 1617
592 1697
672 1980
1534 1318
770 513
1582 1119
1147 900
746 232
410 787
1044 307
111 1069
1172 229
597 1823
157 1796
989 53
1612 927
465 931
235 1341
413 1610
1152 563
181 1173
1463 1631
1629 1026
467 337
625 1642
585 188
442 1708
19 893
1542 1009
1374 732
1678 1708
1518 1764
1239 62
1080 509
1377 1948
1206 1063
1627 407
145 1118
1836 348
630 1731
1284 314
1500 1064
342 159
681 688
1385 1382
848 377
1615 468
1666 1653
348 1680
350 1988
937 954
1622 107
937 1540
777 414
10 1548
671 503
1733 1580
921 1180
579 1872
147 1593
1435 1389
913 408
1034 325
1256 1033
1879 756
1407 1879
1258 1704
1373 1232
704 24
55 1603
108 612
1070 579
157 695
1486 1325
1692 405
1058 1108
1127 1486
627 278
1230 610
1535 307
170 1583
855 1342
11 1834
481 324
1052 1087
1136 1664
374 6
1262 199
1285 157
1539 209
584 1976
1716 1574
945 1615
1236 1692
1930 1177
873 1143
1630 1349
300 1693
1252 1149
148 131
921 1838
148 1966
786 1497
1084 1720
1037 1815
205 626
261 249
533 1185
1143 753
518 1062
824 1183
115 1682
930 542
1654 281
4 1446
1426 1784
522 1908
94 164
1110 728
1090 392
42 1458
744 1985
1075 1139
1630 679
1154 256
1325 1937
576 806
928 1125
1061 1957
1144 229
756 1170
1211 916
81 1733
884 780
1630 657
1427 75
473 801
1444 128
627 546
500 154
1888 389
1803 180
666 1385
751 1098
1174 275
58 1997
1663 1058
647 1002
209 1059
327 1704
1212 1777
725 1019
1110 1783
823 216
659 42
1908 373
789 1610
972 896
143 1147
671 1013
112 66
1614 1538
1128 1027
899 830
781 660
1487 1688
1944 1649
1163 1359
1559 677
923 779
582 733
347 276
1149 1068
541 140
1884 524
1729 1827
1737 1888
1692 1083
1953 1777
768 1879
1109 717
1946 1121
420 997
1969 25
850 1316
1506 292
685 1469
1325 1026
1583 1153
922 1965
182 1718
1949 0
1797 1831
19 938
314 1638
51 18
1857 465
1418 1886
370 794
1947 1290
1229 525
227 304
70 1386
1416 1571
134 699
77 797
1049 1484
1663 364
1694 1686
1506 590
17 531
1284 358
1387 241
471 930
1652 818
1302 399
1936 382
1730 1268
213 222
50 740
665 1770
1650 751
1496 1845
1055 1074
1171 995
51 560
426 1066
1695 756
452 1123
1259 1166
1204 586
679 829
1793 1495
1642 993
1452 1893
246 1544
1909 546
352 80
445 788
314 719
1406 1121
1947 115
1063 1118
140 664
1970 860
560 85
521 250
1633 1474
950 183
1463 247
92 610
1088 311
127 426
1037 1121
1060 1912
174 1580
1744 500
348 1297
978 551
969 915
787 1512
495 416
1941 761
1531 399
887 1946
1735 815
226 698
716 1623
57 250
282 1919
70 1383
1280 1733
1740 368
1485 449
130 1228
1570 24
1931 1862
1540 1800
491 1396
513 32
612 1815
1014 1808
253 725
1328 1141
1088 1992
1276 977
598 1476
1508 1213
547 413
333 103
354 552
1355 1950
1896 274
1645 493
1745 614
1241 1746
1779 213
99 105
1084 1230
410 736
355 1794
81 488
1706 1972
681 794
650 1926
1312 1894
758 1755
1592 975
314 1644
683 1773
1032 1544
150 1208
1464 14
1877 1689
60 1458
472 1013
610 1531
715 552
390 823
110 657
1398 1953
535 1446
1293 591
1655 1649
1176 1952
1023 1493
268 1390
442 1037
1514 670
359 305
1255 1930
162 1710
1730 93
1675 109
1790 255
1974 978
1687 1439
86 1424
1722 864
1868 130
768 61
602 448
1639 1898
1192 1911
47 1806
998 1531
270 1788
1660 509
1201 1524
1942 126
1157 146
10 882
137 1645
1992 843
1006 1461
1963 1240
1216 1774
231 588
871 1900
951 1471
27 420
1850 1896
581 1635
253 1529
1284 48
1175 871
774 408
1824 800
1928 1283
923 688
1611 78
1137 910
291 944
973 980
223 543
812 332
200 1998
43 1385
777 833
921 1781
58 1548
99 327
1102 1291
401 911
1639 896
658 1901
1059 1869
351 692
1942 1696
1584 1544
1189 239
73 1593
1299 1237
1476 1295
1156 1784
1680 1
1379 1258
1231 1990
429 776
252 603
1054 819
1485 5
874 980
1771 1866
1680 750
937 1510
1290 1276
1613 436
366 1508
665 1790
1770 526
498 1188
1325 1448
1575 696
868 1586
409 1198
90 471
923 268
804 548
1219 855
1195 562
950 786
1701 352
446 1504
972 1986
650 964
241 852
456 529
609 1006
1652 636
1276 1199
123 158
388 1184
1973 1425
757 179
329 1184
870 207
1958 709
1540 1692
1151 1989
1860 582
357 703
1894 1244
470 938
1153 820
1184 1846
446 1777
841 895
1534 108
1883 998
293 263
204 1477
1861 124
610 163
243 12
291 744
781 1497
1669 1272
1077 1753
1217 443
761 1967
474 280
20 1696
807 25
384 1509
1910 1122
1378 102
719 401
493 947
323 1233
1239 626
1052 1708
178 1764
77 352
616 818
1294 632
115 1640
352 491
708 1726
464 319
985 730
561 1305
176 1073
1906 10
122 342
1011 827
1425 1295
1850 1669
101 195
522 878
100 1312
910 1189
1925 784
220 242
1558 1197
153 269
1156 1763
1459 1763
1352 879
1585 637
1148 1326
1438 828
1375 916
574 1368
1186 1838
1185 1016
501 379
581 617
1392 1552
578 159
1418 789
1072 1972
915 1925
692 1598
896 1427
1429 1744
269 710
729 869
1272 705
1894 1602
1680 166
1621 995
1089 1298
1534 1090
799 898
1257 651
175 1838
1838 184
1759 1306
271 1910
992 1736
1424 1370
696 1487
417 1614
141 1270
1282 1765
1238 795
1299 1786
745 933
782 198
505 471
1215 1295
710 864
398 1827
817 1888
1787 968
719 1683
674 1611
1612 1429
1347 371
656 1660
1208 217
663 1381
1816 1876
591 424
894 506
1363 782
1605 1315
1163 139
184 1577
219 1444
577 721
138 688
1837 434
274 976
573 282
828 701
212 1039
992 1008
1144 902
979 653
431 535
339 446
127 765
101 1271
76 928
1181 279
281 1486
919 1067
951 1736
214 747
1175 278
77 878
700 194
899 1746
1852 1380
1307 926
1758 1921
315 266
352 73
1017 985
196 703
1890 1963
329 1708
1517 927
1310 864
1488 852
586 231
1523 1068
618 400
806 1828
1813 2000
595 434
342 787
1001 1865
1454 1990
528 1775
1878 349
763 1667
876 1893
1230 338
489 1278
626 1934
201 1347
1315 233
1177 340
1193 249
5 467
660 1316
1082 469
317 1981
1220 285
168 1927
1995 1
953 1537
1641 63
630 1998
1710 288
836 6
46 1492
1992 1052
1851 1770
256 1953
1808 597
623 1267
1271 491
438 941
855 807
202 118
1693 1049
1000 512
1789 869
832 1792
336 957
1543 1842
751 599
1317 1625
667 1789
1623 1707
971 1090
1267 251
10 1777
1523 576
1165 730
1265 824
1403 1313
856 11
1880 342
453 1356
1633 28
1581 1959
1118 1379
1379 68
155 1015
500 1494
581 1301
1939 965
484 1125
525 409
1678 698
1006 835
1815 908
1109 1779
1546 863
1417 651
993 1538
1367 1042
1047 233
978 1162
1624 299
1816 161
1007 912
1035 1157
1022 257
383 885
1081 453
679 704
1272 1730
1385 1468
1545 1732
1489 1764
1513 684
1532 49
900 1581
1829 2
1646 740
321 1611
153 856
598 774
604 1525
1224 365
1311 613
1181 1548
833 1171
404 1045
1706 314
1134 1834
796 1526
350 993
1159 780
1392 975
275 515
924 491
1243 511
1720 29
498 1411
1549 1543
1931 719
1700 621
770 1442
1577 1232
1958 1445
1059 1683
420 1853
569 536
1220 200
473 1034
96 314
1484 1471
1443 235
414 437
1321 766
1885 1227
1743 777
1124 29
1862 17
1340 156
1670 1846
1212 785
1155 695
141 861
842 1825
912 362
939 700
645 1882
1782 302
700 1468
66 333
794 1378
1717 682
243 1928
715 1222
407 987
380 64
1184 973
1855 513
1630 1685
143 1796
95 399
943 1937
1314 1238
692 1864
1983 828
593 963
1197 23
82 1677
124 1240
1022 79
702 874
725 1444
1785 1990
1340 768
223 623
118 1557
1065 1536
1612 253
656 378
1995 822
845 565
1999 1792
1505 396
1526 1153
1442 1799
964 74
778 436
818 1391
894 839
318 1306
858 863
730 406
347 1854
132 1353
563 1965
1037 475
1342 1581
456 832
252 1086
1307 1005
940 1869
1631 427
1523 1696
483 214
1995 1438
897 619
1831 718
172 535
1763 1263
1738 1645
680 1186
1430 1314
1899 1895
835 15
1066 261
1747 1079
390 464
1217 1742
1110 65
1372 1355
229 1627
1389 1024
987 1801
1843 1236
1226 603
399 1195
315 750
897 1959
725 167
1580 97
130 1969
13 1122
934 1288
1737 1306
1588 1243
1043 1786
392 1603
745 1319
1283 903
37 852
874 246
300 1055
1451 1536
395 884
238 409
1293 458
808 1785
1738 687
177 1756
1362 1687
1108 1742
1717 1996
1498 1579
1071 203
450 518
613 1526
1959 1553
1287 536
1075 1496
1692 1990
1723 733
450 1765
278 1410
1988 18
1728 719
977 342
790 1297
1559 1645
18 41
434 320
1400 1304
1445 1393
42 1576
1329 758
814 317
1291 184
1773 1076
1280 961
1362 1144
1947 1498
1489 1250
1974 116
1618 966
1365 670
1226 1436
1890 878
231 467
1980 498
1628 1758
1617 1773
1220 1921
1146 468
416 1248
1326 1668
1892 1290
1183 1133
1044 1864
1998 1249
304 545
929 197
595 822
853 1510
1793 565
1978 165
443 1881
1272 310
90 1034
331 598
796 671
1029 22
164 31
1012 1334
1592 1524
905 1484
1719 850
432 617
279 1030
61 1724
707 1195
214 1596
1395 296
1268 1138
181 1755
1279 334
1927 1201
228 134
441 1390
1887 1064
1756 155
602 1172
1317 1428
1952 1699
152 1795
41 99
753 324
1212 180
728 160
1533 885
1832 430
1750 774
1376 161
1074 895
158 823
285 241
413 1425
1105 1480
1288 1233
987 706
569 25
425 118
1716 220
1957 1048
1724 327
1762 1640
1778 768
593 1441
1861 785
1967 1311
1052 1633
1768 1904
1622 751
202 84
610 1244
1039 19
330 657
513 1227
1870 1900
537 336
1574 555
100 635
1998 171
1238 1521
627 1763
1875 1334
610 815
823 1288
541 409
1856 1355
1921 1505
922 459
1332 344
1454 1468
153 1704
717 339
986 1183
953 1036
163 850
185 1027
294 351
1901 804
1947 1974
1453 555
841 1454
132 1706
1729 1439
952 1517
1781 1745
1864 1152
1705 1100
642 700
248 1646
733 1336
917 189
177 1089
1792 1501
1250 73
1256 378
528 83
161 1957
252 160
593 1802
306 1063
967 1572
432 1674
1720 1373
1428 492
1783 1038
1521 1532
1996 224
1083 1204
1646 172
1679 556
1459 1677
1166 1821
93 303
1143 1443
984 392
674 593
1691 280
1 1330
756 953
197 431
706 344
66 1333
731 1377
940 544
540 1361
1201 875
116 411
609 660
84 1689
1132 1887
297 551
82 1957
1198 202
427 531
911 663
574 813
1355 1544
1386 607
669 1233
578 544
790 1789
1017 265
143 1083
128 1618
782 620
747 370
1321 993
1 1958
954 1964
673 1794
188 925
898 1583
774 622
463 1189
1037 1404
1249 258
384 1126
1985 1123
1927 573
753 686
1425 223
980 928
615 923
1517 455
1519 1456
1024 1417
1420 1464
896 907
179 1138
458 1250
616 994
1137 1580
78 1235
917 1385
1134 297
372 964
718 1405
1851 688
818 711
1530 1296
658 608
259 331
1691 445
1088 1165
1922 151
1741 1805
45 1565
1129 1254
380 1750
139 147
892 1400
1616 1521
818 467
1601 1394
678 1348
495 60
251 1566
941 906
613 636
1755 164
1168 206
338 582
1101 1266
222 13
1226 1846
149 1244
438 426
1237 1365
1802 1177
726 1253
439 345
290 1701
1953 667
976 1882
490 761
1271 1690
129 1034
1419 1955
1677 1986
1531 1371
1038 803
1235 283
1223 1247
584 787
1244 678
1459 1742
623 1941
772 1102
1100 1198
1039 218
957 1139
551 1701
992 733
1945 294
1071 854
777 912
711 1890
921 743
1687 892
557 1062
1467 687
426 1336
1228 1725
1967 968
114 42
84 19
1 597
693 1320
1733 207
303 593
1004 294
1242 1686
1012 517
1418 615
379 787
318 889
1296 758
1890 490
1224 1178
837 1937
903 327
1233 203
1910 1917
603 1145
461 263
1058 1396
1137 625
492 1673
1443 493
1155 1847
1683 1421
1404 299
407 167
784 884
753 867
89 24
1469 1013
775 629
138 1946
1085 1376
1495 1580
1888 962
1206 1830
972 300
1744 83
1022 1167
1028 979
1716 241
583 295
953 1267
707 1481
1165 158
545 25
1600 225
279 89
48 1129
871 1329
692 170
173 846
1996 27
1952 1022
1508 819
58 1831
1749 781
410 309
263 1105
1597 1897
1521 998
201 1711
641 969
1624 881
453 637
1153 1790
1483 1295
1113 1728
368 1180
1698 1737
1823 676
361 1122
1668 90
120 1126
1285 441
343 724
1758 901
1211 1931
520 765
1343 975
1714 338
597 1941
711 347
1835 114
407 1568
1088 1343
1103 605
1973 78
1730 104
156 1503
1589 1405
1082 1716
837 1895
1966 1265
795 369
1082 143
1121 455
47 1266
1553 1276
51 1489
843 1197
1159 1768
1932 1605
316 777
1663 951
1574 1400
73 1050
1590 814
671 328
1153 679
1734 1328
103 1032
1455 1857
1430 447
1149 254
876 193
604 1781
756 1833
885 707
1166 438
686 1603
1055 1190
1355 1015
844 524
520 1938
362 1511
211 278
871 419
1868 484
258 1366
846 1043
1510 1462
722 426
1057 60
1945 1080
1230 859
111 831
1279 1794
300 924
1189 1370
95 1307
1503 396
1392 1102
910 529
1236 938
1957 766
962 1805
949 1133
1703 691
1850 1299
1902 1672
1963 1335
768 1678
385 623
365 46
755 847
1242 1002
1886 1501
584 1700
1569 490
1980 1017
1414 475
829 1151
218 1988
1467 786
1507 1210
357 338
1986 94
1456 275
1762 1370
220 1167
4 639
1690 161
337 1122
1851 1785
1078 1386
1331 1863
1456 816
1844 815
1993 820
1988 711
1276 499
281 1349
1371 1217
534 30
923 407
1809 1737
217 925
504 1044
1548 542
1068 823
2 1141
1207 1673
558 1226
1284 954
1339 810
237 973
1446 1465
736 1595
976 1558
1384 622
1160 530
1887 585
1320 1239
434 447
943 496
549 1007
325 398
64 464
1955 216
897 1831
1181 1204
1003 853
141 10
1501 1668
602 1851
1089 1977
621 390
961 1016
1769 1016
517 1768
1005 629
1798 1531
648 928
1696 1279
1204 260
546 375
1255 681
268 1853
1295 1501
895 429
1618 831
1594 438
102 1840
697 980
947 351
1475 1772
1984 383
549 1511
1125 856
1676 1949
1792 1642
49 1921
576 1624
1314 1630
724 511
1580 241
1688 916
722 1506
1806 1934
480 134
1367 734
1668 551
1327 1978
1129 1603
1061 1116
942 1458
1877 1344
1649 923
1084 1016
1893 1614
5 834
128 348
907 1260
915 1923
238 255
64 509
642 541
1034 1977
1318 1875
1659 1829
264 0
1093 811
1465 622
1825 180
1244 1031
1097 1772
217 931
152 446
1903 1884
342 34
438 407
1700 398
1378 1791
276 582
468 1475
1158 15
163 219
1892 946
1433 1358
732 1254
835 292
620 1934
602 353
1071 1476
1828 849
1364 59
849 555
962 407
1126 940
64 888
625 820
1865 405
1829 1227
148 1624
764 720
426 267
1218 1141
1257 562
530 829
200 6
378 1954
1078 1852
743 1110
755 721
192 291
284 1224
621 1439
1270 1329
533 478
885 313
1813 855
141 933
1427 1024
1925 1133
475 1069
233 1514
1160 1655
1939 62
860 708
516 1412
1085 1352
1144 1426
1935 1254
1445 1900
337 893
1951 1876
1007 463
976 1577
1395 1635
352 1794
1899 420
1147 540
101 994
173 559
574 949
645 1160
1792 226
615 530
1499 713
1426 899
1383 1614
1829 1403
1580 165
1390 222
1293 447
1707 1540
1351 1867
484 656
1286 204
798 653
1192 913
515 697
918 268
124 1368
196 1842
1867 1635
1340 274
1964 549
1534 1797
438 67
961 1663
1406 504
637 1849
1955 1398
1796 1513
662 1062
1817 440
1397 1270
609 490
913 1
1943 1268
779 89
698 514
1630 1852
1694 261
1838 44
1018 765
1385 365
1264 1011
1149 195
1109 1614
512 5
176 1920
709 1468
1428 1736
142 1697
1367 1206
1512 1265
1062 489
780 1724
1955 131
1780 1713
782 587
1542 1031
466 834
155 1352
1932 1375
8 1978
191 643
1580 790
1125 331
103 966
1759 1920
1654 562
1659 82
530 1793
885 991
919 1157
740 1386
1791 624
993 861
1538 1574
1469 810
953 1548
533 850
356 1591
282 1039
1574 1567
794 1275
1970 1220
1669 690
425 328
1025 471
955 1880
320 1887
1176 1877
1793 2000
1693 1725
238 328
296 253
1679 1296
304 1745
1444 1162
81 796
1603 1131
673 777
1996 1508
1286 1272
1370 1553
1787 1139
128 28
164 890
1415 868
617 952
176 1906
793 36
213 708
569 1022
1474 902
1105 1315
217 1383
321 511
807 1497
1733 1426
255 317
155 1808
751 918
847 1847
1581 1260
1212 235
492 1078
68 1693
545 1856
1432 994
132 1857
787 1244
358 1149
1497 329
1236 466
1508 352
1037 490
2000 1272
1724 1359
205 1216
321 766
465 397
383 704
1698 1973
1730 1590
605 440
1238 1500
1210 1714
802 1218
1508 22
504 583
1828 804
946 1410
762 694
647 544
1335 1882
1957 1010
559 1929
1729 788
462 1592
1493 1616
439 780
495 1766
1887 857
1086 841
205 107
803 523
581 313
1933 452
1428 981
1277 800
288 348
747 168
211 169
1496 803
349 1881
805 547
202 658
1945 614
544 1229
1442 1172
233 1084
218 735
614 1647
61 863
961 1211
741 1435
374 118
857 292
1617 1340
577 1754
1921 1304
1596 924
703 1021
63 705
965 1232
872 349
1353 1615
1279 913
1941 847
382 1703
1012 1166
1886 1785
852 931
884 607
1413 1437
981 1392
688 1960
841 77
1405 1865
546 1789
309 486
625 1039
1817 1028
1321 524
681 1225
1939 1589
857 5
1834 1880
1767 537
511 957
112 270
1926 1156
947 165
771 1499
959 331
1444 1025
1477 1883
1754 879
726 1083
912 1172
570 1367
742 401
724 1609
1256 664
1831 474
756 372
1947 699
716 486
1469 833
1126 1826
823 1798
1230 555
343 1726
1288 1578
1796 1409
533 1620
1271 787
604 788
190 345
1108 232
681 509
147 1815
10 520
324 1282
1505 1318
621 739
133 1326
830 1010
1474 1714
1691 1299
1156 302
1487 1491
1900 407
1815 254
863 1983
566 388
303 1483
119 72
280 1307
1673 363
369 673
526 633
115 155
138 855
1608 8
1757 934
177 613
984 1108
610 1557
611 464
63 917
888 524
948 281
1149 1683
659 1021
499 1929
878 1079
874 1291
955 1026
792 1022
120 904
1054 170
1226 1778
1928 1615
910 627
970 1181
577 220
1481 845
288 987
1427 670
1953 1215
1520 416
908 1814
640 1531
441 1873
1520 1517
586 1681
1861 263
362 1394
1022 1047
1250 311
1622 1182
159 1334
366 1107
1822 326
1339 965
905 1
1151 1603
625 322
1168 1052
267 239
1203 586
1880 1337
1820 764
691 514
1365 1080
899 1689
1989 1279
558 419
1343 1826
1311 1722
307 857
638 964
749 1681
122 1185
1150 1259
1864 283
146 231
1647 1909
1332 98
1786 825
1435 998
557 1013
1155 1244
1452 1650
1969 20
522 1371
1489 1940
827 1750
1498 1352
248 1989
810 736
541 1314
1983 646
1099 1351
1682 569
1247 1190
308 1706
1867 1525
95 386
334 1005
1657 1498
1228 49
741 1866
1626 445
1105 1689
1486 1572
1069 662
1627 1513
893 1106
360 938
569 901
97 1693
1288 937
223 380
820 1852
1495 1737
1178 709
835 1107
802 1254
285 1545
995 1412
252 1376
845 1612
51 760
399 389
1903 1472
1235 373
150 83
115 1457
1277 553
667 1269
1082 1822
1206 323
1604 1118
332 734
1296 662
790 1798
1749 306
799 1438
1506 236
786 1812
35 1686
1144 397
1025 1453
1453 806
1068 533
719 747
820 92
423 892
175 72
466 1553
1860 687
1546 969
1142 1480
1650 1068
1966 628
1545 1747
642 1229
1878 1415
186 1702
350 534
1164 105
1770 1310
1220 748
1505 1733
980 1369
1963 615
1600 140
1595 1453
240 1329
1294 968
861 1487
1571 295
1917 1702
159 209
1214 282
649 785
1864 352
832 821
312 591
812 1376
1599 1564
991 755
1331 82
24 1802
261 1663
973 1085
1364 577
23 1531
509 1272
631 260
1607 1976
924 1452
963 605
1298 230
834 1186
983 702
336 1092
906 872
293 1204
1937 577
289 1607
202 1518
1172 1760
907 1311
717 1315
688 1241
790 175
120 202
345 1013
803 329
394 1513
1937 1184
420 245
1622 128
834 890
704 798
63 1396
1538 1855
777 1999
1659 1804
1711 988
383 1753
295 111
372 536
1509 1237
1025 1526
1559 767
421 303
636 1075
855 1763
29 1632
963 1826
827 1819
1668 1242
515 1468
785 1676
1755 629
360 252
1879 1408
1550 182
862 848
956 645
1136 63
1440 493
1485 85
1499 760
1997 1694
601 491
593 717
1126 1553
1891 540
1904 696
1637 826
413 634
1097 261
1762 1113
39 1264
1625 1056
1312 1361
378 314
949 1533
142 701
695 1775
1944 338
231 769
921 247
1671 1486
3 542
361 1354
1916 878
380 583
46 1007
1898 1155
443 1035
1817 1228
1494 1519
1110 1180
1559 1563
1194 796
1288 763
1952 190
634 1009
623 1463
1335 17
761 486
1854 159
228 1410
889 597
1577 77
336 66
1260 1608
1737 1159
1581 250
733 148
642 490
155 446
1720 1299
1181 1716
869 204
987 1506
556 1210
1749 426
1346 144
282 1500
1306 1236
1563 1182
1793 902
9 782
355 1713
153 327
1994 1184
981 655
799 831
899 324
1564 1721
1886 235
717 10
797 1496
423 610
1516 877
618 1438
1574 1589
551 1933
303 169
1987 514
1608 1849
1385 345
1954 1201
1171 703
286 878
1566 10
1971 35
643 955
520 601
1395 326
1385 1054
1008 330
868 1854
506 1340
1776 1685
413 1738
157 728
350 906
1571 1373
1774 1819
370 121
695 117
1541 31
1127 1941
1725 1810
367 439
770 553
1988 1398
1265 555
1958 362
1130 1699
274 1830
1 793
653 1736
1057 599
880 1446
1503 1750
482 1907
1241 1649
158 1237
506 306
755 1541
1990 1171
1028 1015
1719 577
1900 148
1823 1544
202 241
1733 389
1499 27
75 472
269 303
1069 491
902 1139
1627 1702
1292 1074
549 153
1138 1477
1210 1901
1826 1324
1234 1081
1848 1823
645 634
1282 325
497 1369
70 1110
1611 1799
841 870
1420 12
1638 551
898 353
1201 453
88 1646
1516 1241
1715 222
165 1925
1731 1438
445 91
1309 974
1723 489
115 650
846 1953
14 575
1011 789
630 1163
1517 1426
517 412
345 183
955 184
428 869
650 1042
1271 383
623 738
45 1039
16 1689
1494 678
1672 362
1860 505
1180 230
266 1681
1888 1525
1158 1953
1591 204
621 1257
984 1075
109 1751
1621 1867
1966 555
1906 1410
688 1206
1632 1918
1998 40
871 678
1346 271
1116 1452
1404 389
969 168
1021 1558
73 1759
1900 537
340 1278
934 1920
331 181
1909 1033
634 339
399 1336
382 578
440 1316
107 39
607 1283
1312 55
752 1284
1714 986
570 1229
997 1900
898 66
1191 1407
1163 150
532 956
1266 1904
786 841
1128 1488
1498 477
154 1584
607 239
1669 799
936 1223
186 1060
428 207
1248 907
610 975
1342 1144
1337 337
1516 1760
1571 167
581 1885
1591 889
1724 1189
1672 583
1708 88
1654 21
810 1240
1304 397
600 1294
145 896
1306 961
1444 1170
727 590
1080 1258
1234 1114
583 1776
384 1972
791 667
652 480
1413 1537
1867 1325
1036 1184
1890 252
1438 1266
484 1683
845 1774
886 1004
725 1426
591 1123
26 207
346 1994
805 545
1060 617
267 645
372 933
391 487
1656 1066
797 631
775 889
1161 1581
1921 1491
62 1228
683 65
884 1528
1678 452
45 45
551 1251
1308 266
914 1947
1129 1197
1488 1309
275 377
220 1785
922 59
30 861
842 1986
335 1239
1715 854
1532 1721
1676 718
1324 989
1064 1955
1544 1320
1412 1853
1702 1874
1242 519
1528 1214
567 1004
1056 17
640 1784
573 252
176 621
1384 917
1245 1650
1000 1824
828 465
148 913
1555 1747
1899 1460
431 1730
540 290
715 962
1040 166
1483 1976
808 1781
872 943
1958 554
1167 620
1841 1640
1881 65
1627 845
1863 742
690 319
983 1406
1546 905
154 387
1425 589
1190 608
1380 1871
663 62
1537 1021
995 693
1117 1270
191 720
696 812
806 1863
1287 1297
351 573
161 821
1189 724
1723 1186
1301 434
1456 565
1923 937
872 65
557 30
1345 419
67 1247
996 189
687 1397
1969 975
1325 684
1382 599
754 770
924 1934
744 544
459 1869
1101 1993
882 1266
157 1433
1425 1507
1055 497
1248 192
1357 1417
1737 354
1116 955
1530 1652
298 1521
1163 935
1032 1392
1320 1423
1832 424
1496 699
10 736
16 1274
625 1830
1316 1126
1751 611
874 874
1185 1470
771 232
222 1486
1480 203
871 1848
304 485
208 709
417 1291
1321 1105
140 1345
50 1544
1259 1195
287 1724
739 1019
688 888
169 1258
265 613
203 374
1835 764
1208 878
1097 264
794 852
1481 156
819 506
775 1162
265 153
303 301
1430 609
1112 1284
706 1589
898 619
337 1788
390 1034
1205 1642
34 602
994 219
822 1427
1253 696
21 1468
1464 1749
1790 1065
356 828
489 226
770 1255
152 1205
885 716
900 1950
1468 1627
1047 1466
421 1209
653 712
1195 1937
610 453
1993 641
251 1113
220 1485
235 1544
1679 39
919 970
1034 1218
1249 1714
186 179
911 844
391 458
818 248
1658 1407
996 351
1688 1275
334 1613
414 1780
979 1247
1885 1428
555 884
646 280
1350 481
295 121
1995 1000
1785 259
1757 1526
1005 521
187 1644
52 249
999 1441
832 1736
1784 792
1512 406
524 1319
93 1531
1754 1828
843 1383
128 1196
1133 754
418 1717
1135 1860
1231 466
1853 411
100 350
575 1113
383 53
1843 699
381 573
886 967
1629 1274
1544 805
1912 1447
887 1891
874 1000
686 1675
1423 1253
387 237
1546 1643
415 808
1896 1151
551 671
580 1804
1349 217
904 1882
715 325
1846 158
368 251
1891 375
880 1225
985 583
440 1536
1614 235
114 1174
359 385
947 1352
1064 31
369 1980
248 1781
572 1110
63 1558
1258 1901
65 1117
1832 1833
585 170
1900 905
626 1383
1631 1832
1285 1875
400 1026
1148 550
1866 874
