5000
780 1751
1924 1480
1205 1015
1211 682
1981 786
853 1790
48 1701
267 834
1115 1234
894 882
169 667
107 1236
1834 1415
1321 867
1040 743
592 545
863 511
920 1543
1669 1934
1964 1097
895 1874
1259 1957
1837 39
513 141
1270 1915
460 648
1772 374
406 1179
1301 1366
1123 1137
1813 1769
1144 137
1638 764
197 1497
1302 812
454 168
286 392
950 386
1829 320
1478 513
361 588
1167 401
516 1485
410 994
858 328
928 814
831 831
1785 1719
1053 1289
1007 1281
1391 177
1466 435
1094 1828
782 774
593 1977
189 580
1220 1739
1188 1615
1608 934
603 750
828 1303
1483 64
315 929
733 1492
1778 930
1370 1545
946 178
1152 562
204 826
781 992
1415 1387
1420 148
1119 96
1078 480
1230 494
1490 1174
1450 1722
738 1572
1905 589
882 1916
1388 1580
668 118
796 1571
876 128
1578 776
174 24
1995 1521
1655 72
1424 1665
1676 70
1250 1949
612 381
991 733
408 1178
1914 380
340 972
820 1846
964 1613
1635 1440
83 1277
529 1927
470 1882
929 128
742 674
850 941
799 1194
919 777
741 218
1192 874
50 675
1444 1145
1789 1654
1682 571
278 1506
857 311
470 50
425 568
1759 1476
1138 406
808 1016
969 1196
1207 1807
1038 299
1125 1903
838 1831
1257 1416
154 1852
475 282
233 139
554 959
839 1000
1436 1022
1077 1713
1299 20
1338 1503
997 1619
1899 250
1051 124
973 1927
120 935
1369 323
1808 1300
1269 1911
642 615
1307 1248
501 1661
1834 1919
85 754
42 1888
1604 1765
1221 1580
1555 398
360 1074
1936 840
369 1483
62 1038
192 985
486 509
157 1196
679 786
1626 117
1578 1123
731 1549
824 1389
844 1389
1750 1025
609 1162
1546 1431
212 1513
304 895
1364 1679
1727 1060
1322 957
1003 42
1389 1018
1290 269
1384 254
1703 478
828 293
995 530
1185 658
696 22
277 176
526 802
823 1137
1122 1574
1358 1872
1335 1416
1236 721
717 741
1287 2
1234 1538
1822 964
923 1411
886 1248
288 1563
1352 1580
1831 1903
1089 1856
1255 590
1590 1593
1169 1356
1229 1577
623 1518
1636 280
621 82
538 1458
782 782
522 1018
166 1523
1288 1896
532 1210
18 1298
1680 1380
1298 1393
622 949
61 40
643 827
918 559
892 1740
261 843
1637 1814
483 837
976 1333
1822 1396
603 1821
175 212
554 654
1950 417
1291 220
907 414
1544 1858
1787 1846
822 73
1466 650
637 1985
1443 275
1797 1143
1826 553
2000 1014
868 91
747 420
1086 1159
436 1212
1689 861
226 1384
1683 531
1362 1216
154 1196
434 643
924 1095
1390 987
344 1159
758 896
87 534
66 424
276 918
922 1201
1946 385
1095 1061
776 866
1435 526
796 658
58 84
1782 1067
1446 1642
1358 1044
1069 1631
1892 51
1489 1838
1185 1736
572 1148
360 1114
322 563
976 817
673 1547
931 153
371 1303
1815 1357
1714 361
462 1291
1367 271
289 1568
133 507
1186 884
413 814
1330 1724
963 1032
383 59
596 703
445 97
1479 1357
1745 1828
83 1817
1297 846
1151 1547
1472 1427
374 842
1262 1537
1824 1725
234 201
719 1806
1140 596
641 1263
1540 1503
1928 661
1971 636
264 410
341 970
238 1620
1823 998
1822 514
1640 1659
1523 1418
446 1236
1110 1899
794 1441
1538 1164
1045 175
1171 821
994 400
194 322
206 1976
1710 1307
1189 1383
1928 1566
236 158
475 878
1191 486
1020 38
1643 1478
137 1502
1870 1404
50 293
785 1514
445 315
301 1689
22 1744
1937 1962
1557 1823
1713 1399
1277 625
1803 920
1787 105
1534 338
1736 528
1658 416
1160 1346
1107 1661
775 1883
1232 1403
1189 262
699 993
851 753
776 1702
1090 1155
409 1683
395 712
665 1139
1609 1353
843 1668
110 328
1447 1052
995 1233
996 1268
626 1436
1167 978
1088 591
224 952
1409 436
445 1615
1345 1796
1491 600
61 1058
1978 909
858 225
27 473
361 1283
1552 1708
135 1382
1705 849
1138 133
7 1083
1560 1864
1800 1914
1121 1195
896 525
1677 1571
711 934
513 1692
1346 374
1882 207
1994 1406
250 688
569 249
907 46
1746 1946
1061 275
1528 964
391 1561
1168 1119
153 466
747 1364
237 1850
444 976
1499 498
393 1885
1505 805
1492 1833
1095 659
1 1564
319 680
355 1788
1515 7
356 1638
1703 1660
575 908
653 0
467 1477
607 1179
1256 1316
666 1672
1724 239
758 337
45 1529
224 1970
221 828
952 1996
1073 1067
1168 1456
527 37
1777 705
894 1328
1705 1129
1235 14
193 802
1985 514
138 1059
245 155
1353 945
1130 1585
744 957
484 1859
1733 759
1814 516
189 1886
1382 172
1944 243
534 1685
841 1638
1037 1840
921 646
1247 1998
980 191
40 674
509 279
637 1472
174 630
1952 677
1797 1035
1444 1500
1705 1850
1249 279
1446 1601
1952 767
456 521
1518 341
1797 260
1965 1485
1116 1741
12 1579
933 628
1149 385
746 104
526 1291
348 1627
898 1777
330 1636
1194 1174
1355 1658
831 137
1741 236
514 1421
1511 1425
1588 697
921 1155
54 1289
360 1543
1429 1458
634 1314
1454 612
1071 446
1372 1030
1805 1513
453 948
1960 1450
467 449
1153 638
1456 1428
33 1405
1601 751
1791 375
57 277
1536 1575
1087 1751
238 366
342 1173
960 907
396 1970
1904 1456
822 960
1855 350
626 1001
1999 1978
506 1652
1712 1945
174 1758
1731 237
1758 1389
1138 1641
1863 5
454 1146
1547 17
374 955
656 1448
1582 286
1957 1253
63 318
15 1075
581 1105
927 47
1692 636
818 308
1252 381
137 1587
719 157
345 1777
616 897
368 243
265 1824
970 41
974 403
1637 1077
1197 1550
1027 1896
638 1603
123 1800
285 1364
712 199
1988 648
1368 1095
70 811
281 1046
1846 924
574 1419
468 381
1801 884
1704 351
1916 387
1576 427
1616 765
221 13
1472 44
1362 132
1948 408
1367 1445
1996 1230
1997 1808
1359 1345
1622 1670
1350 301
1675 1909
1282 628
1126 1022
1539 1870
1433 1220
703 1017
510 842
769 463
1563 1390
611 1061
1083 248
1624 744
694 339
1874 1928
1062 1076
1934 1494
393 1228
325 650
1858 1581
179 1057
344 1331
11 1879
1245 999
2000 210
1224 662
706 186
1205 1661
1448 477
5 19
1161 1462
142 497
12 1869
784 1344
486 621
252 1689
1708 207
424 410
1597 676
504 1776
1838 853
928 430
888 761
1323 412
1641 619
1746 1922
1963 666
1768 404
1273 607
688 1722
1573 1275
239 746
968 1021
1646 1352
1418 1135
109 152
103 10
1313 431
1373 1595
72 1303
155 58
1474 1449
143 668
1455 567
1189 241
729 426
1297 1571
476 635
1319 1600
124 297
989 1518
801 1096
329 1529
500 10
673 960
869 1042
1705 485
1515 116
620 346
1233 1211
401 1471
1047 1766
770 280
1457 652
1607 1772
391 766
568 516
1549 252
1627 1712
1585 258
1896 1829
939 1636
1667 367
1511 204
1009 1411
1196 1562
1604 522
981 1050
1433 1363
1600 1115
243 1400
593 1663
888 575
1559 1163
1592 1455
1080 419
635 1131
740 460
846 1377
675 590
1101 1824
1454 1048
793 848
18 738
248 1737
1502 1060
1478 539
72 1607
673 1666
1200 761
1982 1149
1593 1026
821 1665
445 1753
1478 1406
1738 968
1472 1789
1895 522
50 650
1291 1702
719 1959
1157 1290
266 737
1273 748
1149 1159
360 310
1213 1865
775 326
1004 706
1701 1322
1743 1309
1797 1158
190 494
1553 299
333 1144
1980 871
67 795
1201 697
1165 1866
1947 1948
211 1015
1946 595
1632 764
137 1327
1302 978
402 378
989 1076
1699 1766
1920 188
1146 1648
1669 496
198 404
1327 526
41 94
934 319
1816 602
1804 880
68 1079
981 1563
1296 1674
622 130
1678 824
347 137
1506 1888
1004 1780
1590 654
1027 1422
71 1458
47 1271
511 1316
1632 1260
1078 717
1570 1523
325 137
780 1415
814 5
1089 1861
18 1425
683 1792
372 1369
1264 1733
90 1092
222 401
523 1888
988 870
290 1128
1671 357
1165 1337
477 1716
1885 835
364 1132
677 1516
949 1088
1856 463
900 1990
578 1651
473 632
591 1492
1623 1417
498 852
500 1145
1954 938
1967 817
243 1912
181 712
650 1164
521 1816
721 999
162 1532
254 67
158 1287
1851 188
658 149
680 420
1346 93
1852 678
863 1816
1860 0
1378 1802
168 942
796 380
288 47
1774 364
374 1895
1398 479
133 1347
390 271
1806 202
1046 102
957 352
190 1875
1905 891
613 1147
995 1930
1342 372
1114 701
512 1626
1930 214
1802 805
193 1941
1703 319
1314 886
992 819
719 1234
264 107
1119 1038
366 734
1037 151
1835 1664
1365 1249
386 163
1514 433
405 137
1323 294
1900 1221
312 1367
1093 665
1199 208
716 1772
1036 699
145 233
1294 1838
34 1679
176 865
338 1706
1234 778
1674 957
1224 136
786 1051
1686 550
961 1327
1486 834
182 1389
144 588
1079 1211
1549 668
1195 450
979 61
1746 568
183 1526
291 1960
1794 1120
1606 1042
499 1392
649 30
1181 264
770 1971
1074 557
117 639
522 1069
1175 63
1971 1203
527 1003
619 862
1575 1457
1796 355
1206 1070
1734 295
591 1155
588 931
956 499
541 750
862 1832
1766 561
518 1175
652 276
1366 223
748 1427
1320 736
179 421
341 1396
1005 375
1317 261
352 896
1526 1025
1207 409
1429 1148
1888 209
92 426
878 1808
1078 601
1827 1180
795 1405
1006 704
1982 1574
446 1551
951 817
1448 1214
1420 778
1815 825
184 1762
1335 427
378 557
1960 848
1551 70
1420 1334
900 1359
1980 488
1782 1419
33 456
458 334
1820 1644
1263 533
1965 1279
1837 1323
707 1260
466 1608
1527 1462
1358 951
1924 1784
583 130
1688 1456
898 961
957 17
1455 852
904 625
1112 1201
1010 1322
232 34
212 1565
1460 689
770 309
1815 994
1176 1987
1772 1303
413 628
1494 769
596 1898
597 822
1833 1735
781 1625
1788 1145
130 1253
1023 875
817 1638
1315 1847
84 251
610 480
421 1748
544 650
1301 229
637 1085
1535 926
545 419
1722 870
450 577
1195 1187
463 278
1597 1172
577 560
816 1943
121 717
1680 1097
1389 1799
851 1278
1520 1254
1560 1398
1910 1651
17 405
245 1865
1645 1244
1852 303
966 1593
1933 1371
1298 1795
821 530
782 506
1022 1445
708 895
1415 356
1620 1741
397 724
1192 472
1710 572
1571 860
159 1083
77 917
630 1309
1473 1009
1529 43
838 193
90 1972
1318 540
1517 1560
922 1581
444 309
247 1419
1505 377
1248 1291
97 1334
1962 272
1839 952
589 1315
896 1824
1963 1156
211 676
848 1121
265 1126
728 641
1549 1906
484 627
1832 1423
1106 114
111 813
1231 859
198 978
453 940
1245 1527
1554 1527
1606 710
293 1391
1930 77
881 263
372 138
1515 723
1363 1795
1888 1104
1565 1941
1875 611
515 1354
857 127
228 113
1295 1327
686 633
825 202
712 1948
1629 891
701 1941
776 1910
1863 109
1863 1419
1804 1208
205 241
909 1705
349 1656
1195 259
822 20
1876 1025
377 1348
1244 1601
774 1651
1092 579
1578 729
1939 1237
570 1132
324 1583
1115 60
1751 1327
794 376
478 341
47 315
461 1997
1731 721
892 1902
2 1663
361 390
872 53
122 186
270 1358
1976 1513
1845 660
1567 1990
508 1166
641 531
1979 1203
555 1971
394 1804
863 1143
1690 1297
404 901
1471 1474
516 1125
1219 751
1806 1952
1616 906
991 1454
130 1945
1731 1740
1742 1882
1458 171
1891 444
61 1903
1175 103
1166 1509
1984 256
1924 1438
1475 1850
1380 1263
1522 1556
751 133
758 652
1301 1759
1427 203
1158 398
1186 1233
181 163
1339 14
890 1721
1860 1877
1908 606
1602 1242
490 321
405 464
1682 1222
837 1536
1819 287
57 1139
1348 1829
1502 2
1567 330
692 110
1773 346
546 1820
414 1059
1296 1198
1277 623
1431 534
999 1566
434 1471
1089 1806
156 1686
1117 1195
703 236
1259 528
1271 1669
1509 213
117 402
948 748
1801 119
1439 1930
1356 1012
359 1274
402 1557
824 492
475 149
677 1502
202 469
454 1721
482 892
798 660
1664 644
679 1772
1302 1929
1351 292
88 1364
1261 1389
1435 429
932 346
1914 311
671 987
1025 487
1094 1515
1693 1411
908 297
816 1077
1938 1567
1433 899
1113 1514
976 1040
1044 1959
1957 1528
504 899
538 387
1094 1050
725 45
708 1847
742 1610
277 148
567 623
477 1809
1900 1050
37 1878
209 240
1762 1268
0 1367
553 483
1504 1289
856 764
1622 77
474 1236
1170 1172
1771 739
128 331
1413 420
1377 37
947 1444
1010 1738
866 172
280 652
846 1006
1706 785
800 136
677 1646
1679 833
1411 1707
271 1394
1709 37
945 883
1899 326
425 722
1601 1677
705 650
1309 1708
806 700
603 1909
1037 1219
832 621
877 721
588 1751
524 1246
1345 1198
759 646
324 1752
173 226
1945 1391
975 638
1010 799
187 1661
972 1315
428 208
1845 234
1945 1450
1165 1949
1700 336
1961 1984
1240 1183
699 1046
792 948
120 1359
474 353
1233 1642
1752 694
1795 471
906 1482
1774 1569
1146 782
274 337
1875 1405
1098 924
1090 1522
139 1710
1138 776
1919 441
237 1680
1572 1042
892 1381
1900 101
1657 153
1567 599
1816 1089
124 1792
1824 282
1141 1982
1627 73
501 576
1937 1356
892 572
1533 658
529 1993
1608 777
701 1405
1474 521
698 243
533 1119
194 69
159 881
292 485
338 834
1292 1773
369 191
447 1927
517 1357
108 1417
747 737
485 180
1598 847
604 533
132 1126
619 1355
1958 1979
1705 466
1769 1101
566 882
1837 728
1050 1312
1222 1417
41 1308
69 741
1120 1342
890 1819
1172 1536
979 0
1368 1477
838 1460
990 1957
20 1937
920 210
719 166
1588 977
1265 648
368 218
1378 813
262 712
1587 1434
1388 437
995 1707
1088 368
1093 523
291 243
474 361
1674 314
49 1443
1058 58
277 197
1211 130
140 1299
1429 479
1975 1871
305 754
1523 313
527 131
1006 1116
1918 909
984 1047
391 1158
266 236
1270 1761
761 437
340 1431
234 662
666 274
392 1094
624 1749
381 1991
998 1879
1269 422
384 720
1481 536
632 908
456 70
795 1500
699 888
1976 1411
643 460
1464 1520
1566 1119
60 1673
1722 698
141 385
513 448
1862 22
1309 1580
1063 411
1002 1987
570 722
798 16
1890 335
1594 355
1280 45
840 1306
370 1260
1522 1896
1550 93
588 1267
401 9
1558 1324
1634 1150
1208 443
1244 476
1394 1084
848 1517
1733 654
223 17
1552 1469
1128 1299
1418 153
631 455
1248 103
540 929
1485 1096
338 624
1951 1024
680 336
1415 806
1016 717
1663 822
1617 1380
1428 1146
12 608
1647 925
27 1808
1020 1040
1447 1626
1967 1948
245 688
895 1616
1874 1774
1419 1413
608 643
574 1203
1962 260
1844 1164
339 164
862 1843
1804 947
720 1041
1098 1076
166 283
475 967
971 950
1401 421
1561 1393
1270 33
1438 459
376 1833
170 213
159 850
1664 639
510 624
1242 1562
326 194
997 949
139 1180
854 1126
623 212
1399 815
1546 490
1305 384
746 67
1417 1134
1009 1628
295 130
1894 1511
1988 1314
1284 871
827 1650
68 192
793 942
1287 1398
1037 39
1173 1355
1210 660
893 812
85 72
917 915
985 1637
822 1423
1727 1460
1295 1489
1100 493
1547 712
566 1785
1345 1056
637 169
491 1400
1057 1199
989 1630
1422 1700
1989 43
262 22
598 1775
1994 1556
123 1307
1810 721
220 1267
1589 200
1103 1249
530 253
599 878
1501 1936
1483 502
664 959
294 1289
440 695
1485 1157
1901 593
1031 1383
1622 1277
815 1308
1804 1692
8 1940
98 400
1943 649
307 607
1620 80
22 1888
1590 1035
525 1225
946 570
1465 382
374 549
834 1205
1851 742
821 1184
1044 222
1467 234
1125 252
1820 1877
1942 165
1435 1931
1695 1663
1987 219
1851 819
1354 1298
1903 838
1907 1484
81 1314
1550 274
138 600
12 525
849 595
625 455
1305 1452
1061 884
977 1430
1067 1348
1735 1608
1646 1188
1314 1048
388 1315
471 1872
217 598
1162 1605
678 1628
1035 1997
1550 1856
233 1309
494 1001
579 1695
353 1714
1175 924
970 1913
509 747
1199 444
1131 605
1196 47
1604 614
600 356
1318 1130
2 527
101 1753
1698 326
197 521
1422 1145
630 1837
1845 510
1213 945
417 1450
150 1343
959 1076
654 1182
1671 480
1840 1370
1242 466
991 1458
609 1168
1311 1615
440 702
420 169
1478 1144
63 545
299 1899
1321 986
572 180
441 1700
628 227
777 793
209 468
390 509
964 1545
279 785
607 740
70 160
204 522
1189 1916
772 30
723 1254
753 289
1990 692
1228 760
700 834
317 147
1606 441
416 102
522 1688
1731 345
1019 1439
1337 527
1846 530
1531 1634
1933 507
476 1566
1041 259
721 1319
1389 645
1307 1721
1635 1004
239 1838
1148 290
758 428
1110 1800
1820 82
314 1274
1496 662
1109 1816
572 1971
852 435
1729 1811
1056 184
816 600
745 1970
1452 1293
1712 1317
398 1398
824 482
1560 601
369 1872
12 993
579 688
1381 1891
1169 70
1226 1645
638 32
217 1846
326 1260
136 1622
898 195
606 860
1691 776
1502 64
426 2
353 901
692 1359
973 424
238 1509
373 1256
1505 203
371 1127
1144 657
1364 789
660 1537
1175 584
412 194
1143 528
162 339
767 1325
1953 489
1525 716
948 1354
1630 88
968 1885
424 531
890 1735
1851 512
1210 298
1062 570
530 1102
896 5
797 438
1342 1443
1700 1307
1529 1401
1315 1580
682 1620
992 1531
1913 1136
1147 692
1638 1149
1154 493
1917 10
1997 543
67 1319
131 1353
1783 1282
795 258
68 1778
386 710
975 653
222 488
486 883
735 1604
1798 42
825 82
1678 767
55 1680
1969 1705
574 1636
604 1863
1607 642
1185 1839
1876 1672
1025 1150
1597 1848
1095 1952
701 1692
1818 1196
1607 722
1489 1867
1627 501
1662 1544
1051 993
26 230
178 392
1847 130
53 1333
1416 1681
1400 1247
432 1385
120 1577
1835 1399
1906 213
619 1436
1011 883
1325 1583
1026 711
1383 703
1475 546
1955 1211
436 1255
394 1410
1585 1700
1812 1689
805 250
5 1628
83 1012
724 431
515 1290
357 1327
612 1883
1468 603
372 43
342 497
1801 1929
512 187
1957 1508
1034 1902
1671 457
1853 1744
1386 1488
1615 917
770 686
261 42
1690 382
251 665
819 1830
1822 10
1017 197
803 240
955 1395
390 1276
1739 95
457 601
1120 56
317 1583
1031 765
1969 184
1967 1206
439 1011
1432 1041
1532 207
1840 477
1967 670
1996 1843
1214 1813
1812 139
142 545
578 745
1962 345
872 1068
199 1677
1341 207
993 201
1027 330
73 1080
1891 148
1110 1624
633 266
990 1560
1708 865
811 648
1257 1438
1474 1162
819 242
1339 1793
315 518
291 1672
1307 1948
277 1322
1656 325
1432 344
62 1439
1885 1936
1474 860
309 1872
1834 1254
1841 582
1441 109
1814 1563
1403 1304
980 1010
930 1676
439 497
1109 842
402 95
154 58
537 80
1706 124
1944 193
1536 781
1523 239
1749 1782
607 1879
1398 1944
674 1356
1980 346
1096 226
836 1629
233 156
266 313
732 40
54 1294
851 1494
1085 1846
11 758
1214 162
1291 609
300 1880
1678 1162
675 1012
730 1205
1976 1126
1784 400
1453 334
1109 1648
863 293
594 337
1818 1294
987 424
358 1255
1946 770
275 1337
1648 1039
348 1995
1418 311
460 32
914 988
2 1730
1780 1286
1471 856
1682 761
132 934
1583 565
612 934
282 652
1009 716
1731 868
1054 1515
213 1896
156 347
349 1174
625 214
1101 480
679 783
779 645
71 925
1817 555
1275 2
1113 385
1163 834
412 925
8 1282
685 1061
990 1798
497 772
1133 1730
850 563
947 1785
476 35
917 498
1524 1741
1019 192
254 1076
748 616
389 1990
696 1481
338 1296
1795 1972
1539 1113
1657 1883
566 1466
642 682
1275 208
1230 324
1281 345
1321 531
1085 691
1425 637
772 1293
1810 1063
549 232
262 1595
1622 1794
1617 381
1119 18
428 1676
426 158
1970 1433
1755 471
221 1168
1726 1658
1097 1473
1512 1443
1264 1985
1419 1109
482 1942
1357 784
1273 362
1305 492
1271 1835
1231 228
1219 1561
795 605
523 300
493 110
1477 1640
1682 1005
1819 1838
327 1611
1887 1224
1146 254
1319 1889
956 1116
1163 1086
204 663
755 1515
1702 1547
816 176
1930 1651
1744 18
95 492
1878 1613
131 885
1091 1361
179 1499
1384 203
862 423
190 288
996 1471
870 96
1104 1546
1968 4
29 1279
1371 242
392 315
504 1870
1581 193
134 1989
1596 1088
460 1583
422 1892
1976 5
1313 273
915 808
103 1681
89 935
232 1632
1792 2000
1975 1921
1893 1803
1170 1252
1318 1438
866 796
1102 1552
1167 373
1578 1650
665 681
1691 1981
746 470
1408 527
1755 1381
1188 16
773 1124
752 532
831 719
1651 1182
929 966
157 921
1934 1845
1250 1409
1138 1409
1988 1062
1557 690
678 1167
1894 1685
1749 1954
29 610
1313 1368
1704 878
1542 805
1867 1576
949 1490
710 500
1923 78
602 1736
1308 1376
1631 110
500 789
647 966
1727 969
1157 898
1608 1844
144 516
688 571
924 249
1167 1382
622 480
271 1628
862 1271
1275 500
614 824
881 537
1436 1190
217 1174
1231 84
421 561
569 1160
1635 755
2 153
697 1210
1044 228
1562 1261
19 999
1716 879
673 327
301 1466
197 1988
381 400
887 1716
549 152
387 443
270 1738
1187 1980
1407 888
125 701
494 367
1308 1646
1148 545
952 348
166 786
511 251
840 1607
2000 154
487 1371
792 863
92 1668
1575 1450
1936 1489
1997 1220
1642 1754
1319 1920
606 518
421 735
530 1118
69 1340
374 331
18 81
1360 1597
87 1547
411 674
1602 975
1132 773
977 1168
225 1132
421 11
1224 984
337 742
1838 942
1838 1836
622 1267
447 32
21 1477
1461 1616
106 875
663 856
934 978
1605 954
440 419
1259 813
179 828
920 1974
1169 579
397 871
653 560
505 762
1111 1811
648 1984
1006 905
852 527
1077 231
1348 977
1858 1249
1863 432
1320 1000
263 1879
839 264
1143 247
1754 1789
785 1985
1525 675
1032 349
266 380
1337 792
169 1397
1708 686
1587 582
611 872
437 744
1254 143
556 491
577 814
1378 119
546 30
237 458
1536 1827
1034 451
263 256
450 1451
464 5
785 552
1829 1418
1660 1847
1784 1181
1240 1685
628 31
1576 355
905 335
1951 1188
195 1401
883 1924
1700 1434
646 1300
1419 1260
1481 73
640 825
419 880
422 1162
180 1140
1957 1087
1447 1741
84 1616
448 685
904 27
948 547
882 1856
544 44
1600 988
850 856
1446 1401
5 242
785 1473
279 166
638 1487
1101 1865
679 1852
95 392
1397 1434
528 1451
27 1917
228 1806
494 1769
1183 801
191 330
1927 756
1668 729
534 1391
121 1603
1303 658
524 1242
267 1409
689 491
1767 736
734 17
1450 710
899 760
1989 1603
443 140
1677 162
1530 987
1217 173
1469 389
1937 1644
1090 443
1633 833
232 646
1437 1486
693 380
567 886
434 1784
584 1335
809 365
477 354
199 560
1380 680
797 758
1981 45
754 1835
1056 1
1934 956
1312 828
398 1142
736 999
224 1849
929 1644
1050 866
1491 519
1551 779
1332 1791
1937 1143
1654 1337
1096 1674
159 746
1807 1512
1141 1743
217 1060
1292 424
706 1697
1105 1434
806 1798
1392 1373
1580 441
1912 1245
897 1776
977 569
1064 993
1220 171
1717 1545
1437 1488
1986 267
1873 23
1389 266
1601 1043
1354 328
1487 1985
627 1095
1460 428
393 1204
733 273
1601 68
76 1843
984 1508
1878 1017
1507 239
577 445
1991 1939
1653 1943
1264 429
940 747
143 1446
635 1450
1507 516
225 952
525 1818
1685 1477
1917 1957
712 983
1545 492
1652 853
544 977
1104 217
1189 305
1017 704
531 1002
68 741
1960 28
1409 346
745 883
1283 611
386 1684
33 675
1251 1305
1355 479
17 715
160 729
1380 1680
696 744
43 1933
681 1471
1512 1130
1518 1119
1384 227
1486 1447
935 1951
1543 1403
358 66
1164 289
71 1394
118 1346
1209 1557
1580 837
1857 771
1278 198
1987 1434
1557 268
373 1517
85 1770
1790 1246
73 873
1083 221
638 218
762 1777
392 790
122 1136
775 1317
703 769
1409 269
150 1304
1238 1366
500 1195
454 1367
780 1004
1079 1216
803 461
1404 1389
663 1909
108 1490
344 784
1019 1903
369 1090
1091 1641
132 1001
1682 1645
269 1267
1846 1516
108 1867
1729 224
598 1832
1508 1564
1174 1876
614 1993
619 1123
813 1546
944 707
1800 1828
1559 157
625 1837
774 1298
1777 412
1356 1570
941 543
1503 1836
1905 1524
267 737
1727 298
814 1120
711 953
1507 101
1995 1751
9 1620
796 1490
1522 388
24 1280
1130 220
697 1063
1142 1561
532 1416
789 1086
307 1592
695 308
1734 1858
1140 580
1273 1984
339 506
596 1195
235 665
634 643
1826 544
120 619
660 1771
1669 155
983 509
495 1607
92 1514
1638 1078
443 1373
1223 922
887 1031
328 746
1504 76
1515 556
103 1178
707 397
209 1935
301 59
647 157
588 1613
1300 857
1237 269
1198 835
597 954
658 773
1973 417
838 173
950 1408
1170 699
1624 333
361 556
1591 80
1993 247
96 1301
839 1911
595 381
882 891
567 487
490 1149
1856 214
314 1770
708 697
82 1581
1936 495
1678 1616
1841 1706
1373 1482
19 1575
760 1002
711 1846
1711 1894
646 1611
1623 1992
993 285
901 1156
838 1181
624 1425
455 733
1279 1034
1722 259
1327 1005
1237 208
1854 573
1507 477
688 1939
628 1896
624 892
676 1770
481 766
79 343
1485 349
1740 1903
1317 1216
1384 1526
438 703
892 84
266 439
1556 1533
87 1382
1137 139
1282 1200
1105 1502
562 180
549 1158
447 976
1638 614
1901 607
563 1059
1682 1145
453 1828
2 783
370 1006
681 1803
1627 1041
259 1038
1373 730
1420 993
1178 1340
1260 1862
1494 1096
1350 1755
1571 9
230 1442
601 1491
716 177
1976 2000
1318 682
1994 1326
1214 91
685 52
1780 1967
1236 41
1867 376
1724 780
714 1849
1541 611
688 415
663 951
144 791
1606 563
1964 1457
1730 1859
950 491
722 189
270 1593
1148 967
902 421
127 1048
43 679
1843 434
35 551
1882 1204
1767 551
326 1976
1366 1314
1573 779
812 1806
1598 1628
1040 1479
840 880
446 1871
1241 323
889 1467
359 1219
1847 1960
394 1720
1019 896
948 886
1818 1159
1860 1224
486 544
1833 856
1546 1543
242 1533
1721 1960
833 1355
322 154
1744 976
691 1202
1090 1473
1037 1887
1834 509
1070 1505
1458 1233
951 62
981 287
1306 1329
1938 205
552 1615
1017 1008
293 372
1216 541
924 1763
1740 599
1031 1937
369 1191
1685 1073
990 68
1552 1286
417 1868
797 372
803 1976
1962 1520
644 59
832 1043
331 281
1810 884
784 1908
1421 1727
696 208
614 1003
740 1836
1317 664
1805 906
624 732
21 1537
925 1830
1760 174
399 1072
44 88
1309 896
1797 416
1527 1569
269 1719
46 709
709 1020
1503 426
116 198
463 969
836 1895
533 1243
1661 1169
1412 1724
1028 1066
998 1274
1323 501
1969 1288
1315 1722
1204 1182
647 1387
1625 1392
607 830
1815 622
1935 1486
171 1902
1448 1242
1391 1781
316 4
1813 1173
678 501
1237 617
701 1867
1574 713
753 208
637 1140
386 668
818 1440
1819 1514
1178 302
361 1831
675 725
1613 418
1477 1134
1478 1120
1217 1057
212 234
668 140
925 1611
1710 1169
270 19
767 354
934 954
671 281
720 871
1148 538
1126 1403
99 910
1949 405
537 1465
776 1106
1877 812
628 1077
1895 814
849 725
1386 1859
741 1049
70 988
1305 1129
511 1431
1942 456
1682 1168
824 1628
1508 134
1733 1094
488 629
358 1894
650 298
1990 380
1930 1414
842 1084
1961 1393
673 346
1252 1489
692 93
1879 1075
1281 1061
1941 462
738 1728
940 658
36 1972
1818 1364
704 1482
494 188
692 980
601 1755
786 680
1676 368
886 713
1870 227
951 830
96 1748
66 528
1098 383
303 345
1688 1702
755 842
1756 93
223 1153
1868 645
734 1075
1319 1139
1855 193
1392 1714
1138 1187
251 1174
569 1823
1597 438
1117 411
507 202
415 1419
182 1999
384 124
1853 1366
311 1047
802 235
1360 465
1103 1047
921 733
11 1707
148 1366
1460 1318
113 1613
559 682
116 1668
1735 1268
548 739
1711 1942
554 1338
526 558
416 422
683 97
337 1882
1122 737
695 1937
275 1631
700 1857
1867 124
56 1871
1440 579
1317 593
1532 1229
1795 691
1361 703
28 236
222 553
1099 732
787 909
1158 1475
469 1023
1487 1614
1342 179
67 1931
299 971
1175 251
1212 895
88 1168
938 230
1956 1579
1750 1331
271 1849
53 569
1584 1612
1536 799
509 429
1498 532
396 712
661 1649
592 218
1453 653
1724 1765
1181 1960
158 1616
1504 1846
1994 913
1489 56
1501 1017
705 31
1764 783
1479 1779
1436 1638
70 1762
882 1186
945 1366
5 1820
1354 384
1805 378
1153 381
1413 208
1740 992
698 1579
729 1855
693 903
82 1877
234 544
1085 399
1757 1018
1225 270
1678 131
1595 497
1381 540
1920 1268
812 994
1416 224
1598 1000
407 1040
293 1374
1280 156
1721 144
1963 1732
77 1326
1963 707
1036 1012
168 1296
1254 1369
1 1362
632 547
1352 683
1146 1433
487 1235
420 1811
1113 1704
1718 516
78 201
1635 413
268 668
1115 1116
1939 1288
903 1954
655 1132
1075 1920
1027 1307
1603 981
590 1135
297 240
1993 927
125 398
488 1826
29 1514
1388 1722
1622 1067
36 1780
1332 1997
1107 930
125 387
235 634
184 98
776 803
1566 817
607 409
302 107
52 1026
1100 1495
358 1661
1062 478
262 268
658 123
1274 1097
189 1448
665 1254
519 8
1726 1342
1345 1663
604 1370
841 1341
1705 1803
989 1372
1654 1390
1198 161
1949 80
889 1559
660 1588
1915 1492
1009 1658
1936 424
1428 1738
358 264
130 404
166 755
589 191
1714 317
1353 1197
935 914
905 1547
503 1584
1734 969
1020 904
17 1767
526 1363
1323 45
1414 207
1643 492
458 1735
843 968
540 1554
649 487
391 1777
478 1699
724 643
1373 1593
1801 89
1178 1265
1420 551
708 1731
102 790
1303 986
1753 101
1308 554
1824 1465
482 815
1874 1055
231 1062
989 354
1107 800
881 473
1328 1804
1442 33
1585 790
560 261
821 1561
1968 322
1992 539
1722 1645
980 1280
1690 1255
914 44
1397 678
1257 655
971 107
41 135
1679 1036
1308 1166
579 1624
1269 1181
381 1628
1437 87
562 72
847 1688
107 292
1707 869
924 37
788 1027
1896 1730
1005 139
1553 604
620 152
1911 1410
1854 207
1479 628
1990 1723
1803 1071
699 483
1549 1797
1548 567
606 598
1488 1299
745 1717
736 75
667 1812
1994 1143
1175 943
304 1740
1765 1264
1606 1569
1184 335
1799 652
38 1048
159 1827
1732 796
1118 228
1188 1721
948 736
1563 171
731 614
1082 981
698 428
423 738
874 1167
1487 1673
1508 1645
1297 772
729 1569
1666 598
706 432
897 1956
904 590
427 572
678 1430
1570 1033
785 1643
1434 440
1330 69
1461 1414
1876 537
953 309
901 1385
395 1481
1413 346
109 985
1156 1077
957 47
576 1292
1068 287
297 1989
1573 1909
1155 1735
206 1104
411 331
1522 1063
1239 1963
321 58
1191 160
138 1380
779 1349
926 1417
1658 766
1071 385
844 417
1154 1919
1076 1881
1544 113
1575 977
672 922
1985 989
1935 1278
687 1444
889 1767
807 44
697 206
1931 1180
521 1184
1688 1937
1470 577
568 1661
563 1862
236 1195
367 1161
766 1235
812 1182
1197 200
1592 1021
1722 1630
1656 1355
1475 1150
847 490
1521 518
1981 1914
856 1072
1683 1292
740 126
659 20
1363 1536
309 1401
262 1638
686 1562
947 560
1269 283
429 237
1068 587
478 243
1370 54
750 692
751 212
351 454
539 78
647 1695
1716 940
1787 1420
504 738
825 1017
1674 439
708 387
1565 1510
1747 1042
1376 1776
211 903
1168 1790
1657 518
1824 1077
429 320
1086 1537
583 1751
568 421
1056 1399
1970 331
1451 180
496 458
331 455
880 904
1711 579
980 1906
935 1782
1865 1845
1594 1551
26 1088
1526 1637
1109 1604
1152 1930
302 407
0 89
1609 1529
1415 1044
683 1491
50 842
1637 263
456 1712
205 1940
396 1314
408 897
1944 1972
1571 558
833 330
1119 1391
522 1645
1110 1365
1811 57
229 428
1527 103
489 1378
1448 31
241 1743
1797 531
1138 1427
1513 105
1730 14
348 690
893 871
828 1901
1235 106
181 491
1856 1738
219 237
374 1078
1503 183
1266 1320
1422 1089
1859 1601
767 617
2000 1673
1993 1689
475 639
599 680
618 495
1213 1781
1744 1049
1428 1994
1254 1316
1836 1516
1943 495
1572 998
497 675
226 711
1622 704
1433 30
841 1057
422 263
429 1814
1404 1960
163 1257
119 209
1173 465
573 1427
795 34
306 1936
506 1990
1307 995
90 86
953 853
64 380
317 1278
666 1457
1382 163
582 1648
15 1135
1534 1299
242 461
876 1030
663 1728
1018 369
710 1934
1707 1160
1431 404
1478 301
1109 146
123 381
1488 589
493 1178
67 1662
599 271
1997 1161
1190 1610
1445 412
721 701
1669 1124
491 553
313 1045
406 1727
473 1653
1117 664
840 649
1718 437
1555 690
1592 17
589 1607
771 1689
1211 1090
829 1162
1580 1352
377 521
216 170
326 1017
44 1362
975 59
1976 1215
239 185
788 1344
295 1800
1493 1688
172 81
196 1075
15 441
1636 1267
1942 1048
1832 1040
468 313
917 717
1020 702
1323 190
860 710
152 1109
1184 1730
1849 648
340 1997
78 1067
417 259
923 1946
965 1460
1027 705
176 764
783 1510
1544 1494
520 619
1873 656
1518 714
1463 1422
1474 1537
1500 1475
166 280
1333 1145
1271 1642
1479 1271
444 194
1029 1844
1338 670
714 388
984 192
726 1018
1052 652
1210 1906
242 1300
1763 1479
1960 1241
1591 1733
131 702
1515 1443
1110 1467
1074 1731
1459 1637
831 784
631 1318
1892 821
1908 1173
632 1614
1157 1695
1009 695
1604 1037
1503 1686
1601 1518
1611 627
977 851
716 1814
1413 1337
1369 1526
945 105
1288 1534
1692 1076
684 1135
1311 433
824 1438
1532 355
41 1214
1410 55
835 408
107 981
1626 1513
1968 381
694 1646
1498 1923
376 1870
1912 304
461 195
765 674
224 150
1096 811
1338 834
1517 616
446 530
1606 1822
910 908
1060 1013
290 1772
1223 728
1460 1945
1911 518
1048 605
426 723
541 965
273 990
1522 918
528 1921
1500 721
286 72
45 99
727 15
1754 1860
1708 1708
1744 243
355 1078
309 781
1785 1105
1559 1662
986 475
203 961
590 697
952 268
1639 1024
875 262
748 1596
1965 1398
377 1096
1320 581
861 617
1961 1916
690 937
704 399
1715 632
1078 736
437 1102
1884 1967
1362 239
1398 969
92 1813
951 391
536 685
241 1134
1927 1872
341 1183
1361 1419
165 569
235 237
1735 1563
983 1253
300 203
1386 1129
1390 1230
545 255
1379 1792
85 1531
335 493
1994 827
1059 1599
1518 1217
385 1906
634 68
652 1541
1997 1378
1268 1914
319 959
525 1551
1590 1804
695 102
666 417
926 112
1049 914
983 617
1720 743
101 791
1895 593
45 1335
409 1156
697 844
573 1313
499 1474
816 1971
409 1575
24 708
406 123
1685 199
1984 506
1837 541
747 833
311 670
409 1727
1033 736
597 351
509 872
16 224
1906 644
1415 86
1886 245
1226 949
712 1025
1844 587
531 562
1638 327
954 1635
844 1943
922 649
879 736
485 445
599 1746
384 139
345 1013
1039 479
1714 1314
1583 552
456 533
1830 1303
160 1802
1232 1501
1817 820
1203 1534
605 611
596 5
1251 561
1681 193
1405 1523
1246 1991
1959 615
1032 1601
143 1961
1657 1559
1779 1272
40 499
448 1619
1123 553
1906 157
3 427
245 1152
485 356
91 478
193 1239
921 542
1228 639
321 1464
886 1272
1222 946
1977 1558
1589 453
1918 1735
1455 644
556 44
1486 1770
1767 820
1981 626
1993 372
745 426
176 1704
1480 645
1851 841
1252 47
1488 1400
937 1426
1213 1768
112 1207
1600 622
1676 1441
1717 259
762 854
67 36
974 1862
682 1783
522 447
1906 882
1871 1267
692 408
1266 301
1930 1577
1831 799
697 226
1743 619
603 671
27 115
1882 1575
832 529
545 152
1938 848
1491 385
1036 1680
1591 1213
1144 199
1500 459
1040 774
1290 200
1156 1142
1524 1598
302 1379
1845 1515
1022 389
1785 759
711 1490
1641 442
1634 1200
8 526
1709 536
1623 1386
31 181
1068 286
329 158
1198 456
1405 1599
720 930
358 870
1281 1320
1364 1594
1914 1680
1520 1515
572 1708
281 530
786 1688
1814 729
1440 430
1121 1630
1136 922
1738 733
426 1437
354 184
88 1652
911 1300
371 366
1981 412
780 583
1241 597
643 398
1178 529
543 1026
18 1746
1555 1080
1283 660
529 1638
956 1775
1779 1182
199 542
35 368
824 1988
1122 700
445 1036
394 508
1835 689
1785 1554
1158 500
1407 1774
1575 1409
1904 775
74 1289
367 65
1202 619
1344 993
1703 1734
1356 1437
852 1661
1442 687
1115 400
405 96
1035 11
967 1814
850 1156
491 1661
1031 1670
1038 758
1552 1421
759 528
602 1141
163 819
310 530
857 1366
1920 1304
1536 1325
733 299
1817 476
1269 1264
1974 1559
258 1202
1565 12
487 371
379 1512
420 1806
461 916
139 962
1416 1488
232 1643
1502 211
1194 1295
1724 378
1023 982
38 533
1680 348
933 1193
1608 1429
119 307
1662 23
241 576
1477 134
1093 1583
1708 1054
653 1566
491 95
1291 1769
226 297
206 901
1965 1699
1331 440
1006 1997
1371 1752
554 841
491 995
94 1264
1471 766
658 533
346 701
1400 405
891 821
424 796
1958 664
373 2000
229 1717
1074 1089
7 1779
654 1093
882 1113
445 940
1135 1614
1327 450
1823 1981
546 910
1704 279
1794 1529
990 1276
748 935
532 1039
1237 635
1025 443
856 306
1350 526
155 1580
1984 749
441 575
842 1833
1711 1189
154 1037
438 902
1188 525
973 902
1970 731
1496 1759
291 1710
523 600
1055 1115
1412 815
1045 635
1501 648
1450 596
1016 1228
200 1484
1010 1780
1494 125
1436 1319
206 1799
360 245
654 463
895 477
70 1229
1938 21
287 1730
1196 900
1102 699
367 697
717 683
473 1447
785 1059
1661 1442
1854 1504
1683 1125
575 786
1744 852
537 893
661 873
227 1401
446 1042
1807 1232
756 1037
905 1022
1013 1984
1313 1342
68 66
1085 159
1140 1096
368 1469
579 1434
555 792
1763 1216
1532 425
1194 641
1007 249
13 972
1148 937
918 554
920 1318
1212 1927
1059 1730
582 1140
1239 281
1928 1351
11 1368
1523 416
1920 1210
1259 1548
734 1971
1547 1925
502 1213
886 1858
1981 544
292 1267
973 1590
1252 1641
631 337
1220 683
684 1121
901 1938
1820 1799
192 1826
1167 1726
1570 867
402 1341
1686 1025
1727 104
1379 49
642 1971
1418 882
1538 939
1195 1145
812 1484
331 65
139 570
116 623
1763 1226
1887 636
1594 475
1231 195
781 1803
1896 408
1097 149
1107 374
556 1356
6 313
1330 1662
908 1825
891 1837
1977 1690
145 868
298 908
1824 800
844 232
1843 1368
1800 423
1196 1725
1320 1275
40 711
1660 1577
386 1363
147 698
834 657
385 1003
74 609
1720 1540
1856 103
1249 1632
1746 1845
405 240
1615 1652
977 1705
482 1322
1585 595
1623 948
259 588
956 1937
1166 440
766 502
40 1694
728 217
1030 643
1023 743
1599 1629
199 1702
1982 1727
932 1114
56 42
1692 1406
93 1749
1334 1309
580 92
968 1993
839 653
945 853
1258 1348
1186 1113
1919 1195
1968 343
1810 1506
1148 1596
445 1631
1586 1162
1524 986
1355 177
1442 871
187 603
48 562
1855 527
418 583
1490 1225
551 1078
467 1347
1233 1627
1104 1759
1801 886
1655 1269
100 772
1656 684
999 766
797 1720
786 1375
261 668
480 1376
899 975
495 1249
210 1339
1809 344
1316 208
1644 911
1227 448
1294 1245
391 669
811 179
1550 443
69 586
47 125
1069 345
405 1650
346 917
1015 1315
1808 1104
1539 158
1388 266
1072 1695
365 1960
1132 1682
1988 1604
1671 1389
1611 1331
787 1270
205 707
661 857
109 1826
1700 1544
97 415
1167 1718
1622 252
250 1101
578 1122
1365 1149
1255 851
882 1670
1240 597
114 363
85 139
1004 259
405 559
1970 1066
1443 553
659 1279
320 1510
869 1817
1433 1613
932 882
268 828
1803 389
1836 1554
1510 1915
1484 1934
1906 229
873 843
1065 1740
22 1392
1807 1629
1075 1810
1966 320
1121 1438
720 9
1102 715
500 796
992 1682
462 123
1997 776
1406 937
1000 64
1112 1366
542 321
274 954
1076 1714
1438 912
1561 1368
1398 1668
795 332
1915 784
874 1332
945 1909
318 445
633 1639
1060 1781
1299 1361
461 1174
1041 834
255 779
575 99
1428 1686
363 519
1712 165
410 1696
1607 1169
349 1461
678 823
1890 336
68 1751
1027 1479
1960 693
834 1604
1851 1500
624 1230
1916 1523
954 828
1065 460
1376 1579
399 1528
667 836
717 1526
583 1716
1717 325
544 1748
1549 304
1573 1386
298 482
1313 556
1343 166
1501 52
1432 878
592 114
1043 1351
106 91
1247 1015
932 598
342 464
1532 449
628 564
1808 1978
1916 1654
673 783
365 677
635 487
420 1241
1667 1605
941 1758
557 997
1087 1447
206 316
1132 703
830 1541
942 1652
1306 965
806 600
903 257
1110 1787
1339 839
1538 1554
360 716
1598 694
1533 162
605 103
1057 29
316 763
1111 1050
67 1273
137 254
738 1990
1984 792
1954 1883
1675 145
1749 1952
1075 1032
1035 1492
1254 403
537 411
997 552
784 1436
750 61
424 1256
1145 974
1822 1702
620 929
1674 1317
787 879
49 50
716 782
971 17
785 1754
1898 822
968 161
558 312
1435 1634
960 1986
848 595
59 399
659 14
190 880
1588 1987
412 788
1948 1399
364 1438
335 146
593 295
1542 1843
1600 1564
1058 404
237 370
590 1911
528 1094
861 580
1004 1057
1947 1340
1273 1627
1405 1644
1819 1780
1553 1137
1541 741
1070 507
418 465
42 841
1273 1849
1124 1155
605 468
897 728
973 845
567 889
901 304
1779 1988
1675 1139
1638 1528
23 159
1598 1184
1758 1273
681 1210
1318 304
1135 1025
1342 1016
253 1594
1669 1835
417 502
223 1651
148 1886
32 866
1393 1763
976 1118
1787 81
313 471
1394 899
309 1331
1684 1388
876 84
52 1298
1646 1263
743 246
1677 1178
702 1109
1057 1113
858 242
167 1044
1110 104
1106 1546
485 461
470 1016
309 484
1186 408
424 316
952 1170
1866 768
882 1238
1368 1887
1152 420
1807 1332
780 917
1977 71
710 620
1576 1134
701 247
1359 1373
698 957
196 892
1276 1376
1995 1307
1323 1702
981 536
1392 1874
1942 1323
1877 995
163 710
1390 786
954 458
1208 1003
58 1946
1830 127
1034 966
1669 492
986 692
1739 1972
1656 1824
1306 1149
1641 1738
974 1366
1803 174
899 1317
282 113
1028 1780
797 1811
935 882
509 1206
456 205
847 1186
213 1128
724 1578
1573 1182
1316 1564
1168 869
903 1989
1453 9
700 1187
469 906
680 1035
811 1773
493 1088
932 1836
116 19
169 239
1419 1022
1869 1812
1601 1300
508 854
1145 621
280 1728
637 1135
1091 1682
117 1396
783 71
705 1014
974 349
1543 731
1892 1151
750 1614
636 790
138 1957
1601 1539
706 1931
1048 46
1817 173
1822 40
518 807
1230 1714
1128 275
1917 1711
356 1030
1969 1205
1130 1083
1 1973
1306 1915
22 55
1009 1121
1899 718
1051 839
1629 1627
1789 15
1506 227
484 1040
1296 1783
674 86
978 693
257 1324
1689 1228
1418 486
683 1480
754 522
1538 354
891 1537
1417 1762
1726 1926
1567 1412
1389 1568
522 1424
702 1696
1678 1261
8 201
1638 1448
1750 725
1092 1607
1472 456
1169 1309
1625 1485
1674 4
1743 5
186 54
1659 138
137 749
1382 1667
1953 497
344 1304
183 1867
1562 506
1484 147
701 1955
1756 1559
1462 1455
1492 752
69 347
415 1239
849 826
848 1835
685 65
1066 485
1889 147
1126 299
75 138
1848 851
393 1263
8 444
1975 801
1511 945
186 569
1475 253
613 1744
56 1362
1913 50
250 1638
947 850
523 844
1160 1134
685 704
1118 1161
1624 1274
559 835
873 35
1838 1374
394 1196
751 176
243 1335
391 1814
977 1101
1596 1920
526 859
271 1285
751 1518
848 151
968 540
1327 1996
1611 1219
265 720
706 684
1127 699
573 449
1537 885
1371 459
1870 1573
1757 1125
494 50
1074 1912
1380 1708
1729 910
1976 838
1776 1410
371 54
662 1777
1514 1908
1524 283
503 1957
1975 937
928 1526
89 701
29 915
1780 162
593 1859
862 1207
1865 1090
1625 1819
463 1932
1217 1842
1337 1123
150 1688
739 1877
381 1563
1891 75
1878 881
1628 1649
637 1801
693 645
1110 1669
31 540
543 1975
928 1725
1643 1160
1278 915
1656 850
384 1008
983 353
1878 64
458 210
1035 751
512 1919
139 957
1875 1145
1688 253
337 1026
870 874
153 205
1102 1099
1856 413
1730 1297
513 867
1649 216
804 617
700 1050
1357 1166
1969 1084
1839 1147
1292 844
580 256
1697 1739
428 247
758 712
2 1183
608 142
1507 439
1962 1291
185 513
890 1568
1982 419
1227 1031
1114 1806
877 810
612 1066
924 1491
1021 991
1789 223
556 1323
61 1628
1654 310
1543 954
1999 682
768 1084
400 1352
630 1003
288 1290
141 272
1831 1648
451 1617
1788 1125
1945 1879
1278 764
1664 1746
796 1378
415 1530
956 1469
890 1869
1875 1426
1242 1709
229 1486
308 1730
138 1381
1594 1077
686 1215
188 272
642 832
482 1923
241 638
1061 1481
381 293
1892 258
1613 541
748 484
526 557
891 543
914 189
1276 1317
482 82
540 309
276 1459
1616 1799
1279 670
444 1973
1320 928
1735 980
1904 890
686 1417
1027 325
633 1570
655 1856
1098 169
1375 220
1767 896
1074 731
131 1747
431 281
217 1353
1819 826
1223 963
1311 1475
175 345
319 139
1141 1815
719 749
1338 1013
1708 1142
290 812
1528 1926
1777 587
1000 1804
1464 1897
13 1522
585 1876
1996 1177
96 1487
1824 844
1924 1755
973 1876
1070 163
1329 220
1464 537
193 398
399 616
1099 1235
1597 477
471 595
847 893
1484 1111
1286 40
576 1213
663 1397
349 1382
68 88
1124 1223
170 1825
1167 274
568 553
1602 693
946 1005
219 1369
581 1832
1293 1609
1176 1527
364 228
839 759
399 128
886 648
1676 1217
1746 1089
1351 1423
1147 1853
24 1481
402 1812
846 452
236 96
1578 694
1842 1637
159 191
1620 975
136 639
654 1453
401 1620
1522 1807
453 69
1063 789
1476 1435
326 1762
1208 1804
1775 1281
1424 649
802 938
1488 762
146 177
1334 616
858 209
83 61
1455 1181
1626 20
213 244
341 941
1023 683
1238 741
2000 98
281 1034
1797 1502
1214 595
463 982
107 1527
45 868
799 403
1370 1645
1349 485
659 202
1797 1323
82 777
967 1241
289 327
1943 1443
1411 532
1678 1370
1197 544
1812 1301
344 544
1186 17
602 531
1320 1450
624 425
1341 1606
1553 491
1737 566
918 842
1600 1160
403 1923
160 1482
1266 1306
1823 1471
451 518
33 1002
260 1999
113 1869
1826 167
993 750
1296 1428
481 418
1349 1180
1879 1294
1771 973
1772 209
1336 873
1813 1090
592 1861
585 624
213 929
246 1314
728 120
231 1223
1571 41
388 96
1034 1435
146 739
108 968
1356 463
1652 564
1041 1568
356 1129
1502 1218
375 712
1442 18
1844 639
76 1521
362 850
1719 1349
872 1044
743 1159
1918 1530
285 248
649 949
1381 1773
1987 1497
488 157
483 1686
78 1827
731 1649
1264 1965
493 1975
736 946
1686 1578
1898 652
1916 1824
1004 327
1892 1415
1900 1324
1287 1889
1945 573
656 729
842 1831
348 1596
1648 761
99 776
1952 319
1671 649
927 531
1686 5
797 1774
495 333
1241 91
747 298
235 609
1173 1366
303 1452
1418 811
1833 1410
1693 364
1488 530
846 1142
1280 1785
1915 89
922 852
1043 989
111 1631
632 596
117 1868
119 1155
1268 505
1620 943
57 1528
1358 1662
1313 403
636 1567
1687 900
334 247
1925 1556
828 848
1001 1725
1739 1623
1036 472
383 670
1519 1922
312 194
452 222
1677 1491
797 1059
674 1002
1520 233
1749 976
540 699
1749 831
47 716
785 146
512 445
624 650
1030 632
727 1524
733 245
502 869
887 1177
647 1878
1021 1894
524 1977
481 1763
1114 1115
19 520
896 1748
1775 1488
1874 1787
1053 802
984 579
507 920
949 1072
1181 1313
179 1408
937 1019
527 474
1569 628
1599 707
1432 1342
444 661
680 1654
215 1392
1786 1971
423 1435
1328 217
949 18
1390 961
1082 193
397 1074
591 1301
1926 635
1720 1485
200 638
62 1293
420 1352
289 829
328 1934
1196 1670
669 318
214 1352
137 1151
1124 481
77 1857
572 1281
283 1710
35 333
1151 173
1429 1232
1840 1201
870 939
1886 673
320 1557
1665 719
663 460
1422 1794
610 1963
1838 1095
1849 697
175 1370
821 1450
632 1662
1951 284
455 758
427 1597
1847 1612
420 1958
789 1356
844 750
531 1826
1724 1076
700 1037
804 465
1104 729
1050 1928
319 612
1560 1876
466 1071
1594 1128
414 383
1115 441
926 1002
1119 423
1086 1664
405 1978
1711 1898
1941 1814
259 79
1485 357
1447 1344
848 788
171 458
128 127
1972 164
603 187
918 158
1403 1210
1771 128
825 100
629 361
1214 1414
1308 1496
340 1017
91 1881
828 1265
606 1638
996 912
664 477
875 1370
1844 184
1844 275
1034 1128
368 731
903 890
1783 1721
396 1802
1793 361
1483 1759
1705 1574
579 570
129 1991
952 1941
1467 1807
1740 1913
316 1213
1500 378
94 100
327 532
560 1490
990 1605
455 1218
1770 1971
995 1522
1019 854
540 1658
1397 1758
1289 1117
1168 1413
272 1063
36 1470
1196 1061
815 1065
234 360
906 1980
1974 270
116 848
1037 1269
1380 717
430 1696
1468 176
567 1644
784 423
990 1239
192 76
1364 999
98 1922
1412 1374
1586 1577
1723 387
1229 1315
1089 1759
454 786
1937 426
272 1499
1216 1203
1760 903
698 892
914 1219
1703 369
1654 113
630 768
362 281
1463 596
1537 1685
816 1807
779 921
1295 1363
1160 916
1143 1384
1483 1282
1527 850
843 444
215 1636
132 1518
1126 360
1124 727
551 745
724 1335
1222 781
468 1701
988 471
1348 842
479 1987
1467 1758
1056 1154
700 859
937 803
713 139
1609 1902
1074 1505
1862 1468
3 1205
1775 932
810 1149
1949 1549
1764 1345
1363 1193
192 1024
1093 1590
399 514
803 1397
584 104
1461 1336
1803 17
1574 1105
87 156
1395 742
506 677
1438 285
767 1330
887 313
1133 1978
1502 677
141 1288
1153 813
771 557
502 1489
1136 142
371 1271
758 1654
1811 742
1228 1533
1931 1637
139 1296
490 583
619 1337
1204 1438
221 969
191 383
676 1865
808 1329
146 1434
1740 1860
133 210
1102 73
953 1453
751 1205
373 1934
748 1799
1738 1944
597 955
1585 81
1115 455
1288 900
1426 1272
1647 446
574 1058
485 1883
1367 1053
1525 139
1380 906
1265 915
685 741
403 988
353 1307
1233 579
1529 241
980 1576
1791 849
1951 1742
968 1285
830 972
1787 1927
1481 1760
653 887
307 1659
1709 1566
477 1047
643 1798
1561 1728
170 813
1753 321
988 1700
1473 780
377 1315
1219 1495
787 480
1049 1645
836 1309
515 1565
302 914
1358 959
711 722
298 1723
631 1779
1638 246
552 1879
44 1800
1645 1366
354 1072
585 1980
1371 844
622 542
1725 1384
1751 1335
1199 1830
1925 1652
1767 894
359 217
203 1918
874 1959
1768 993
577 240
388 1246
266 783
313 683
1152 436
1029 1059
338 605
655 1950
1310 860
1157 969
1252 1134
1665 451
775 693
451 1202
18 1435
806 529
505 35
