1000
0 34 289
23 65 262
37 82 7
56 60 267
63 84 132
69 94 268
79 113 185
95 101 252
105 145 2
130 169 175
134 139 275
135 170 276
143 161 108
143 184 45
156 174 156
184 222 265
206 248 251
220 253 133
227 255 167
253 293 8
281 320 83
301 328 38
318 339 144
347 377 271
367 393 205
393 415 52
401 422 126
423 467 30
432 478 18
437 448 137
437 453 291
443 469 52
469 497 18
475 509 228
490 501 30
501 505 256
528 554 205
547 579 2
553 576 137
566 604 164
592 617 7
594 636 227
598 607 209
616 658 270
638 679 51
662 689 114
685 721 188
706 741 284
734 753 251
734 755 206
744 758 30
749 788 268
757 802 105
777 781 43
794 807 112
799 841 282
823 867 90
832 861 168
846 854 15
847 869 46
860 888 139
889 907 84
918 940 4
923 970 165
934 949 281
937 962 83
941 952 54
944 975 160
947 982 217
949 990 81
965 1014 150
988 1024 116
1006 1055 228
1020 1052 202
1035 1036 232
1058 1079 266
1066 1067 63
1093 1141 111
1122 1146 66
1143 1146 76
1148 1161 300
1168 1198 9
1190 1221 289
1204 1219 97
1217 1246 268
1247 1261 166
1272 1280 297
1301 1314 10
1320 1369 29
1327 1351 229
1339 1367 213
1356 1387 30
1375 1402 238
1393 1406 154
1415 1420 248
1444 1481 298
1454 1499 158
1480 1497 206
1486 1509 32
1491 1510 296
1495 1497 120
1510 1548 253
1516 1530 128
1536 1555 122
1536 1558 118
1562 1598 146
1577 1598 208
1605 1615 39
1631 1664 253
1639 1667 285
1668 1706 249
1681 1703 35
1684 1707 120
1708 1723 222
1716 1738 237
1730 1759 196
1731 1775 223
1740 1743 138
1754 1769 139
1777 1791 166
1779 1816 151
1779 1792 121
1787 1814 225
1800 1842 251
1812 1837 119
1835 1885 20
1861 1889 88
1890 1922 161
1912 1936 124
1912 1919 50
1913 1948 96
1916 1924 147
1919 1922 203
1920 1960 271
1921 1953 250
1949 1977 210
1954 1961 77
1955 1981 197
1975 1997 25
1996 2011 67
2003 2033 43
2023 2028 61
2042 2060 122
2064 2111 272
2086 2116 140
2109 2153 279
2124 2151 178
2152 2175 242
2165 2194 159
2181 2225 106
2200 2203 54
2230 2275 237
2232 2249 158
2241 2271 93
2256 2279 32
2273 2275 193
2281 2293 261
2305 2309 161
2328 2364 172
2351 2353 59
2357 2361 160
2358 2374 25
2373 2389 287
2385 2400 175
2390 2430 204
2399 2436 245
2426 2449 88
2435 2478 300
2441 2474 195
2447 2491 48
2457 2472 180
2479 2508 224
2506 2551 233
2515 2545 93
2521 2541 30
2541 2559 143
2550 2583 263
2569 2611 237
2597 2643 48
2624 2665 163
2635 2675 294
2655 2659 179
2679 2728 283
2679 2718 11
2704 2715 280
2715 2731 184
2737 2745 140
2749 2751 49
2749 2785 21
2749 2797 250
2769 2782 1
2783 2831 242
2801 2817 97
2823 2862 145
2840 2843 271
2850 2887 62
2859 2876 197
2862 2888 61
2871 2885 262
2878 2928 261
2892 2928 299
2922 2956 232
2935 2969 287
2960 2975 253
2978 3004 279
2990 3014 99
3002 3044 116
3027 3062 42
3050 3069 176
3077 3089 123
3096 3101 41
3119 3155 200
3123 3147 293
3145 3183 73
3158 3163 122
3168 3211 110
3177 3190 273
3206 3245 63
3221 3251 75
3225 3268 73
3237 3262 155
3241 3279 265
3262 3310 275
3271 3318 189
3301 3321 95
3301 3329 123
3331 3348 142
3339 3357 298
3341 3355 248
3360 3390 222
3364 3370 166
3390 3434 253
3404 3426 96
3430 3473 297
3438 3445 15
3445 3464 3
3451 3462 212
3479 3518 91
3479 3496 11
3481 3498 264
3509 3547 73
3523 3565 227
3536 3560 82
3561 3607 260
3582 3613 286
3611 3650 86
3628 3638 2
3657 3662 10
3658 3682 19
3681 3721 235
3708 3741 287
3716 3740 109
3727 3777 77
3756 3799 38
3769 3807 279
3788 3834 265
3792 3815 35
3820 3864 99
3830 3858 232
3843 3873 265
3867 3904 267
3871 3879 136
3871 3895 218
3882 3886 191
3885 3897 167
3887 3921 19
3904 3938 70
3930 3950 39
3930 3978 257
3934 3952 2
3951 3999 259
3981 4003 173
4003 4027 168
4023 4056 139
4049 4085 184
4075 4077 206
4083 4125 291
4112 4123 90
4115 4127 235
4133 4169 226
4152 4181 20
4182 4208 98
4207 4240 240
4227 4259 84
4251 4254 22
4266 4307 206
4279 4315 49
4301 4307 185
4321 4350 62
4350 4392 290
4374 4386 36
4386 4393 243
4392 4439 276
4403 4413 48
4411 4424 58
4433 4472 160
4433 4438 250
4449 4472 83
4457 4498 124
4461 4482 211
4461 4483 197
4461 4463 275
4471 4513 104
4473 4491 201
4480 4528 41
4510 4555 3
4514 4516 221
4531 4546 115
4540 4574 3
4557 4577 257
4580 4630 217
4597 4613 131
4619 4663 200
4620 4656 153
4627 4666 5
4651 4693 138
4662 4695 151
4668 4702 142
4692 4702 236
4717 4722 283
4726 4741 212
4727 4756 212
4748 4782 281
4757 4774 273
4762 4778 101
4776 4799 157
4792 4831 168
4818 4865 248
4840 4880 29
4846 4848 106
4864 4880 180
4887 4896 62
4910 4927 145
4937 4946 45
4946 4977 197
4947 4956 22
4964 4968 111
4974 5004 13
4991 5019 120
4994 5007 234
5023 5028 64
5027 5063 222
5029 5060 277
5034 5058 274
5062 5071 296
5086 5125 73
5114 5117 105
5134 5158 284
5164 5205 283
5180 5195 183
5203 5215 294
5222 5253 150
5227 5265 26
5232 5255 220
5233 5267 286
5247 5278 58
5261 5281 299
5270 5314 244
5286 5313 131
5287 5327 283
5314 5323 204
5340 5379 146
5341 5367 300
5360 5397 12
5361 5378 20
5386 5429 275
5402 5444 253
5427 5465 42
5427 5463 63
5442 5464 236
5453 5462 270
5459 5466 288
5467 5509 145
5496 5542 270
5510 5553 146
5537 5586 291
5555 5600 274
5557 5568 114
5572 5604 249
5594 5617 143
5603 5620 155
5615 5627 44
5631 5663 151
5661 5674 39
5681 5707 149
5686 5724 140
5695 5703 48
5706 5745 243
5714 5749 16
5724 5745 3
5745 5761 29
5755 5801 1
5778 5789 11
5780 5798 40
5789 5833 216
5818 5823 256
5825 5832 62
5826 5838 235
5826 5860 168
5839 5880 50
5849 5857 165
5859 5903 266
5864 5904 227
5883 5902 228
5910 5920 212
5932 5974 213
5937 5961 269
5963 6008 152
5993 5997 276
6015 6039 136
6018 6064 275
6021 6034 241
6023 6037 157
6037 6062 291
6049 6065 164
6062 6078 225
6072 6084 203
6102 6127 246
6112 6162 23
6137 6163 263
6137 6164 41
6139 6181 17
6158 6171 98
6187 6202 213
6212 6226 8
6235 6265 272
6237 6268 116
6253 6295 222
6282 6294 288
6307 6336 56
6320 6366 215
6337 6343 274
6347 6362 268
6348 6362 106
6355 6382 8
6363 6385 4
6393 6414 182
6399 6430 126
6413 6459 81
6430 6473 143
6438 6472 109
6462 6510 94
6469 6490 104
6489 6511 105
6504 6526 32
6520 6535 173
6526 6572 299
6536 6545 36
6561 6566 227
6582 6607 68
6608 6648 117
6617 6623 97
6637 6668 45
6647 6671 196
6660 6708 143
6682 6708 233
6706 6745 2
6724 6774 296
6743 6765 110
6768 6798 30
6772 6815 169
6801 6812 209
6818 6855 140
6828 6870 57
6836 6855 272
6857 6879 109
6867 6901 53
6884 6885 33
6889 6894 185
6898 6908 194
6898 6899 54
6900 6920 238
6910 6928 206
6939 6977 139
6945 6992 273
6945 6962 82
6954 6965 49
6971 7000 163
6976 6996 36
6995 7033 275
7013 7048 290
7036 7038 183
7040 7069 253
7070 7107 284
7072 7074 271
7091 7124 163
7121 7130 107
7133 7163 225
7159 7199 90
7159 7195 201
7166 7174 284
7184 7212 222
7204 7248 194
7228 7270 241
7234 7266 23
7253 7291 118
7262 7288 219
7274 7299 247
7294 7338 16
7311 7330 134
7323 7339 62
7324 7335 81
7328 7375 114
7338 7353 231
7360 7409 98
7383 7431 276
7405 7417 71
7416 7443 266
7417 7449 255
7427 7459 44
7443 7493 37
7445 7464 86
7448 7475 67
7453 7468 159
7457 7489 197
7476 7518 36
7486 7525 266
7490 7511 46
7514 7531 296
7516 7519 32
7545 7556 72
7557 7603 47
7572 7585 52
7580 7622 134
7600 7646 44
7607 7610 98
7612 7637 30
7633 7680 126
7658 7682 94
7685 7733 214
7701 7743 119
7704 7722 208
7704 7753 95
7723 7731 299
7747 7761 54
7767 7772 91
7796 7824 297
7815 7844 19
7820 7829 44
7820 7864 185
7828 7876 119
7851 7872 8
7871 7873 173
7898 7940 116
7914 7942 139
7931 7939 87
7939 7981 22
7953 7985 139
7957 8000 104
7977 7993 265
7994 8038 25
8016 8040 83
8021 8053 18
8029 8078 55
8045 8076 146
8049 8069 181
8067 8116 270
8096 8140 43
8116 8144 167
8142 8161 144
8150 8151 283
8176 8223 194
8190 8228 154
8204 8235 183
8206 8254 11
8232 8242 173
8254 8269 146
8259 8305 249
8271 8310 41
8298 8305 234
8312 8338 241
8342 8349 296
8342 8367 28
8361 8373 225
8376 8407 196
8405 8418 183
8431 8435 35
8459 8481 237
8486 8491 95
8505 8507 98
8520 8523 36
8539 8573 148
8549 8583 65
8555 8588 10
8567 8575 258
8568 8581 203
8597 8616 264
8616 8647 34
8617 8664 83
8637 8677 147
8653 8685 20
8682 8714 92
8698 8706 79
8723 8736 78
8728 8777 56
8728 8754 162
8734 8744 5
8736 8762 8
8753 8754 84
8765 8766 3
8768 8776 11
8792 8842 209
8821 8831 138
8841 8868 25
8858 8864 59
8862 8904 1
8866 8888 96
8882 8926 39
8906 8908 281
8930 8951 257
8959 8977 3
8985 8991 19
8985 9035 82
9011 9034 202
9031 9078 198
9058 9066 266
9064 9089 155
9091 9118 199
9105 9115 119
9130 9138 222
9143 9189 4
9147 9150 49
9170 9199 211
9180 9198 106
9199 9228 179
9210 9259 10
9236 9244 102
9255 9280 230
9255 9296 127
9273 9275 208
9302 9347 42
9316 9349 245
9344 9357 185
9360 9363 281
9369 9378 285
9375 9377 147
9382 9428 80
9401 9409 109
9407 9453 182
9412 9456 56
9417 9467 155
9417 9456 110
9424 9447 65
9449 9485 81
9463 9481 139
9470 9510 242
9470 9498 99
9495 9541 128
9516 9531 274
9539 9568 115
9563 9604 260
9591 9601 221
9601 9610 34
9611 9619 55
9640 9645 157
9665 9704 119
9690 9693 193
9695 9715 16
9722 9753 194
9750 9767 79
9775 9776 56
9794 9834 92
9818 9848 281
9836 9848 74
9837 9872 141
9854 9885 29
9883 9932 207
9894 9908 139
9898 9921 131
9898 9912 290
9903 9913 46
9927 9940 230
9955 9969 134
9981 10028 86
10001 10010 27
10020 10040 174
10022 10064 153
10049 10061 259
10053 10055 200
10074 10087 228
10090 10136 143
10096 10099 200
10118 10156 14
10130 10141 95
10133 10152 110
10158 10179 235
10180 10204 59
10202 10218 99
10221 10246 21
10223 10227 151
10241 10277 187
10245 10290 259
10265 10273 161
10277 10292 285
10280 10297 8
10288 10309 217
10297 10328 171
10301 10334 109
10315 10345 153
10344 10372 32
10370 10382 282
10396 10404 251
10411 10458 150
10430 10457 229
10439 10447 268
10447 10488 26
10463 10487 241
10474 10483 78
10474 10494 224
10498 10540 90
10527 10573 214
10555 10562 211
10572 10578 202
10573 10597 232
10585 10610 127
10606 10615 131
10615 10638 72
10617 10661 165
10618 10664 41
10637 10650 139
10639 10662 97
10663 10693 131
10684 10690 13
10687 10711 148
10706 10731 255
10733 10756 292
10762 10799 198
10779 10796 256
10801 10837 137
10829 10850 139
10853 10882 5
10859 10881 71
10861 10899 223
10886 10928 43
10895 10899 166
10907 10934 230
10923 10973 89
10930 10963 267
10951 10979 89
10956 10967 28
10967 11000 243
10971 10982 99
10986 11027 19
11012 11025 300
11042 11069 277
11051 11053 136
11056 11097 68
11061 11096 72
11066 11104 95
11074 11091 211
11092 11093 164
11118 11133 104
11131 11134 82
11160 11193 113
11182 11211 17
11201 11222 257
11231 11258 68
11246 11256 279
11268 11270 166
11281 11327 154
11296 11301 49
11323 11360 23
11333 11350 230
11362 11369 42
11372 11381 2
11393 11410 122
11407 11436 63
11434 11435 238
11436 11464 212
11453 11477 186
11480 11514 140
11499 11501 105
11512 11546 266
11526 11548 206
11536 11575 93
11549 11592 174
11571 11574 183
11573 11585 196
11583 11590 198
11606 11649 101
11618 11641 167
11618 11660 90
11628 11631 19
11645 11647 239
11655 11704 101
11663 11681 245
11678 11728 243
11684 11732 275
11708 11758 237
11720 11769 280
11724 11757 164
11749 11756 75
11775 11818 295
11804 11817 260
11825 11835 118
11834 11855 43
11839 11878 95
11843 11889 28
11867 11905 255
11890 11909 300
11917 11936 135
11942 11991 64
11956 11996 106
11966 11977 149
11971 11993 163
11974 12023 208
11986 11996 245
12013 12033 60
12024 12034 201
12050 12088 47
12075 12112 62
12097 12146 235
12110 12147 63
12111 12159 217
12135 12141 212
12149 12199 256
12166 12200 124
12178 12211 91
12179 12217 161
12194 12217 167
12196 12236 235
12205 12237 124
12212 12224 191
12240 12248 288
12249 12286 289
12265 12313 71
12275 12304 148
12275 12322 237
12297 12340 253
12304 12330 300
12322 12368 30
12333 12361 87
12362 12384 142
12364 12374 35
12371 12408 173
12377 12385 47
12383 12410 78
12387 12422 256
12414 12448 201
12440 12489 283
12452 12454 211
12469 12496 183
12499 12544 36
12505 12522 183
12505 12546 84
12531 12568 264
12533 12548 79
12553 12594 94
12578 12597 65
12579 12600 242
12587 12626 184
12591 12595 189
12614 12618 85
12642 12659 44
12664 12685 272
12669 12718 78
12696 12698 292
12709 12739 243
12734 12780 281
12750 12780 241
12759 12782 17
12769 12812 117
12771 12772 203
12785 12808 291
12809 12846 222
12811 12830 241
12818 12822 242
12848 12879 2
12876 12890 259
12889 12910 138
12902 12916 244
12931 12980 191
12933 12983 47
12946 12963 96
12975 13001 74
13005 13006 163
13014 13029 208
13034 13045 20
13061 13072 94
13075 13088 154
13100 13133 4
13101 13106 60
13130 13149 161
13150 13174 74
13171 13205 94
13175 13179 235
13190 13239 270
13192 13198 253
13206 13209 182
13224 13238 85
13247 13269 109
13248 13261 212
13251 13278 279
13270 13274 89
13281 13321 14
13292 13323 236
13297 13326 43
13309 13340 137
13332 13381 208
13349 13378 213
13352 13366 115
13381 13384 102
13411 13443 186
13438 13449 72
13457 13486 172
13483 13493 17
13490 13538 215
13520 13536 97
13545 13557 70
13551 13587 240
13555 13589 54
13584 13625 40
13614 13640 233
13644 13681 283
13650 13688 15
13661 13672 48
13663 13669 189
13675 13686 123
13697 13741 206
13721 13741 251
13733 13776 154
13755 13769 299
13756 13777 85
13763 13804 165
13771 13774 199
13780 13782 299
13780 13824 202
13784 13818 218
13796 13842 261
13816 13864 197
13841 13856 64
13853 13863 11
13854 13859 224
13854 13876 115
13870 13882 145
13894 13936 7
13898 13922 208
13919 13934 57
13920 13958 266
13929 13934 234
13949 13968 284
13965 13977 102
13978 14013 258
13998 14013 238
14021 14023 242
14032 14064 240
14051 14084 198
14056 14057 289
14061 14108 223
14077 14120 175
14092 14126 254
14102 14105 254
14132 14139 162
14158 14188 87
14186 14217 164
14211 14215 16
14223 14256 226
14226 14238 93
14235 14281 42
14242 14274 135
14250 14262 180
14264 14310 99
14271 14321 59
14276 14311 70
14283 14290 107
14295 14339 183
14308 14343 159
14311 14322 239
14332 14372 4
14343 14384 277
14355 14378 101
14361 14396 136
14373 14398 202
14386 14402 295
14395 14426 44
14416 14421 163
14434 14435 63
14459 14499 17
14486 14521 289
14495 14518 189
14525 14547 202
14532 14578 102
14560 14601 47
14572 14589 168
14585 14631 62
14600 14618 96
14602 14609 287
14630 14671 3
14654 14668 9
14679 14696 19
14696 14738 86
14715 14740 215
14731 14741 261
14737 14777 50
14763 14775 42
14789 14815 171
14817 14848 116
14823 14827 258
14833 14872 214
14850 14888 206
