1000
28 33 89
43 81 231
47 97 89
56 66 206
59 102 209
70 96 268
90 101 252
113 156 215
115 130 1
144 175 232
163 195 93
184 215 120
195 200 46
205 228 88
235 269 132
248 259 221
253 260 52
264 270 84
285 295 55
287 320 136
315 332 138
316 327 60
343 380 191
357 385 243
361 385 204
386 390 227
413 431 116
414 441 43
428 478 254
434 439 35
440 444 227
445 447 252
454 490 209
470 499 265
497 510 72
522 551 104
527 572 188
553 554 167
571 605 64
600 641 219
620 670 16
640 667 186
649 655 62
662 673 7
686 700 273
716 758 143
731 761 188
734 756 73
745 787 159
764 790 187
780 823 105
809 833 235
814 853 208
839 881 168
861 875 56
885 902 45
900 935 129
915 920 223
944 990 275
956 973 270
984 1021 164
986 1009 245
1001 1014 126
1026 1074 215
1034 1060 26
1042 1087 152
1043 1064 140
1064 1095 24
1072 1085 297
1089 1136 163
1099 1135 264
1117 1148 146
1133 1140 185
1139 1164 283
1147 1164 44
1162 1183 174
1184 1196 31
1205 1249 64
1213 1233 93
1215 1228 261
1239 1240 295
1261 1272 231
1273 1279 117
1291 1299 248
1318 1319 234
1340 1367 25
1344 1389 167
1354 1400 109
1365 1390 268
1387 1435 275
1408 1453 238
1416 1458 163
1430 1441 53
1447 1472 65
1470 1471 8
1482 1520 46
1485 1527 273
1510 1528 49
1526 1551 251
1540 1561 271
1545 1576 204
1568 1604 108
1596 1608 14
1597 1639 12
1600 1612 270
1600 1646 215
1605 1606 118
1619 1633 153
1638 1665 283
1643 1673 264
1644 1665 279
1646 1694 142
1659 1688 298
1674 1690 232
1697 1744 221
1709 1722 271
1714 1763 219
1736 1747 264
1765 1799 235
1787 1793 179
1814 1831 68
1830 1869 283
1839 1863 188
1841 1849 33
1863 1868 40
1867 1875 70
1886 1927 284
1895 1926 188
1909 1955 108
1923 1956 78
1937 1945 252
1947 1955 105
1968 1975 54
1983 2013 179
1996 2002 288
2020 2046 129
2042 2070 285
2064 2081 297
2070 2103 15
2071 2099 13
2098 2118 142
2116 2158 279
2144 2174 206
2161 2205 184
2175 2187 291
2186 2189 66
2216 2236 249
2241 2265 268
2267 2271 21
2286 2324 216
2314 2357 134
2321 2365 241
2325 2348 103
2354 2400 113
2382 2414 157
2405 2412 144
2425 2437 199
2451 2487 76
2480 2484 25
2498 2529 91
2525 2570 76
2542 2580 115
2553 2563 154
2569 2613 296
2574 2581 263
2585 2618 264
2615 2621 49
2617 2666 84
2634 2674 292
2650 2690 79
2666 2690 75
2669 2702 184
2688 2689 239
2692 2732 112
2708 2735 172
2724 2767 226
2751 2781 146
2769 2772 181
2770 2792 225
2794 2826 186
2794 2823 200
2797 2823 56
2797 2833 6
2799 2822 51
2807 2847 268
2817 2822 121
2843 2871 38
2854 2890 207
2879 2924 101
2891 2922 191
2919 2945 139
2920 2956 14
2940 2977 127
2945 2976 93
2957 2960 92
2966 2983 102
2982 3013 100
2983 3006 280
2995 3020 123
3002 3025 261
3025 3031 210
3028 3071 203
3048 3092 78
3052 3067 67
3054 3070 271
3060 3068 74
3077 3091 133
3086 3098 294
3088 3113 43
3098 3123 193
3109 3151 66
3133 3137 158
3154 3176 72
3175 3183 156
3181 3218 254
3189 3200 179
3218 3247 209
3235 3282 295
3255 3305 170
3282 3287 159
3310 3336 96
3314 3346 288
3338 3369 87
3338 3381 123
3341 3382 247
3341 3349 294
3360 3400 273
3382 3408 53
3408 3446 169
3416 3464 62
3428 3474 155
3430 3456 191
3434 3477 79
3447 3494 196
3459 3506 1
3486 3497 175
3508 3511 230
3518 3543 92
3537 3565 163
3540 3581 27
3563 3564 285
3567 3569 276
3572 3602 221
3573 3596 227
3577 3623 97
3585 3621 191
3596 3605 262
3617 3660 255
3636 3685 2
3651 3700 219
3674 3677 44
3687 3736 63
3695 3742 92
3703 3714 3
3725 3727 265
3739 3756 131
3749 3777 122
3768 3799 27
3789 3814 140
3812 3862 44
3836 3863 172
3836 3852 11
3850 3856 187
3867 3881 198
3881 3922 121
3900 3920 25
3914 3943 69
3918 3945 230
3920 3936 63
3938 3976 36
3959 3997 294
3970 4012 195
3972 3998 60
4000 4018 104
4000 4015 251
4029 4054 282
4047 4097 226
4047 4064 30
4050 4089 96
4065 4110 39
4078 4088 145
4097 4124 34
4121 4154 180
4122 4131 240
4129 4160 73
4139 4173 237
4142 4179 34
4157 4164 107
4173 4222 264
4175 4186 174
4188 4191 134
4196 4222 82
4217 4254 38
4243 4258 101
4246 4263 21
4264 4285 72
4289 4312 65
4314 4332 75
4321 4346 14
4346 4379 88
4368 4373 105
4387 4406 166
4398 4423 109
4399 4427 285
4401 4418 64
4414 4455 283
4440 4465 36
4466 4509 45
4483 4530 267
4492 4526 98
4520 4537 43
4550 4596 196
4556 4575 105
4569 4609 249
4571 4583 206
4575 4602 268
4578 4619 195
4598 4640 143
4615 4631 217
4635 4646 174
4657 4692 137
4661 4695 51
4687 4733 62
4699 4709 284
4699 4739 136
4728 4729 21
4751 4788 27
4769 4789 198
4790 4791 254
4796 4818 45
4815 4826 186
4834 4880 252
4863 4868 153
4892 4911 23
4902 4931 6
4911 4914 25
4934 4972 145
4960 4977 277
4982 4991 37
4986 5025 96
5008 5033 247
5023 5049 46
5040 5045 259
5042 5069 300
5047 5051 19
5076 5082 57
5104 5152 12
5115 5133 286
5143 5159 186
5155 5168 147
5168 5218 66
5174 5190 146
5199 5200 291
5206 5233 238
5236 5264 131
5243 5283 26
5256 5306 87
5279 5281 296
5299 5329 104
5320 5365 111
5350 5387 145
5376 5400 205
5394 5423 91
5419 5442 128
5426 5473 199
5446 5470 19
5468 5493 254
5475 5497 187
5481 5505 224
5494 5527 48
5520 5538 103
5537 5567 146
5545 5556 110
5570 5617 15
5570 5598 259
5590 5621 32
5602 5649 213
5619 5626 55
5628 5668 169
5647 5688 6
5664 5677 171
5667 5701 251
5670 5716 23
5680 5726 197
5686 5709 132
5700 5733 214
5707 5745 200
5707 5714 233
5719 5746 187
5726 5763 29
5727 5748 117
5735 5751 113
5742 5770 99
5742 5773 269
5756 5798 217
5758 5771 281
5780 5806 193
5787 5791 27
5790 5840 145
5791 5834 214
5799 5810 269
5823 5838 276
5848 5883 119
5851 5859 70
5875 5881 146
5886 5925 65
5914 5961 178
5943 5983 262
5967 5992 239
5971 5981 228
5987 5988 224
6007 6055 159
6009 6055 153
6009 6046 171
6032 6055 207
6044 6061 276
6057 6083 162
6084 6130 167
6096 6105 88
6125 6126 244
6136 6145 147
6149 6151 106
6149 6169 86
6159 6194 71
6179 6183 298
6194 6227 21
6206 6217 123
6218 6238 43
6228 6252 93
6248 6273 161
6253 6297 82
6272 6309 110
6287 6310 176
6308 6347 127
6332 6377 9
6358 6400 100
6387 6423 232
6410 6449 60
6425 6457 221
6430 6445 68
6447 6494 249
6465 6485 244
6466 6476 30
6471 6498 66
6492 6504 279
6503 6546 238
6516 6537 77
6545 6595 159
6568 6609 140
6570 6618 73
6595 6631 117
6600 6626 251
6604 6654 195
6624 6655 80
6651 6692 123
6671 6689 67
6672 6703 126
6680 6697 189
6682 6692 193
6706 6716 249
6733 6778 220
6735 6769 176
6758 6795 18
6786 6804 22
6816 6864 277
6840 6850 127
6854 6868 156
6865 6915 65
6884 6929 30
6914 6922 25
6941 6987 298
6948 6952 214
6971 7008 55
6982 7018 230
7012 7039 300
7012 7013 13
7039 7066 245
7041 7044 208
7071 7086 169
7099 7118 211
7112 7147 100
7130 7131 219
7154 7198 209
7171 7204 273
7172 7175 212
7191 7199 37
7217 7266 215
7238 7271 253
7258 7263 287
7261 7263 129
7291 7332 32
7297 7310 8
7303 7332 31
7315 7329 260
7320 7368 76
7328 7346 146
7343 7344 51
7349 7361 245
7350 7370 105
7351 7357 201
7372 7373 235
7377 7390 295
7379 7398 141
7408 7415 3
7410 7460 35
7416 7440 128
7422 7455 90
7451 7496 300
7475 7515 76
7499 7515 188
7522 7568 133
7542 7589 282
7572 7599 107
7585 7594 140
7595 7640 228
7614 7652 248
7617 7665 194
7642 7661 24
7662 7711 47
7679 7685 199
7686 7715 73
7695 7743 128
7704 7740 167
7705 7753 93
7723 7724 183
7749 7788 267
7772 7813 162
7783 7787 68
7811 7856 20
7811 7841 44
7826 7873 235
7839 7856 257
7848 7878 271
7858 7890 158
7864 7891 213
7888 7897 5
7906 7924 257
7910 7946 77
7912 7954 152
7942 7969 36
7947 7977 164
7969 7972 160
7978 8020 226
7991 8002 262
7997 8026 60
8004 8009 65
8017 8045 288
8043 8051 141
8062 8068 243
8076 8100 173
8097 8129 34
8123 8147 144
8152 8189 160
8163 8193 205
8186 8202 297
8195 8224 125
8205 8251 227
8235 8258 166
8265 8307 199
8266 8315 176
8273 8283 170
8302 8322 25
8317 8341 48
8347 8363 7
8364 8391 163
8380 8428 242
8408 8448 18
8430 8432 212
8451 8498 269
8473 8486 87
8476 8526 214
8479 8487 189
8501 8511 228
8530 8556 262
8551 8560 249
8576 8589 51
8584 8599 157
8605 8627 204
8612 8656 249
8613 8624 126
8620 8646 165
8634 8664 198
8640 8670 269
8647 8693 145
8649 8682 19
8665 8666 156
8683 8688 55
8698 8719 173
8726 8738 251
8728 8761 92
8747 8782 240
8749 8753 236
8779 8787 176
8793 8839 248
8808 8830 21
8838 8870 62
8851 8857 13
8862 8894 59
8884 8903 126
8899 8936 165
8921 8949 185
8934 8940 33
8949 8962 119
8949 8979 150
8958 8974 238
8980 9001 39
9009 9038 72
9032 9049 172
9061 9109 85
9072 9115 285
9075 9121 92
9103 9127 31
9117 9125 125
9120 9150 279
9134 9137 8
9137 9170 137
9153 9187 24
9177 9212 279
9199 9222 284
9221 9235 155
9234 9262 57
9263 9291 64
9286 9306 88
9311 9354 152
9333 9340 15
9346 9347 30
9372 9409 60
9379 9427 187
9383 9384 9
9385 9427 221
9415 9437 198
9422 9435 177
9425 9458 165
9454 9482 10
9468 9497 215
9488 9522 24
9517 9555 298
9527 9529 9
9528 9529 227
9546 9573 109
9567 9569 152
9590 9616 1
9613 9635 291
9615 9650 128
9632 9657 251
9645 9658 146
9671 9705 212
9700 9702 276
9730 9755 101
9754 9767 3
9775 9794 32
9790 9817 137
9808 9857 279
9831 9850 289
9852 9865 114
9860 9863 66
9889 9911 215
9906 9953 66
9914 9929 192
9924 9925 130
9950 9980 189
9980 10023 63
9980 10021 287
10000 10042 100
10017 10046 10
10029 10033 192
10038 10085 75
10046 10072 120
10068 10102 12
10076 10084 175
10095 10139 295
10105 10127 234
10108 10146 182
10117 10127 203
10125 10158 201
10151 10166 41
10152 10202 267
10154 10155 84
10184 10221 250
10192 10213 40
10220 10247 206
10244 10252 18
10273 10288 101
10275 10281 135
10297 10326 266
10326 10340 206
10349 10372 35
10365 10410 56
10377 10421 57
10378 10394 257
10396 10434 117
10406 10441 210
10415 10459 59
10416 10453 110
10422 10458 179
10434 10452 121
10451 10474 100
10475 10501 137
10501 10531 148
10525 10538 130
10542 10557 278
10549 10576 72
10550 10567 276
10578 10606 14
10605 10632 173
10633 10663 145
10637 10645 67
10645 10666 15
10661 10686 135
10676 10710 200
10698 10707 112
10706 10753 256
10707 10734 248
10710 10752 12
10737 10744 78
10766 10807 284
10766 10768 166
10772 10821 184
10801 10802 71
10810 10850 116
10830 10833 185
10835 10847 144
10851 10859 160
10851 10862 11
10855 10874 70
10859 10866 78
10888 10923 10
10900 10943 25
10923 10925 19
10945 10983 213
10958 10979 224
10971 11006 270
10995 11022 92
10997 11012 29
11015 11026 159
11020 11061 64
11026 11072 133
11055 11088 215
11055 11101 115
11074 11100 228
11079 11120 197
11083 11119 298
11108 11144 297
11133 11179 210
11161 11183 15
11183 11198 58
11213 11223 64
11232 11270 287
11248 11294 237
11267 11274 184
11277 11314 9
11279 11322 5
11303 11353 18
11303 11308 55
11331 11354 212
11357 11377 269
11363 11400 134
11391 11416 272
11405 11435 172
11416 11423 165
11433 11453 71
11437 11439 37
11447 11464 57
11472 11487 196
11487 11506 159
11498 11540 214
11505 11531 193
11517 11533 59
11523 11535 71
11540 11587 86
11556 11572 235
11562 11568 86
11562 11603 68
11568 11579 28
11575 11577 279
11584 11631 73
11588 11602 222
11617 11625 226
11641 11653 289
11649 11660 67
11673 11722 193
11686 11722 145
11716 11744 115
11728 11760 206
11755 11795 189
11761 11802 273
11782 11822 254
11782 11801 21
11792 11822 185
11808 11850 73
11818 11836 258
11830 11846 256
11838 11863 110
11852 11882 69
11875 11880 41
11875 11889 28
11889 11906 241
11916 11961 243
11937 11952 137
11941 11974 268
11942 11962 168
11951 12000 28
11975 12015 88
11979 11996 216
11992 12010 42
12005 12022 138
12031 12050 52
12048 12091 8
12076 12083 204
12091 12127 45
12114 12141 20
12132 12174 110
12148 12167 66
12167 12176 154
12168 12190 106
12189 12234 110
12197 12209 271
12200 12203 88
12208 12249 119
12236 12250 26
12263 12310 28
12286 12331 195
12296 12305 38
12323 12324 290
12324 12331 3
12348 12373 121
12362 12391 174
12386 12434 213
12393 12398 69
12409 12425 20
12422 12463 213
12449 12472 57
12456 12484 147
12469 12479 230
12497 12536 211
12517 12555 273
12523 12561 38
12524 12556 52
12552 12570 162
12581 12599 149
12581 12623 22
12610 12655 45
12627 12663 271
12631 12671 244
12655 12685 197
12665 12678 35
12667 12681 90
12687 12728 104
12693 12726 171
12708 12756 173
12730 12772 189
12737 12784 225
12751 12768 33
12760 12771 295
12763 12764 204
12778 12823 19
12789 12813 87
12800 12830 295
12819 12833 75
12846 12850 145
12865 12890 233
12886 12896 224
12898 12922 162
12915 12935 51
12944 12986 229
12969 13003 226
12981 12986 156
12982 13019 275
13001 13022 207
13004 13044 225
13030 13067 275
13034 13064 109
13054 13092 153
13065 13092 258
13080 13099 46
13102 13109 232
13118 13130 8
13122 13155 33
13130 13159 48
13160 13177 285
13181 13215 231
13208 13215 198
13224 13265 85
13248 13258 256
13255 13258 284
13256 13303 188
13267 13306 298
13273 13300 96
13284 13295 226
13303 13349 194
13312 13323 56
13319 13359 221
13338 13369 31
13359 13364 124
13383 13427 53
13397 13399 242
13424 13473 231
13435 13480 14
13464 13513 258
13484 13504 251
13493 13510 219
13513 13559 63
13523 13536 256
13544 13567 32
13552 13586 199
13566 13586 185
13574 13600 137
13593 13637 187
13613 13641 39
13641 13646 92
13662 13699 12
13683 13698 280
13683 13698 138
13689 13725 213
13717 13739 295
13719 13729 55
13746 13787 64
13759 13787 2
13777 13823 32
13797 13847 262
13802 13831 170
13811 13831 16
13825 13833 218
13826 13874 199
13855 13874 115
13876 13915 138
13885 13933 252
13911 13958 288
13914 13964 148
13922 13931 84
13933 13971 282
13936 13954 70
13948 13983 70
13974 13981 118
14002 14039 81
14009 14036 12
14020 14058 26
14035 14068 42
14054 14075 156
14083 14118 298
14104 14113 284
14112 14114 81
14138 14151 203
14161 14199 142
14182 14185 72
14210 14236 264
14210 14246 86
14239 14265 180
14264 14305 5
14290 14299 113
14301 14350 146
14309 14325 219
14322 14351 299
14341 14360 148
14364 14385 47
14383 14421 174
14390 14401 185
14404 14415 49
14433 14442 33
14444 14483 238
14464 14479 97
14477 14524 56
14480 14489 64
14480 14508 3
14509 14535 139
14529 14563 206
14543 14555 69
14561 14593 70
14562 14570 113
14571 14575 219
14571 14595 22
14594 14598 4
14605 14632 289
14622 14659 219
14642 14671 148
14664 14680 154
14669 14675 189
14679 14726 278
14703 14750 250
14714 14763 243
14717 14737 152
14725 14769 1
14746 14755 287
14769 14792 265
14787 14809 58
14811 14857 62
14819 14822 58
14819 14857 31
14826 14867 163
14835 14846 88
14836 14857 205
14842 14864 163
14860 14876 33
14872 14907 76
14886 14894 263
14899 14919 166
14904 14922 245
14929 14976 265
14943 14955 188
14943 14954 58
