5000
22 48 43
41 53 125
63 81 31
83 107 157
107 116 298
117 126 66
136 170 263
155 191 244
177 189 95
185 206 294
208 210 232
222 243 187
230 257 96
246 278 130
260 280 216
284 297 56
288 309 224
290 316 49
296 307 203
303 309 128
317 326 252
339 381 107
350 400 91
371 392 122
376 385 272
390 423 62
415 420 169
432 466 40
457 467 259
464 469 90
484 521 13
502 512 197
511 535 59
537 554 41
552 554 123
555 563 150
580 596 106
581 607 139
583 620 289
585 621 204
609 623 241
621 634 174
639 676 134
649 657 235
675 689 242
690 740 267
700 730 110
729 762 278
736 757 272
742 773 228
745 792 201
757 769 53
760 763 271
773 787 156
799 844 29
823 839 54
828 838 176
832 858 35
848 863 126
853 874 228
881 913 228
883 898 146
902 935 205
919 934 200
927 964 207
955 973 248
963 966 146
973 988 267
993 1008 91
1001 1037 176
1028 1047 76
1033 1081 89
1060 1064 167
1066 1113 76
1079 1098 67
1085 1098 279
1098 1121 18
1110 1113 242
1116 1154 90
1143 1182 109
1163 1206 107
1190 1212 39
1199 1246 269
1218 1223 113
1246 1296 142
1252 1268 127
1265 1292 238
1281 1327 133
1290 1323 62
1318 1333 60
1327 1357 183
1328 1376 245
1330 1379 74
1338 1340 248
1341 1381 210
1366 1367 142
1380 1397 60
1395 1438 235
1412 1445 238
1438 1445 241
1446 1475 163
1459 1470 83
1484 1507 57
1505 1530 277
1518 1526 118
1526 1548 51
1552 1583 189
1579 1623 288
1593 1606 156
1610 1634 221
1638 1672 240
1649 1666 53
1678 1720 141
1687 1689 101
1713 1741 66
1713 1728 68
1739 1787 209
1755 1772 50
1778 1816 168
1778 1801 202
1808 1853 144
1818 1825 126
1837 1851 84
1841 1844 180
1846 1851 170
1846 1873 257
1874 1904 153
1897 1922 292
1904 1930 14
1913 1949 270
1930 1969 277
1935 1943 209
1957 1991 181
1979 1987 240
2009 2038 125
2030 2076 83
2039 2073 136
2057 2102 21
2066 2091 141
2073 2118 111
2088 2134 218
2108 2129 229
2125 2170 56
2132 2154 66
2159 2189 212
2168 2192 298
2172 2188 286
2201 2251 257
2212 2219 114
2242 2275 27
2266 2292 125
2277 2284 157
2295 2330 270
2316 2356 275
2333 2368 240
2353 2367 53
2370 2392 247
2372 2379 208
2396 2397 149
2415 2440 66
2442 2464 98
2451 2490 152
2465 2503 230
2495 2542 136
2518 2536 135
2530 2542 172
2551 2578 249
2557 2603 39
2563 2582 146
2590 2595 31
2605 2646 148
2612 2649 134
2638 2647 137
2643 2661 295
2658 2688 1
2680 2725 82
2685 2727 123
2708 2758 293
2727 2771 224
2746 2779 182
2756 2790 223
2764 2804 94
2770 2771 151
2771 2799 55
2776 2795 112
2785 2813 157
2799 2811 220
2804 2838 300
2812 2818 152
2837 2863 217
2838 2862 139
2839 2852 28
2869 2898 98
2884 2918 22
2906 2933 217
2932 2940 22
2936 2963 258
2961 2975 95
2962 3007 270
2984 3027 277
3003 3015 145
3024 3026 73
3037 3040 164
3067 3099 64
3086 3096 248
3086 3136 289
3097 3123 2
3113 3115 275
3133 3149 100
3155 3190 133
3163 3171 151
3192 3223 63
3200 3212 17
3221 3252 116
3227 3257 171
3255 3291 69
3260 3283 30
3275 3305 110
3300 3339 103
3317 3352 136
3346 3369 173
3355 3358 181
3381 3411 119
3393 3399 143
3413 3443 283
3441 3463 17
3469 3480 216
3488 3536 273
3507 3529 173
3534 3558 202
3559 3575 178
3582 3621 281
3592 3642 211
3600 3625 98
3608 3631 18
3625 3673 128
3627 3650 22
3652 3700 78
3657 3686 168
3674 3724 237
3675 3718 153
3682 3693 182
3700 3721 62
3721 3722 7
3751 3789 22
3754 3784 244
3757 3785 108
3771 3778 102
3799 3842 235
3809 3857 139
3818 3868 78
3829 3846 215
3831 3868 267
3841 3885 4
3844 3863 166
3859 3874 86
3868 3901 259
3894 3914 197
3896 3922 232
3923 3948 102
3933 3960 22
3960 3980 131
3983 4029 91
4003 4006 193
4016 4021 15
4046 4073 39
4048 4092 73
4066 4099 227
4095 4115 50
4115 4147 108
4138 4173 217
4159 4201 94
4163 4201 236
4192 4241 290
4222 4239 87
4226 4228 12
4239 4271 145
4255 4285 112
4272 4304 81
4287 4310 170
4296 4301 278
4307 4351 237
4336 4366 152
4356 4394 180
4371 4408 159
4394 4420 55
4406 4416 203
4422 4461 264
4432 4441 55
4450 4495 88
4457 4505 17
4476 4482 268
4497 4537 5
4511 4538 215
4514 4563 291
4532 4541 7
4550 4561 255
4552 4554 154
4574 4619 6
4602 4652 47
4629 4665 133
4636 4638 38
4638 4660 257
4642 4669 43
4662 4685 65
4689 4738 269
4705 4754 239
4722 4763 62
4741 4776 75
4746 4770 133
4774 4781 125
4788 4819 154
4817 4830 50
4820 4867 167
4822 4845 119
4851 4864 171
4858 4863 179
4871 4914 53
4889 4901 49
4895 4899 181
4914 4931 250
4917 4918 205
4947 4990 78
4968 5016 95
4996 5044 109
5006 5020 162
5013 5042 146
5030 5066 277
5037 5068 190
5039 5084 164
5061 5065 163
5074 5120 253
5098 5145 231
5117 5118 187
5146 5186 286
5151 5172 238
5156 5161 289
5181 5226 125
5189 5226 5
5215 5235 150
5215 5255 5
5218 5226 104
5221 5242 3
5246 5280 72
5256 5283 19
5278 5284 2
5285 5319 254
5290 5297 50
5317 5337 231
5342 5361 52
5367 5394 77
5387 5427 226
5414 5451 224
5420 5429 33
5440 5476 98
5452 5486 172
5480 5507 162
5510 5534 280
5522 5532 280
5526 5545 123
5533 5552 212
5560 5574 121
5575 5597 171
5596 5616 103
5611 5660 205
5613 5624 196
5614 5660 151
5643 5675 87
5650 5679 186
5670 5698 206
5686 5727 110
5697 5733 173
5706 5744 29
5726 5736 133
5756 5767 275
5786 5811 247
5814 5822 246
5835 5873 250
5857 5869 238
5877 5926 205
5907 5923 278
5917 5930 186
5946 5960 39
5955 5977 186
5973 6021 220
5978 6022 158
5983 6016 234
5984 5996 167
6012 6022 7
6039 6079 253
6051 6100 25
6064 6073 298
6080 6081 219
6096 6098 165
6126 6162 82
6138 6140 78
6152 6166 278
6152 6167 279
6175 6202 157
6177 6217 101
6190 6195 89
6194 6227 125
6218 6253 82
6221 6243 280
6242 6246 284
6271 6284 279
6290 6307 278
6317 6360 79
6339 6347 26
6367 6376 262
6387 6432 176
6391 6407 45
6391 6409 224
6415 6462 201
6423 6446 6
6428 6472 269
6444 6481 281
6446 6488 250
6469 6502 209
6479 6497 193
6504 6546 129
6526 6539 21
6531 6547 274
6549 6576 165
6559 6575 118
6575 6621 8
6591 6622 63
6593 6595 23
6602 6646 13
6608 6619 175
6632 6634 10
6656 6676 199
6685 6693 7
6715 6744 34
6718 6753 68
6737 6772 264
6758 6780 134
6761 6810 200
6775 6793 244
6786 6812 3
6786 6799 201
6795 6799 218
6819 6866 109
6849 6885 166
6863 6864 11
6864 6888 300
6883 6932 110
6910 6922 268
6917 6929 198
6917 6930 81
6920 6968 178
6948 6986 127
6969 6992 145
6991 7022 43
7008 7024 214
7015 7022 27
7042 7083 127
7047 7088 113
7074 7115 146
7086 7088 30
7110 7134 12
7139 7182 115
7157 7198 274
7183 7208 77
7200 7233 258
7220 7223 42
7248 7273 37
7259 7279 189
7274 7293 114
7294 7341 196
7300 7326 110
7303 7319 115
7323 7327 74
7327 7335 158
7341 7384 98
7357 7377 53
7374 7391 291
7381 7405 18
7396 7424 12
7420 7439 103
7426 7462 20
7430 7474 56
7460 7500 244
7463 7469 275
7472 7508 278
7497 7521 140
7525 7565 55
7553 7600 191
7568 7591 181
7578 7580 296
7605 7631 120
7621 7634 242
7627 7642 285
7655 7672 134
7655 7659 20
7673 7688 30
7702 7706 253
7720 7723 24
7730 7755 88
7740 7762 65
7741 7776 1
7764 7793 295
7775 7825 43
7785 7791 212
7815 7855 162
7841 7890 153
7858 7865 157
7873 7912 218
7890 7928 249
7911 7944 44
7933 7983 58
7948 7970 293
7957 8004 244
7981 8027 73
8001 8007 80
8022 8059 106
8047 8074 184
8052 8084 221
8070 8076 146
8082 8130 223
8111 8115 137
8128 8141 208
8137 8182 295
8164 8204 153
8167 8217 226
8192 8234 141
8221 8260 166
8224 8265 266
8251 8262 164
8281 8321 39
8287 8298 129
8299 8347 19
8312 8337 254
8327 8337 258
8334 8368 57
8348 8390 91
8376 8413 146
8402 8412 254
8426 8464 267
8437 8444 73
8438 8468 265
8446 8451 165
8476 8516 173
8490 8531 57
8497 8506 130
8511 8528 288
8519 8546 12
8520 8528 201
8525 8562 167
8554 8561 254
8573 8604 189
8574 8619 47
8576 8585 300
8598 8606 85
8626 8646 299
8627 8663 190
8651 8680 136
8672 8674 100
8702 8714 272
8704 8737 148
8728 8768 138
8756 8806 94
8763 8790 195
8769 8792 247
8773 8778 61
8788 8831 17
8808 8834 154
8832 8850 229
8857 8890 83
8864 8889 194
8887 8891 106
8895 8939 2
8913 8957 249
8917 8936 77
8922 8964 54
8941 8988 266
8963 8990 204
8983 9030 167
9000 9023 121
9013 9026 25
9020 9046 291
9045 9078 259
9070 9103 84
9097 9102 187
9102 9135 144
9129 9158 9
9142 9190 232
9142 9180 290
9169 9190 269
9182 9222 75
9189 9198 90
9195 9201 83
9198 9237 121
9205 9236 192
9216 9218 26
9219 9268 131
9230 9257 285
9251 9266 136
9272 9279 46
9297 9328 155
9304 9314 14
9330 9362 182
9352 9390 40
9356 9380 218
9358 9407 277
9381 9422 104
9385 9430 175
9394 9416 271
9403 9410 210
9421 9437 20
9445 9453 72
9458 9494 235
9484 9522 238
9509 9554 97
9525 9553 15
9541 9577 121
9570 9582 194
9571 9573 154
9592 9594 73
9603 9644 77
9611 9634 36
9628 9657 161
9657 9681 191
9658 9664 86
9669 9695 256
9684 9688 101
9691 9733 64
9692 9704 233
9705 9738 206
9708 9714 225
9730 9774 145
9746 9788 231
9772 9812 200
9800 9809 89
9821 9837 185
9837 9861 79
9857 9875 200
9863 9888 121
9865 9893 148
9883 9901 264
9889 9924 100
9911 9918 285
9919 9957 77
9940 9944 167
9955 9990 145
9967 9970 242
9982 10006 298
9990 10016 113
9994 10006 156
10016 10064 83
10044 10089 269
10063 10064 228
10068 10095 226
10080 10130 260
10081 10109 89
10086 10087 137
10092 10098 184
10113 10117 47
10123 10142 292
10144 10152 206
10165 10185 177
10180 10194 182
10210 10246 268
10236 10251 65
10242 10261 35
10259 10282 54
10279 10305 160
10284 10286 255
10296 10323 293
10313 10337 1
10326 10356 151
10330 10363 288
10356 10404 203
10385 10421 10
10394 10416 146
10397 10424 129
10406 10449 93
10415 10461 213
10415 10447 231
10420 10439 99
10437 10477 163
10448 10487 104
10478 10501 49
10478 10521 228
10505 10537 266
10529 10537 228
10538 10572 299
10553 10558 286
10571 10582 45
10600 10610 62
10602 10613 143
10621 10642 2
10645 10678 74
10666 10686 155
10669 10699 14
10669 10698 254
10675 10699 92
10702 10716 155
10729 10750 9
10743 10748 214
10747 10768 98
10768 10800 71
10782 10806 294
10784 10830 38
10787 10830 158
10807 10835 192
10835 10840 40
10837 10854 170
10867 10896 261
10891 10917 135
10891 10926 59
10913 10931 205
10943 10947 299
10946 10982 95
10969 11009 94
10977 10994 164
11005 11013 232
11022 11049 224
11047 11072 272
11048 11061 122
11073 11082 245
11081 11086 207
11095 11140 85
11112 11123 53
11135 11176 105
11143 11148 253
11144 11184 127
11164 11169 84
11188 11228 54
11205 11214 9
11222 11235 172
11226 11273 290
11232 11277 194
11259 11293 255
11279 11311 37
11305 11316 259
11315 11355 65
11335 11369 259
11364 11394 81
11375 11422 52
11397 11428 101
11409 11418 52
11419 11466 187
11436 11469 100
11447 11452 130
11475 11477 151
11496 11506 239
11498 11541 215
11518 11544 139
11546 11587 172
11570 11602 7
11579 11621 22
11606 11644 210
11629 11657 141
11632 11657 236
11652 11675 88
11668 11684 272
11692 11713 245
11698 11743 242
11714 11749 114
11725 11749 233
11730 11745 214
11745 11756 69
11767 11800 204
11786 11831 107
11815 11836 84
11841 11851 33
11849 11877 56
11854 11896 280
11857 11889 54
11873 11912 115
11896 11922 142
11925 11944 245
11939 11983 31
11944 11949 254
11959 11971 12
11972 11984 237
11991 12014 73
11992 12016 93
12002 12009 21
12013 12049 220
12019 12051 11
12045 12070 96
12063 12075 262
12072 12098 125
12073 12093 225
12102 12112 188
12132 12148 42
12149 12165 1
12168 12176 71
12184 12234 253
12191 12196 166
12219 12264 19
12238 12283 101
12240 12245 48
12255 12285 285
12283 12327 26
12283 12288 4
12285 12290 100
12307 12333 250
12313 12340 214
12331 12358 267
12338 12385 194
12351 12389 285
12352 12400 160
12365 12391 195
12395 12409 274
12407 12426 64
12429 12456 257
12440 12464 232
12469 12503 98
12469 12511 1
12491 12526 183
12493 12496 142
12503 12516 18
12518 12558 236
12525 12574 30
12536 12559 130
12559 12570 262
12584 12623 9
12603 12633 65
12609 12622 223
12637 12659 292
12652 12701 12
12678 12688 274
12695 12740 237
12714 12749 298
12724 12737 71
12743 12748 71
12753 12802 181
12782 12794 183
12794 12835 239
12804 12828 60
12811 12851 220
12822 12852 15
12848 12880 210
12858 12892 231
12881 12922 41
12909 12932 136
12911 12937 282
12935 12971 114
12950 12993 225
12966 12998 29
12985 13027 140
13011 13016 60
13026 13034 136
13040 13070 7
13069 13090 236
13096 13144 13
13103 13149 166
13124 13127 211
13124 13142 197
13135 13141 118
13137 13159 105
13155 13204 41
13165 13185 148
13165 13189 17
13173 13198 51
13178 13211 51
13191 13239 41
13208 13224 91
13224 13248 190
13242 13279 298
13250 13291 249
13256 13289 37
13270 13274 8
13284 13329 220
13295 13332 197
13306 13341 170
13313 13355 77
13341 13364 144
13364 13409 258
13392 13442 259
13418 13423 248
13428 13471 53
13429 13445 65
13429 13448 69
13453 13459 181
13475 13506 7
13488 13535 270
13495 13504 122
13516 13535 188
13540 13550 293
13552 13595 98
13575 13581 106
13602 13645 286
13620 13669 152
13648 13694 143
13673 13681 274
13684 13727 204
13708 13726 41
13710 13746 23
13715 13723 138
13743 13748 75
13766 13786 178
13791 13815 182
13795 13808 43
13816 13846 189
13826 13840 17
13834 13866 272
13856 13885 76
13860 13880 94
13886 13920 114
13904 13908 207
13920 13934 235
13938 13945 107
13954 13966 70
13966 13983 52
13990 14002 206
13993 14028 55
14016 14046 211
14045 14069 44
14056 14093 21
14083 14124 108
14093 14126 85
14106 14148 141
14108 14123 34
14125 14135 90
14136 14165 176
14142 14154 165
14171 14217 180
14189 14221 133
14193 14228 55
14197 14223 100
14226 14232 158
14236 14271 254
14261 14309 156
14274 14291 186
14288 14303 1
14296 14306 102
14312 14340 129
14333 14352 15
14344 14384 182
14360 14391 195
14373 14381 109
14381 14407 247
14403 14451 85
14422 14428 36
14428 14457 173
14436 14478 136
14454 14502 83
14461 14502 214
14480 14523 270
14508 14535 142
14526 14533 71
14532 14576 228
14556 14578 207
14558 14588 160
14565 14586 56
14591 14640 152
14599 14600 213
14601 14621 101
14631 14639 100
14636 14637 5
14665 14703 287
14683 14684 83
14704 14712 176
14714 14741 180
14736 14743 139
14739 14776 25
14760 14771 57
14773 14815 19
14791 14836 179
14793 14840 151
14822 14863 227
14828 14865 154
14843 14887 257
14850 14891 41
14862 14870 17
14872 14875 29
14872 14921 297
14898 14933 187
14922 14934 110
14924 14943 284
14930 14947 46
14938 14978 218
14960 14997 106
14980 15017 210
14981 15013 242
15008 15054 283
15008 15057 143
15022 15027 185
15037 15041 204
15043 15054 28
15057 15069 218
15079 15128 193
15107 15140 5
15124 15168 198
15130 15147 218
15141 15181 189
15168 15206 81
15180 15196 68
15210 15222 218
15234 15269 146
15253 15298 9
15258 15274 292
15279 15295 105
15280 15297 27
15295 15305 104
15312 15324 90
15334 15353 17
15343 15361 216
15366 15373 203
15386 15420 284
15393 15435 225
15418 15428 264
15443 15447 170
15455 15489 16
15458 15486 185
15460 15504 53
15479 15484 167
15503 15504 167
15529 15570 68
15535 15544 242
15550 15565 254
15571 15603 243
15582 15586 91
15603 15652 198
15613 15618 203
15630 15657 295
15654 15679 135
15659 15691 18
15659 15703 225
15660 15674 120
15670 15710 167
15690 15709 199
15703 15717 258
15712 15751 108
15733 15768 133
15743 15783 48
15750 15760 94
15761 15793 275
15776 15804 215
15795 15805 221
15815 15823 78
15841 15882 113
15863 15905 7
15885 15915 22
15909 15915 23
15929 15944 227
15952 15956 150
15963 15994 64
15975 15982 285
16003 16015 163
16033 16043 108
16037 16087 162
16057 16106 138
16065 16098 115
16092 16132 137
16099 16143 223
16122 16136 88
16143 16187 250
16159 16202 128
16182 16205 33
16202 16223 143
16229 16232 290
16236 16272 277
16250 16276 274
16260 16278 108
16282 16294 271
16305 16324 72
16325 16341 229
16336 16352 151
16346 16385 236
16369 16401 124
16399 16434 106
16407 16431 236
16418 16427 276
16443 16446 137
16444 16461 172
16474 16514 81
16492 16530 18
16516 16558 28
16520 16530 69
16541 16586 260
16560 16574 185
16561 16575 140
16586 16620 36
16586 16609 58
16589 16603 165
16616 16640 237
16625 16653 163
16631 16641 206
16632 16639 141
16657 16675 243
16660 16695 92
16663 16704 105
16673 16684 290
16675 16679 126
16699 16704 72
16703 16706 88
16715 16733 198
16727 16739 171
16732 16740 241
16735 16737 282
16756 16767 220
16761 16805 274
16791 16834 253
16791 16840 275
16802 16828 11
16812 16830 223
16833 16849 166
16862 16895 41
16867 16876 156
16891 16909 57
16900 16916 125
16910 16924 243
16916 16952 259
16944 16974 273
16954 16971 255
16969 16993 100
16989 17017 152
17010 17040 120
17012 17045 110
17023 17042 44
17028 17068 77
17053 17066 44
17081 17090 30
17107 17146 262
17137 17166 65
17162 17172 268
17172 17181 11
17175 17199 279
17202 17224 165
17224 17243 266
17243 17283 37
17268 17305 23
17269 17274 93
17285 17286 64
17298 17307 44
17315 17334 93
17318 17325 169
17347 17356 72
17361 17393 139
17386 17420 191
17399 17441 17
17406 17411 216
17419 17450 87
17430 17447 237
17435 17442 2
17461 17478 121
17475 17495 217
17502 17527 299
17505 17551 243
17508 17553 175
17508 17526 214
17522 17545 152
17550 17598 84
17565 17595 210
17572 17593 229
17586 17614 56
17602 17638 100
17610 17646 187
17633 17673 55
17641 17667 102
17660 17682 197
17686 17687 198
17698 17725 74
17724 17765 110
17732 17773 179
17734 17757 145
17746 17750 290
17752 17791 25
17781 17820 174
17785 17833 136
17813 17827 35
17817 17832 113
17841 17868 257
17847 17889 233
17869 17903 3
17869 17878 228
17882 17929 194
17888 17920 267
17893 17938 35
17914 17950 24
17943 17968 249
17957 18005 243
17957 17968 123
17963 17973 294
17974 17989 54
17995 18000 190
18012 18048 41
18013 18029 204
18025 18066 193
18054 18098 288
18073 18093 26
18089 18109 145
18091 18129 19
18094 18099 57
18100 18103 104
18130 18156 185
18137 18145 247
18155 18190 152
18159 18187 255
18189 18204 157
18198 18214 161
18212 18216 80
18213 18214 133
18225 18244 268
18248 18256 22
18267 18282 264
18269 18276 295
18291 18336 280
18308 18350 249
18325 18345 144
18354 18356 126
18367 18415 116
18368 18381 69
18385 18388 170
18398 18409 99
18414 18456 219
18422 18460 223
18425 18435 93
18434 18451 197
18455 18464 28
18472 18507 222
18492 18505 255
18514 18542 101
18518 18541 64
18536 18581 174
18540 18563 242
18544 18579 198
18572 18579 199
18591 18627 193
18596 18627 177
18619 18629 83
18627 18670 40
18630 18675 110
18654 18671 278
18661 18693 10
18666 18706 103
18681 18719 135
18681 18692 195
18682 18720 212
18711 18757 166
18725 18743 230
18735 18778 43
18762 18778 262
18783 18803 116
18789 18803 97
18798 18843 134
18817 18846 160
18830 18841 41
18832 18840 249
18855 18903 207
18874 18909 229
18893 18920 36
18903 18908 74
18926 18966 18
18938 18957 82
18966 18967 3
18996 19011 147
19006 19054 220
19007 19011 165
19022 19056 290
19022 19065 222
19040 19084 34
19064 19074 1
19081 19101 221
19103 19145 275
19124 19172 244
19125 19143 186
19139 19155 138
19139 19183 187
19147 19191 114
19171 19194 263
19194 19241 139
19214 19264 116
19244 19257 53
19244 19264 228
19251 19280 122
19278 19279 83
19305 19321 156
19321 19327 149
19340 19353 68
19370 19378 232
19391 19437 299
19410 19425 46
19416 19460 224
19443 19492 211
19473 19493 213
19480 19485 120
19503 19519 53
19503 19552 24
19525 19543 88
19525 19539 243
19530 19553 220
19535 19567 273
19537 19546 185
19537 19541 45
19537 19568 167
19566 19615 240
19583 19602 64
19612 19629 214
19634 19663 293
19652 19699 138
19659 19681 83
19677 19705 11
19703 19752 297
19708 19709 23
19713 19728 172
19728 19764 240
19729 19732 13
19729 19778 208
19752 19778 83
19761 19782 286
19787 19818 19
19813 19861 41
19842 19880 4
19861 19871 78
19874 19895 271
19878 19880 157
19881 19885 135
19902 19941 206
19920 19929 201
19948 19985 297
19961 19974 87
19965 19972 145
19969 19987 52
19993 20025 278
20002 20021 163
20007 20053 44
20013 20062 255
20036 20079 228
20057 20082 157
20059 20099 172
20089 20107 164
20106 20141 92
20122 20131 2
20137 20178 137
20144 20154 62
20151 20169 248
20169 20182 198
20190 20192 36
20215 20251 71
20228 20246 264
20258 20281 128
20288 20309 10
20309 20311 69
20337 20359 55
20337 20383 100
20345 20384 217
20374 20396 100
20393 20419 242
20414 20464 137
20426 20458 87
20436 20477 26
20458 20463 164
20475 20514 231
20502 20551 124
20509 20553 208
20518 20530 100
20518 20556 109
20534 20537 13
20545 20595 271
20549 20582 128
20569 20599 3
20585 20622 75
20595 20630 298
20613 20637 174
20626 20674 295
20645 20647 294
20670 20675 1
20672 20704 246
20674 20677 170
20680 20699 66
20690 20702 66
20695 20707 136
20720 20751 117
20749 20762 11
20774 20777 51
20782 20819 190
20791 20823 203
20792 20821 244
20803 20849 113
20821 20832 158
20840 20844 228
20857 20877 265
20887 20921 116
20907 20935 9
20910 20921 228
20920 20934 246
20929 20960 43
20953 20967 216
20982 21015 285
21000 21015 239
21028 21041 210
21048 21098 156
21058 21098 25
21065 21114 231
21087 21125 83
21115 21150 169
21119 21121 203
21137 21178 104
21151 21195 296
21181 21214 10
21209 21221 19
21238 21253 78
21257 21307 170
21279 21326 42
21284 21311 221
21284 21303 239
21287 21306 105
21298 21314 35
21301 21349 251
21317 21347 63
21335 21371 99
21336 21371 55
21353 21390 260
21371 21413 55
21373 21379 216
21375 21378 28
21385 21411 248
21412 21420 267
21423 21434 88
21438 21467 282
21461 21506 206
21464 21467 195
21471 21476 246
21494 21526 184
21495 21501 141
21513 21532 43
21522 21559 181
21551 21600 250
21558 21603 259
21566 21616 184
21572 21605 212
21595 21620 36
21621 21651 48
21630 21676 160
21660 21672 192
21677 21723 120
21689 21707 273
21715 21765 36
21739 21752 182
21744 21790 55
21762 21775 251
21768 21773 91
21792 21810 14
21797 21824 186
21802 21837 234
21806 21844 42
21813 21822 207
21827 21873 198
21834 21874 178
21844 21859 186
21852 21892 163
21855 21876 104
21878 21898 225
21885 21913 236
21896 21946 229
21905 21941 146
21923 21946 278
21924 21966 228
21934 21975 289
21958 22005 6
21968 21997 141
21972 21992 201
22002 22012 186
22027 22042 210
22044 22068 109
22060 22079 250
22090 22127 225
22103 22137 192
22123 22126 41
22144 22173 267
22146 22183 174
22168 22189 201
22190 22221 273
22203 22215 239
22226 22231 37
22227 22266 201
22229 22271 20
22259 22307 173
22263 22279 234
22267 22275 68
22274 22289 262
22292 22333 191
22314 22337 249
22343 22372 274
22345 22383 108
22365 22401 246
22374 22388 161
22374 22394 260
22395 22435 54
22410 22444 108
22431 22461 144
22432 22456 285
22462 22483 70
22478 22497 279
22479 22503 10
22482 22508 176
22483 22499 154
22506 22555 188
22508 22509 177
22523 22559 70
22534 22546 124
22560 22572 194
22589 22630 13
22594 22597 242
22613 22660 157
22640 22677 92
22652 22688 275
22667 22702 168
22682 22683 244
22684 22721 232
22687 22708 89
22713 22760 33
22724 22758 130
22734 22750 279
22734 22754 32
22747 22767 191
22770 22783 204
22776 22824 224
22780 22820 87
22793 22808 2
22794 22809 236
22794 22805 221
22797 22809 215
22822 22846 60
22844 22846 14
22854 22895 2
22877 22922 268
22879 22905 160
22899 22907 60
22912 22922 120
22929 22945 23
22940 22960 140
22946 22961 269
22965 22980 211
22992 23000 20
22997 23027 168
23005 23038 135
23027 23031 290
23055 23098 49
23077 23091 122
23092 23112 190
23115 23150 125
23142 23172 63
23153 23167 80
23153 23203 157
23168 23178 115
23181 23207 181
23189 23207 179
23214 23253 34
23216 23245 164
23244 23259 262
23267 23283 30
23274 23279 245
23276 23320 183
23300 23333 20
23317 23365 93
23330 23361 131
23339 23343 169
23360 23394 101
23380 23399 78
23381 23385 113
23390 23433 250
23404 23451 58
23434 23484 54
23443 23466 17
23452 23466 41
23462 23476 86
23492 23513 172
23501 23522 232
23523 23532 174
23552 23568 82
23554 23560 109
23569 23610 205
23583 23606 173
23605 23646 150
23633 23672 187
23644 23647 39
23650 23689 88
23671 23720 240
23677 23716 113
23677 23720 112
23686 23712 64
23686 23691 167
23706 23746 102
23721 23764 248
23734 23753 15
23760 23809 262
23777 23824 257
23804 23844 243
23808 23826 274
23815 23842 204
23844 23875 205
23863 23895 67
23869 23894 85
23869 23875 19
23888 23921 265
23899 23949 58
23902 23940 117
23920 23962 101
23933 23942 265
23962 24012 188
23991 24020 262
24005 24045 50
24013 24041 180
24021 24054 70
24025 24061 233
24041 24064 76
24059 24077 48
24088 24130 106
24095 24140 19
24125 24154 297
24155 24176 111
24165 24187 30
24170 24199 104
24180 24221 33
24196 24229 162
24203 24213 53
24225 24250 290
24245 24269 128
24261 24291 102
24291 24297 159
24292 24322 134
24303 24348 197
24328 24376 124
24354 24384 65
24377 24385 121
24383 24405 280
24394 24438 107
24397 24431 93
24400 24449 144
24400 24438 14
24424 24463 145
24436 24441 268
24463 24507 292
24469 24501 189
24493 24538 126
24515 24530 237
24534 24539 249
24563 24596 230
24591 24593 278
24602 24639 38
24608 24642 140
24622 24671 175
24644 24661 166
24654 24656 278
24678 24721 205
24698 24737 181
24701 24718 248
24729 24751 300
24730 24754 24
24742 24769 292
24756 24788 49
24781 24803 66
24800 24823 299
24828 24862 57
24847 24883 286
24861 24878 189
24886 24933 5
24913 24917 122
24920 24960 69
24942 24967 241
24957 24965 135
24984 25024 220
25013 25053 31
25014 25021 135
25042 25052 181
25048 25093 266
25076 25121 145
25099 25107 237
25120 25124 70
25137 25180 215
25166 25185 178
25192 25207 222
25199 25236 293
25206 25225 177
25227 25259 40
25244 25275 208
25248 25287 65
25258 25259 234
25261 25294 145
25283 25322 145
25299 25349 293
25303 25348 290
25323 25324 94
25332 25353 59
25341 25376 40
25356 25395 1
25377 25427 169
25407 25420 60
25419 25430 151
25423 25444 13
25426 25451 2
25435 25453 13
25465 25470 94
25479 25513 290
25497 25542 263
25497 25528 158
25522 25563 19
25544 25591 222
25567 25592 45
25571 25589 16
25589 25598 224
25612 25653 13
25636 25669 92
25648 25687 161
25672 25687 70
25685 25705 156
25700 25749 161
25715 25719 108
25721 25754 260
25727 25747 179
25727 25773 63
25733 25755 234
25739 25769 193
25758 25781 277
25784 25796 193
25801 25839 219
25814 25822 139
25842 25879 201
25849 25879 72
25855 25903 190
25884 25925 119
25898 25934 81
25922 25927 90
25939 25966 39
25949 25966 26
25953 25998 15
25966 25991 121
25991 26039 257
25994 26038 9
26011 26018 33
26035 26072 192
26042 26056 222
26052 26053 220
26076 26109 53
26096 26114 171
26108 26135 56
26115 26152 140
26145 26158 190
26154 26161 6
26169 26206 32
26184 26225 41
26210 26237 273
26224 26236 282
26254 26297 131
26263 26275 196
26291 26299 42
26308 26346 32
26312 26347 109
26336 26337 60
26361 26378 161
26365 26384 15
26378 26425 273
26405 26419 188
26414 26422 217
26428 26475 261
26433 26462 108
26452 26461 91
26466 26507 238
26487 26531 179
26504 26508 180
26521 26541 49
26544 26569 78
26562 26588 27
26570 26592 132
26595 26612 293
26601 26603 279
26631 26647 207
26637 26642 144
26651 26690 203
26662 26691 240
26680 26700 64
26686 26718 4
26711 26755 55
26720 26750 44
26744 26785 269
26765 26800 199
26779 26780 139
26784 26789 117
26798 26821 124
26811 26835 201
26826 26872 283
26855 26887 142
26855 26859 182
26880 26920 81
26900 26905 121
26911 26939 184
26923 26931 98
26943 26973 23
26944 26953 260
26956 26968 291
26956 26969 9
26985 26991 220
26999 27039 31
27005 27020 271
27019 27059 63
27033 27037 7
27035 27036 39
27039 27072 147
27059 27108 108
27071 27072 280
27073 27096 261
27086 27135 178
27111 27139 206
27123 27143 219
27144 27177 274
27151 27163 148
27176 27222 176
27187 27236 177
27217 27239 35
27246 27288 141
27271 27296 196
27287 27312 100
27294 27307 8
27319 27368 23
27326 27370 92
27356 27376 117
27367 27385 47
27394 27434 106
27406 27432 102
27412 27447 101
27427 27448 164
27438 27470 141
27449 27495 134
27461 27479 158
27474 27483 163
27496 27542 125
27504 27522 268
27533 27570 126
27557 27605 91
27582 27629 132
27606 27652 50
27633 27659 6
27648 27673 125
27671 27686 158
27685 27725 211
27711 27728 264
27724 27753 271
27748 27783 67
27771 27812 295
27782 27801 153
27795 27807 155
27818 27859 273
27827 27846 175
27836 27849 69
27837 27887 209
27849 27877 288
27858 27900 265
27877 27879 132
27896 27932 101
27906 27940 218
27919 27922 75
27932 27977 191
27943 27968 82
27972 28002 114
27983 28029 4
28011 28061 144
28017 28042 118
28039 28085 56
28056 28094 294
28074 28076 57
28090 28132 179
28116 28159 9
28145 28168 28
28155 28158 172
28162 28196 118
28178 28185 154
28183 28217 149
28191 28203 267
28209 28259 159
28210 28259 131
28236 28247 264
28248 28250 297
28256 28283 15
28278 28311 268
28285 28316 100
28308 28315 201
28329 28360 132
28331 28373 53
28334 28347 78
28357 28384 96
28384 28433 107
28389 28424 22
28401 28438 68
28428 28450 84
28445 28449 184
28451 28471 173
28473 28496 174
28484 28501 101
28493 28520 183
28522 28564 124
28547 28549 35
28560 28602 51
28586 28622 73
28597 28598 269
28609 28617 242
28610 28614 91
28631 28634 290
28645 28651 213
28666 28712 112
28689 28698 295
28691 28700 246
28709 28752 185
28733 28747 102
28745 28786 190
28747 28780 234
28758 28801 18
28778 28791 144
28779 28786 86
28780 28801 108
28787 28804 141
28815 28835 232
28823 28849 53
28849 28878 280
28875 28884 56
28891 28894 78
28905 28918 212
28932 28974 129
28956 28976 9
28963 29006 161
28988 29037 16
29002 29005 69
29002 29023 104
29026 29060 218
29052 29090 202
29070 29087 223
29077 29114 55
29088 29123 264
29108 29117 145
29118 29150 129
29145 29180 200
29167 29187 159
29186 29193 259
29212 29247 242
29226 29236 259
29253 29270 269
29269 29318 266
29295 29344 46
29298 29341 203
29303 29336 46
29328 29343 30
29343 29346 206
29360 29365 272
29385 29398 246
29408 29420 136
29437 29444 257
29448 29452 46
29476 29519 5
29492 29519 28
29497 29500 258
29514 29528 147
29517 29531 255
29531 29561 85
29553 29563 206
29562 29563 270
29583 29597 41
29596 29624 269
29618 29632 168
29647 29696 288
29650 29677 234
29660 29706 77
29670 29689 288
29696 29717 112
29699 29703 44
29701 29748 247
29730 29761 187
29743 29791 198
29757 29790 260
29778 29790 7
29800 29834 100
29816 29863 87
29834 29878 27
29843 29866 56
29858 29867 29
29859 29870 226
29869 29880 63
29886 29904 35
29897 29929 207
29915 29946 237
29916 29930 148
29924 29936 9
29931 29936 7
29960 29982 243
29963 29968 196
29979 30021 168
29980 29983 180
29998 29999 278
30004 30034 142
30018 30042 215
30035 30072 270
30064 30108 51
30071 30090 63
30089 30134 145
30118 30140 162
30135 30136 67
30157 30168 189
30183 30213 142
30187 30222 7
30198 30220 28
30223 30242 130
30243 30272 300
30245 30285 299
30250 30280 107
30262 30297 148
30268 30293 245
30291 30317 253
30296 30332 22
30321 30351 8
30350 30399 245
30362 30364 223
30391 30415 64
30399 30416 174
30423 30463 285
30447 30473 101
30474 30480 252
30486 30533 184
30509 30511 41
30522 30536 206
30526 30543 228
30546 30556 212
30554 30593 16
30561 30595 85
30562 30602 282
30566 30599 145
30574 30603 81
30577 30579 278
30582 30623 3
30610 30651 33
30618 30637 297
30647 30655 174
30674 30693 265
30701 30750 94
30711 30719 85
30729 30769 14
30737 30766 197
30756 30803 48
30770 30785 140
30796 30801 206
30822 30858 244
30838 30883 76
30867 30873 198
30893 30894 171
30911 30957 33
30921 30941 117
30947 30979 207
30955 30982 267
30970 31019 161
30974 30995 15
31002 31022 245
31006 31015 248
31015 31049 262
31024 31041 181
31053 31057 108
31062 31075 187
31076 31080 265
31102 31147 215
31131 31180 170
31143 31144 222
31165 31215 65
31172 31174 164
31180 31228 267
31207 31248 99
31215 31237 260
31216 31230 246
31244 31254 54
31263 31300 81
31287 31324 208
31302 31310 100
31311 31355 89
31332 31344 212
31337 31363 25
31366 31373 66
31378 31395 272
31398 31433 48
31420 31440 290
31441 31446 86
31466 31497 131
31489 31498 102
31518 31550 297
31518 31553 179
31537 31550 33
31565 31587 207
31588 31593 188
31605 31654 256
31605 31640 175
31616 31648 150
31639 31670 85
31656 31697 121
31670 31706 243
31678 31708 260
31691 31724 119
31695 31731 206
31702 31724 285
31704 31751 159
31725 31759 8
31737 31747 4
31761 31762 7
31785 31819 114
31799 31845 136
31816 31863 133
31841 31876 300
31871 31885 116
31888 31898 127
31895 31945 134
31922 31933 47
31937 31940 82
31942 31973 25
31948 31982 288
31961 31998 3
31965 31966 218
31989 32009 151
32015 32016 56
32042 32070 136
32056 32093 298
32075 32124 195
32088 32127 25
32093 32122 30
32099 32141 266
32126 32137 169
32152 32154 84
32177 32206 173
32186 32221 27
32191 32240 211
32213 32255 150
32237 32284 260
32249 32293 270
32260 32283 71
32283 32307 41
32309 32337 14
32335 32347 210
32364 32396 111
32392 32406 143
32411 32426 185
32413 32451 242
32431 32460 275
32453 32502 8
32459 32470 278
32475 32502 240
32486 32526 119
32505 32522 67
32510 32528 95
32534 32562 180
32561 32572 22
32561 32604 292
32586 32617 169
32587 32620 5
32595 32635 291
32598 32615 105
32616 32658 256
32617 32651 177
32644 32648 3
32671 32677 243
32693 32741 80
32714 32740 253
32715 32726 68
32730 32769 179
32736 32773 144
32763 32772 289
32765 32773 229
32789 32839 201
32796 32846 94
32801 32835 273
32818 32853 213
32837 32857 186
32848 32870 19
32878 32880 225
32902 32943 246
32908 32954 172
32913 32924 182
32933 32967 287
32934 32965 88
32961 32992 229
32986 33002 13
32986 33028 175
33007 33020 290
33015 33052 221
33039 33077 161
33060 33110 273
33065 33074 132
33077 33110 17
33093 33106 36
33119 33159 272
33136 33181 123
33151 33197 64
33181 33220 85
33205 33224 230
33235 33243 104
33258 33282 40
33279 33297 283
33279 33318 227
33293 33317 281
33320 33350 194
33348 33377 209
33350 33395 178
33358 33362 104
33388 33414 280
33388 33437 84
33392 33414 26
33404 33452 58
33432 33477 264
33445 33453 235
33458 33490 151
33481 33498 298
33511 33561 66
33526 33553 165
33532 33558 234
33542 33562 148
33568 33604 87
33589 33630 147
33618 33639 66
33639 33673 75
33649 33664 259
33660 33691 209
33662 33691 105
33672 33711 46
33697 33714 67
33727 33757 256
33743 33750 259
33762 33793 67
33769 33790 272
33793 33798 228
33822 33845 264
33848 33872 264
33864 33896 195
33893 33916 197
33897 33940 243
33899 33936 239
33921 33954 246
33947 33994 275
33966 34011 60
33988 34037 263
34012 34051 300
34040 34079 90
34061 34094 217
34087 34100 100
34092 34142 88
34113 34128 264
34127 34168 7
34130 34149 178
34159 34183 251
34180 34202 203
34202 34221 8
34220 34250 261
34234 34270 297
34263 34267 205
34264 34267 75
34277 34301 157
34303 34320 229
34311 34340 191
34316 34364 279
34331 34381 296
34356 34390 255
34359 34393 35
34361 34370 242
34371 34403 84
34396 34428 84
34400 34442 139
34401 34404 271
34415 34420 40
34424 34432 21
34442 34458 254
34466 34472 234
34488 34493 175
34490 34511 65
34490 34532 207
34520 34553 125
34522 34565 202
34546 34589 147
34546 34551 275
34553 34584 296
34564 34586 181
34564 34570 56
34582 34629 291
34604 34630 93
34608 34655 10
34619 34642 287
34634 34650 21
34662 34680 9
34662 34673 276
34666 34671 21
34667 34688 190
34693 34708 221
34704 34724 32
34729 34738 10
34740 34786 300
34756 34798 193
34781 34798 176
34785 34796 96
34805 34815 7
34828 34831 274
34846 34882 249
34854 34886 278
34880 34906 94
34882 34889 62
34908 34912 210
34908 34919 178
34931 34945 68
34933 34966 174
34941 34980 196
34951 34960 81
34967 34998 41
34975 35014 215
34993 35030 73
34999 35004 170
35011 35051 199
35033 35043 141
35056 35058 276
35080 35103 6
35092 35119 67
35114 35147 272
35125 35143 106
35137 35183 22
35153 35154 30
35174 35185 265
35179 35185 16
35181 35218 97
35194 35221 63
35224 35236 74
35231 35252 192
35236 35264 62
35258 35269 136
35273 35298 121
35274 35320 121
35291 35330 35
35316 35344 122
35336 35378 225
35338 35355 187
35339 35356 208
35368 35371 5
35396 35437 244
35424 35470 30
35439 35461 116
35441 35485 110
35464 35471 246
35479 35517 115
35490 35522 231
35508 35522 106
35522 35541 115
35533 35546 298
35551 35577 122
35551 35564 239
35563 35608 80
35567 35586 244
35576 35578 33
35594 35625 186
35608 35615 233
35634 35650 47
35661 35681 103
35683 35719 127
35707 35740 114
35716 35763 2
35732 35772 134
35742 35752 82
35750 35751 209
35759 35806 142
35783 35821 267
35785 35788 160
35806 35849 243
35832 35855 203
35861 35878 51
35875 35904 122
35902 35948 165
35910 35948 24
35934 35976 58
35953 35996 264
35978 36012 162
35998 36021 235
36018 36034 150
36023 36067 110
36047 36053 274
36055 36073 62
36082 36095 46
36090 36096 249
36110 36125 231
36116 36142 130
36137 36160 276
36151 36170 91
36158 36161 46
36175 36178 200
36183 36227 214
36201 36224 264
36225 36245 232
36249 36283 218
36263 36313 3
36285 36305 59
36308 36333 261
36334 36351 281
36350 36368 146
36363 36381 221
36379 36428 105
36403 36408 164
36413 36459 174
36433 36474 38
36461 36480 85
36462 36502 206
36472 36498 266
36499 36507 195
36506 36547 221
36531 36575 288
36553 36564 205
36583 36620 64
36600 36618 279
36619 36621 72
36621 36644 171
36644 36677 47
36673 36720 148
36674 36679 167
36699 36721 153
36705 36737 85
36706 36724 124
36732 36741 104
36740 36767 9
36757 36769 230
36785 36807 76
36811 36855 104
36826 36873 139
36834 36874 18
36851 36885 118
36854 36869 128
36866 36880 174
36870 36883 160
36873 36900 32
36876 36926 185
36900 36905 240
36901 36907 246
36921 36945 265
36938 36959 241
36961 36998 269
36989 37024 137
36994 37020 94
37002 37024 160
37027 37032 148
37048 37063 190
37076 37087 93
37088 37126 239
37108 37132 119
37127 37154 256
37146 37147 197
37168 37180 295
37171 37190 176
37179 37195 230
37202 37210 26
37220 37267 106
37236 37279 269
37256 37273 195
37274 37299 299
37278 37306 228
37303 37305 57
37323 37341 293
37325 37345 52
37336 37366 50
37366 37375 46
37376 37380 141
37388 37433 54
37396 37404 186
37412 37436 78
37422 37468 25
37438 37469 11
37450 37471 238
37473 37513 206
37482 37503 111
37487 37499 257
37488 37517 231
37515 37561 280
37527 37565 300
37536 37546 222
37555 37576 97
37581 37610 88
37597 37644 90
37610 37623 230
37619 37648 51
37625 37630 153
37646 37691 180
37661 37667 221
37667 37686 297
37671 37679 214
37672 37705 42
37697 37740 104
37714 37734 149
37734 37778 282
37746 37757 157
37761 37775 160
37773 37791 47
37773 37796 29
37773 37819 117
37778 37807 167
37789 37826 199
37792 37795 263
37811 37821 126
37814 37819 155
37838 37884 278
37850 37860 99
37865 37876 15
37872 37890 129
37883 37924 87
37891 37908 70
37915 37929 154
37937 37942 247
37948 37962 148
37971 37973 204
37994 38020 266
38017 38049 206
38031 38055 267
38054 38069 210
38082 38104 132
38085 38086 181
38101 38128 48
38115 38120 254
38140 38171 104
38146 38161 216
38151 38199 221
38181 38215 256
38191 38192 120
38214 38232 62
38237 38254 131
38245 38271 225
38274 38284 230
38304 38326 71
38332 38349 23
38348 38394 198
38354 38399 62
38384 38413 128
38413 38449 137
38442 38447 156
38460 38474 135
38486 38528 152
38514 38561 14
38521 38547 154
38521 38553 237
38538 38570 55
38568 38602 35
38572 38590 177
38601 38625 220
38626 38674 227
38641 38662 195
38657 38698 132
38687 38712 179
38688 38694 263
38718 38762 211
38733 38778 210
38756 38765 160
38773 38815 71
38795 38797 139
38796 38814 116
38803 38808 98
38810 38830 45
38827 38841 70
38850 38851 5
38874 38882 69
38888 38923 53
38898 38937 192
38913 38924 113
38929 38950 41
38958 38980 270
38974 38996 67
38979 39015 218
39001 39035 242
39008 39009 268
39017 39029 7
39036 39061 1
39053 39062 29
39061 39066 97
39083 39084 184
39100 39101 84
39122 39155 291
39149 39175 84
39156 39169 185
39160 39202 85
39176 39195 286
39204 39220 89
39228 39254 10
39237 39242 107
39239 39283 23
39254 39298 66
39269 39317 299
39278 39323 111
39308 39316 132
39336 39357 85
39345 39388 36
39351 39372 119
39357 39374 219
39364 39394 212
39365 39401 19
39374 39382 237
39397 39426 36
39410 39428 90
39423 39443 69
39434 39469 187
39453 39498 13
39477 39490 274
39482 39524 192
39482 39501 183
39500 39515 13
39513 39553 172
39533 39552 262
39551 39582 39
39558 39584 121
39587 39636 58
39590 39640 242
39602 39622 177
39608 39632 29
39622 39633 275
39628 39651 228
39653 39681 252
39653 39669 130
39670 39715 270
39690 39723 73
39694 39705 237
39718 39765 88
39730 39734 40
39734 39755 150
39757 39759 88
39772 39793 155
39789 39837 242
39794 39838 243
39808 39827 88
39809 39859 175
39826 39861 102
39848 39882 133
39853 39855 131
39876 39905 61
39876 39878 116
39905 39910 3
39913 39960 39
39918 39930 269
39927 39940 291
39934 39959 214
39946 39957 35
39952 39995 177
39961 39970 92
39961 39971 36
39975 39996 82
39985 40009 120
39995 40009 116
40001 40023 82
40009 40022 273
40036 40070 86
40037 40085 201
40056 40068 211
40085 40117 180
40097 40112 166
40110 40156 117
40135 40159 6
40153 40202 269
40165 40187 213
40186 40194 279
40208 40251 223
40220 40263 45
40228 40245 30
40253 40280 277
40257 40298 238
40275 40297 296
40302 40320 202
40312 40352 209
40326 40342 272
40352 40397 120
40359 40401 136
40374 40396 103
40398 40411 214
40415 40452 232
40424 40466 71
40434 40472 43
40457 40497 13
40476 40497 271
40495 40544 207
40509 40525 100
40525 40527 206
40525 40550 247
40544 40582 62
40544 40558 132
40557 40558 121
40570 40608 136
40577 40625 250
40605 40625 56
40630 40645 298
40648 40654 60
40670 40705 245
40677 40722 233
40696 40714 289
40711 40732 43
40721 40749 292
40726 40744 41
40742 40784 231
40768 40782 104
40784 40833 46
40806 40822 24
40813 40845 287
40841 40849 262
40842 40880 185
40852 40888 20
40858 40863 231
40868 40909 10
40871 40874 124
40880 40913 54
40890 40927 200
40920 40942 202
40944 40974 186
40965 40968 200
40978 41004 230
40981 41004 18
40983 41025 96
40992 41031 30
41012 41057 109
41017 41024 95
41032 41033 53
41040 41061 137
41044 41091 19
41057 41092 20
41061 41075 233
41089 41090 13
41118 41136 39
41127 41135 275
41146 41180 87
41153 41165 228
41183 41222 206
41205 41217 165
41231 41254 185
41251 41259 201
41254 41261 182
41262 41303 108
41274 41303 77
41292 41310 249
41305 41333 225
41316 41366 295
41339 41375 162
41361 41400 142
41379 41404 162
41391 41413 251
41419 41449 141
41432 41454 185
41435 41472 5
41436 41453 275
41436 41485 175
41453 41455 153
41478 41499 30
41488 41503 15
41508 41509 217
41519 41548 209
41535 41563 136
41535 41584 193
41550 41573 13
41555 41577 238
41569 41602 153
41591 41626 232
41599 41610 274
41629 41634 209
41634 41644 69
41637 41665 60
41657 41681 94
41664 41689 240
41683 41715 141
41685 41693 163
41688 41720 195
41698 41723 252
41717 41744 213
41720 41769 147
41730 41734 26
41740 41785 19
41760 41804 160
41769 41797 74
41779 41805 123
41803 41813 122
41811 41846 149
41837 41886 290
41838 41839 193
41852 41880 44
41860 41902 6
41871 41883 208
41875 41923 208
41895 41929 51
41903 41914 261
41928 41962 278
41952 41997 284
41965 41986 154
41978 42026 46
41978 42011 71
41993 42034 253
42016 42027 229
42040 42046 65
42046 42083 34
42057 42078 164
42061 42109 63
42081 42113 82
42084 42106 94
42093 42121 68
42096 42117 256
42108 42111 279
42119 42165 57
42144 42149 245
42169 42213 127
42176 42182 279
42189 42208 99
42204 42240 94
42213 42225 137
42230 42236 16
42236 42286 293
42254 42285 272
42258 42263 139
42280 42313 36
42305 42334 206
42321 42366 53
42350 42396 88
42379 42409 133
42406 42410 57
42414 42464 24
42424 42432 37
42444 42492 192
42447 42468 275
42458 42492 153
42485 42520 146
42485 42515 156
42490 42492 258
42503 42514 159
42505 42541 211
42526 42554 82
42548 42587 195
42573 42600 149
42602 42608 179
42624 42629 277
42629 42643 141
42658 42688 283
42659 42697 256
42672 42705 139
42685 42717 252
42705 42748 67
42711 42719 223
42741 42787 124
42746 42772 247
42764 42804 172
42765 42798 104
42773 42816 193
42775 42782 176
42803 42840 287
42817 42853 253
42834 42874 211
42848 42864 24
42858 42889 24
42867 42877 210
42894 42906 294
42896 42923 152
42907 42924 160
42920 42935 93
42950 42979 233
42973 42980 99
42991 43017 51
43017 43030 50
43029 43034 213
43034 43066 39
43040 43066 280
43052 43083 228
43055 43096 6
43068 43103 87
43069 43105 162
43073 43079 65
43085 43123 103
43103 43114 64
43126 43155 232
43140 43142 88
43167 43177 246
43189 43207 215
43204 43245 261
43210 43239 190
43233 43282 71
43248 43278 267
43250 43299 271
43252 43271 171
43278 43284 238
43289 43321 287
43303 43304 164
43332 43360 127
43332 43368 134
43355 43379 23
43384 43393 69
43414 43451 63
43419 43446 64
43437 43450 102
43452 43476 199
43466 43514 248
43496 43498 193
43499 43542 254
43523 43549 95
43552 43589 96
43559 43590 79
43564 43580 291
43579 43605 174
43585 43598 99
43594 43644 80
43613 43654 14
43639 43676 39
43655 43663 250
43663 43665 4
43663 43688 263
43686 43701 46
43701 43742 48
43715 43724 246
43734 43738 46
43764 43773 282
43787 43800 116
43813 43840 299
43838 43862 238
43855 43877 236
43862 43886 75
43883 43932 285
43906 43914 234
43928 43967 138
43929 43972 272
43937 43965 56
43958 43972 234
43972 43984 185
43999 44048 146
44007 44037 260
44019 44022 144
44040 44046 154
44043 44048 72
44046 44086 210
44067 44082 39
44092 44127 121
44102 44144 99
44123 44162 181
44149 44196 253
44158 44161 205
44160 44194 1
44163 44187 283
44172 44189 238
44189 44224 213
44200 44219 13
44209 44257 277
44212 44237 133
44239 44249 132
44265 44278 259
44287 44328 71
44309 44330 63
44330 44344 152
44331 44336 124
44349 44365 70
44378 44421 188
44378 44415 218
44388 44437 120
44407 44428 160
44413 44462 253
44438 44455 209
44443 44488 147
44457 44498 43
44483 44523 241
44495 44515 263
44502 44526 219
44506 44535 291
44536 44543 223
44543 44546 83
44567 44583 276
44596 44621 5
44597 44644 270
44601 44635 217
44614 44619 131
44635 44654 115
44635 44673 125
44655 44658 24
44673 44674 90
44702 44742 126
44728 44778 15
44733 44737 91
44754 44770 283
44769 44790 49
44792 44840 192
44805 44843 263
44824 44862 83
44841 44855 105
44857 44859 216
44884 44910 28
44912 44920 144
44938 44942 213
44954 44974 65
44974 44976 132
44990 45013 229
45018 45027 182
45045 45086 164
45061 45086 271
45076 45087 115
45106 45119 40
45136 45164 176
45148 45157 120
45158 45194 229
45186 45235 125
45197 45219 206
45214 45215 237
45226 45259 228
45244 45252 297
45263 45282 282
45290 45322 58
45308 45337 155
45335 45341 145
45360 45364 184
45381 45418 216
45406 45417 10
45434 45437 88
45455 45471 3
45473 45523 58
45474 45510 110
45477 45485 226
45496 45501 249
45525 45549 237
45538 45558 125
45549 45552 121
45558 45563 163
45585 45630 35
45615 45626 160
45623 45657 107
45640 45673 273
45650 45675 1
45661 45699 133
45679 45701 78
45704 45726 233
45705 45724 73
45712 45739 180
45720 45724 158
45726 45759 60
45752 45780 260
45771 45792 116
45780 45788 148
45797 45812 127
45820 45825 85
45830 45868 203
45856 45893 206
45856 45863 192
45884 45923 268
45906 45935 159
45916 45953 139
45920 45938 141
45926 45946 70
45956 45971 81
45960 46008 161
45966 46012 97
45990 46032 82
46000 46024 246
46015 46031 231
46023 46055 298
46047 46079 112
46056 46064 104
46073 46116 181
46100 46108 68
46124 46168 191
46128 46177 93
46155 46178 33
46167 46208 291
46173 46199 179
46182 46212 164
46205 46225 119
46229 46240 181
46256 46261 112
46274 46277 20
46278 46309 122
46303 46336 278
46320 46355 16
46331 46348 285
46350 46385 177
46359 46381 89
46360 46383 158
46376 46396 287
46396 46442 189
46396 46427 30
46420 46436 187
46448 46488 103
46474 46482 211
46501 46526 143
46520 46524 155
46521 46527 208
46527 46533 158
46535 46544 44
46549 46554 142
46573 46613 60
46581 46622 127
46596 46597 288
46612 46614 148
46618 46631 188
46644 46661 16
46672 46716 74
46689 46699 39
46697 46717 214
46718 46736 193
46726 46740 234
46734 46769 118
46735 46765 285
46755 46771 246
46757 46803 42
46768 46804 49
46783 46807 49
46785 46832 117
46803 46839 103
46810 46845 115
46822 46829 137
46838 46878 70
46867 46916 201
46879 46903 109
46887 46915 34
46902 46911 61
46917 46962 228
46929 46975 12
46941 46989 50
46949 46958 9
46949 46994 246
46975 47009 39
46999 47022 152
47026 47028 103
47049 47052 12
47078 47095 264
47101 47132 291
47125 47173 9
47133 47150 280
47148 47186 244
47159 47199 48
47180 47218 252
47199 47208 57
47223 47226 282
47237 47254 80
47249 47298 94
47253 47299 299
47259 47267 13
47276 47299 49
47304 47313 136
47318 47326 257
47340 47352 188
47343 47374 130
47349 47382 280
47357 47362 155
47357 47397 191
47373 47389 183
47382 47400 74
47406 47427 234
47426 47436 235
47450 47500 121
47469 47492 14
47478 47499 56
47498 47526 280
47507 47547 287
47537 47543 265
47560 47598 130
47585 47593 40
47593 47633 98
47605 47644 295
47615 47630 20
47616 47641 253
47623 47624 46
47641 47668 211
47667 47694 173
47683 47714 146
47709 47710 99
47735 47774 179
47736 47756 66
47742 47765 147
47757 47789 165
47759 47763 292
47772 47788 294
47781 47809 143
47786 47818 98
47808 47815 299
47830 47861 99
47836 47873 2
47865 47887 136
47881 47925 77
47909 47913 44
47938 47976 150
47952 47997 273
47960 47980 174
47990 47995 32
48018 48052 184
48036 48047 246
48064 48081 187
48068 48089 99
48094 48134 226
48097 48121 229
48106 48141 119
48122 48151 208
48125 48140 245
48146 48184 295
48166 48212 166
48181 48201 54
48188 48194 164
48193 48230 281
48209 48218 73
48220 48269 250
48242 48251 9
48244 48271 136
48254 48283 211
48263 48280 120
48267 48285 299
48268 48299 181
48281 48325 85
48296 48345 224
48314 48362 49
48332 48378 287
48332 48351 158
48332 48362 210
48339 48370 223
48361 48379 89
48365 48390 39
48383 48421 245
48395 48417 225
48420 48467 77
48438 48472 175
48465 48501 33
48473 48478 93
48475 48487 72
48495 48543 123
48511 48524 8
48517 48532 193
48545 48578 24
48567 48616 251
48578 48609 30
48607 48655 65
48631 48650 169
48644 48670 245
48658 48698 5
48682 48717 180
48712 48713 7
48720 48724 205
48745 48786 190
48746 48786 50
48760 48786 193
48789 48827 21
48791 48839 168
48800 48806 95
48828 48877 98
48858 48886 300
48864 48877 95
48870 48874 168
48873 48880 121
48877 48895 30
48904 48919 218
48918 48934 226
48928 48975 34
48932 48933 11
48944 48959 187
48957 48970 62
48960 49000 117
48977 49001 39
48996 49024 271
49021 49028 46
49039 49055 271
49067 49088 66
49070 49095 26
49075 49102 94
49095 49122 103
49112 49134 163
49130 49158 67
49135 49136 277
49148 49167 19
49153 49190 35
49167 49179 7
49184 49211 77
49214 49232 184
49225 49255 15
49228 49240 129
49229 49241 205
49230 49240 265
49233 49281 243
49252 49268 191
49274 49300 145
49281 49296 24
49304 49342 73
49315 49328 267
49317 49335 66
49344 49365 120
49367 49415 103
49390 49434 182
49420 49468 256
49435 49442 165
49451 49476 222
49479 49516 93
49502 49525 50
49528 49566 127
49554 49597 147
49561 49593 15
49567 49597 42
49571 49575 83
49578 49615 189
49589 49615 206
49606 49631 250
49611 49661 280
49633 49669 37
49641 49657 247
49660 49678 70
49669 49718 72
49696 49742 73
49723 49764 69
49748 49782 149
49758 49805 44
49787 49835 170
49817 49821 239
49838 49876 6
49860 49866 243
49890 49898 155
49905 49933 57
49932 49938 15
49946 49971 198
49958 49988 172
49972 49977 169
49984 49993 127
50005 50052 57
50016 50064 216
50033 50039 70
50043 50054 35
50050 50094 250
50065 50079 259
50066 50101 59
50079 50107 38
50109 50113 121
50120 50157 66
50137 50181 271
50158 50193 288
50177 50220 118
50200 50222 130
50200 50209 165
50209 50237 78
50225 50260 181
50235 50284 125
50259 50266 244
50289 50339 141
50311 50347 3
50340 50353 206
50342 50367 68
50347 50349 100
50348 50365 30
50352 50380 210
50375 50417 219
50392 50421 8
50411 50421 167
50413 50456 73
50427 50464 299
50432 50462 22
50448 50452 138
50476 50495 257
50479 50504 81
50508 50519 247
50520 50544 180
50533 50567 290
50554 50585 241
50569 50593 267
50585 50619 29
50595 50622 257
50610 50635 187
50611 50649 287
50618 50623 284
50620 50666 290
50622 50669 65
50630 50649 136
50655 50658 77
50682 50709 52
50686 50706 111
50701 50750 44
50704 50731 279
50711 50730 233
50736 50757 89
50764 50768 113
50774 50787 148
50782 50790 274
50786 50810 279
50786 50792 137
50805 50812 138
50832 50838 173
50832 50877 19
50840 50868 281
50847 50851 256
50875 50881 202
50895 50917 250
50915 50943 207
50930 50951 38
50935 50980 124
50951 50967 176
50967 50973 190
50981 50998 183
50999 51043 16
51029 51063 259
51045 51066 40
51073 51118 285
51086 51111 45
51104 51134 175
51108 51149 38
51113 51136 178
51125 51153 282
51151 51189 54
51166 51211 63
51172 51184 184
51193 51221 38
51202 51204 222
51211 51242 159
51214 51261 246
51241 51263 170
51256 51301 201
51268 51310 8
51275 51319 160
51279 51288 266
51279 51328 258
51279 51287 75
51302 51306 190
51332 51376 65
51360 51372 21
51366 51396 166
51395 51436 255
51397 51402 225
51406 51447 166
51434 51467 1
51453 51465 101
51461 51502 56
51478 51509 246
51498 51511 167
51500 51508 11
51526 51557 233
51553 51603 120
51569 51619 234
51587 51617 145
51615 51632 276
51630 51635 40
51639 51671 108
51648 51671 102
51677 51691 277
51686 51722 123
51708 51720 30
51725 51748 174
51725 51730 179
51737 51759 300
51739 51748 30
51766 51787 157
51783 51792 229
51792 51808 256
51811 51840 194
51815 51860 86
51817 51825 241
51825 51873 77
51851 51890 104
51851 51856 118
51864 51899 68
51874 51895 224
51895 51927 12
51912 51954 133
51941 51977 121
51945 51962 110
51949 51951 188
51964 52003 79
51994 52035 7
52004 52041 50
52028 52067 244
52037 52069 108
52040 52070 270
52065 52090 81
52092 52118 152
52121 52160 72
52131 52163 49
52154 52181 136
52166 52189 155
52179 52208 274
52205 52227 104
52210 52257 241
52222 52269 282
52226 52275 52
52256 52286 263
52258 52281 278
52267 52284 86
52296 52303 56
52311 52315 219
52339 52351 232
52340 52357 273
52340 52347 178
52352 52360 118
52363 52409 5
52393 52422 171
52396 52441 227
52410 52419 177
52440 52483 196
52465 52493 20
52468 52511 35
52473 52505 179
52490 52510 125
52499 52505 47
52507 52539 213
52534 52547 118
52563 52569 78
52566 52605 129
52587 52622 266
52595 52626 242
52602 52646 75
52632 52656 260
52651 52660 22
52656 52690 257
52682 52718 222
52704 52705 38
52726 52768 140
52743 52789 268
52763 52787 26
52780 52789 229
52802 52827 58
52817 52854 20
52834 52840 119
52859 52865 173
52880 52913 265
52905 52922 39
52917 52945 46
52926 52962 261
52951 52967 94
52974 52997 86
52996 53040 227
52996 53032 53
53003 53032 266
53013 53024 146
53029 53079 147
53053 53056 141
53059 53063 161
53069 53115 265
53088 53100 51
53114 53135 156
53123 53156 180
53127 53157 145
53128 53160 267
53153 53187 131
53178 53197 164
53197 53240 169
53209 53229 35
53220 53256 1
53223 53249 17
53224 53244 169
53233 53266 223
53236 53286 145
53254 53289 1
53271 53298 241
53294 53312 23
53316 53355 147
53325 53366 44
53329 53331 77
53354 53363 93
53354 53362 38
53367 53390 118
53368 53376 68
53397 53406 226
53407 53427 59
53412 53460 132
53424 53459 90
53449 53453 118
53469 53505 202
53490 53502 29
53507 53528 24
53518 53539 230
53522 53547 46
53527 53544 101
53531 53565 197
53548 53581 130
53566 53612 117
53574 53609 266
53585 53627 75
53591 53623 170
53618 53651 63
53639 53645 4
53639 53660 135
53640 53660 97
53658 53688 67
53680 53712 119
53694 53729 161
53708 53736 49
53721 53739 199
53725 53744 199
53750 53796 141
53755 53763 160
53763 53809 123
53785 53791 101
53799 53810 135
53810 53823 88
53835 53870 268
53853 53877 188
53881 53914 148
53904 53915 187
53918 53922 189
53922 53932 196
53929 53964 139
53932 53955 19
53946 53993 106
53967 53983 251
53989 54038 70
54017 54041 242
54023 54035 209
54048 54079 197
54063 54113 244
54090 54138 261
54107 54118 182
54130 54142 219
54149 54155 283
54177 54219 16
54195 54205 295
54195 54232 90
54207 54211 195
54232 54265 42
54261 54287 217
54275 54286 22
54294 54333 147
54305 54345 116
54322 54336 48
54338 54362 165
54367 54379 287
54375 54398 294
54384 54414 151
54402 54434 161
54423 54447 258
54428 54477 171
54451 54466 88
54456 54502 197
54463 54466 39
54467 54512 268
54490 54524 186
54491 54539 182
54494 54529 23
54520 54568 28
54521 54529 250
54551 54558 260
54553 54564 143
54570 54600 162
54572 54605 267
54581 54583 217
54591 54610 161
54602 54651 174
54628 54660 166
54632 54675 222
54638 54659 209
54638 54674 173
54659 54666 18
54661 54693 252
54661 54665 84
54664 54693 170
54674 54680 2
54693 54694 146
54709 54754 46
54709 54750 32
54727 54738 175
54742 54747 186
54756 54757 217
54778 54781 171
54786 54814 54
54805 54816 253
54825 54870 108
54846 54849 243
54864 54881 210
54887 54923 3
54901 54942 96
54931 54980 152
54946 54966 246
54968 55000 231
54984 54998 60
54985 55027 176
54986 55025 143
55001 55023 55
55031 55050 16
55051 55055 161
55073 55087 256
55095 55145 208
55095 55140 1
55113 55157 205
55118 55121 121
55138 55187 156
55144 55153 115
55162 55194 4
55169 55196 209
55175 55184 262
55184 55223 286
55214 55246 86
55217 55225 255
55218 55254 208
55239 55255 37
55267 55303 283
55294 55320 183
55297 55324 271
55306 55317 36
55318 55365 22
55342 55371 102
55367 55377 236
55370 55398 106
55378 55408 94
55383 55391 258
55400 55446 113
55424 55454 142
55443 55490 256
55457 55476 220
55487 55506 297
55500 55514 229
55509 55543 106
55538 55549 203
55549 55551 197
55563 55613 118
55565 55589 162
55578 55602 292
55607 55650 239
55621 55645 227
55647 55662 194
55653 55688 147
55670 55679 134
55690 55700 248
55712 55730 168
55719 55767 24
55747 55780 121
55770 55791 91
55800 55849 96
55824 55842 110
55839 55854 299
55840 55861 186
55868 55900 115
55882 55885 253
55896 55905 24
55923 55928 65
55926 55932 76
55952 55989 259
55970 55971 252
55972 56009 100
55991 56002 7
56021 56047 84
56047 56059 252
56061 56100 292
56069 56099 201
56083 56132 75
56103 56122 114
56121 56147 299
56130 56149 75
56134 56176 31
56148 56175 6
56173 56182 46
56187 56236 204
56195 56215 102
56224 56254 57
56235 56261 65
56236 56285 257
56260 56289 279
56281 56300 170
56285 56287 175
56285 56298 255
56305 56330 284
56307 56344 111
56313 56326 166
56313 56331 230
56338 56347 252
56356 56395 180
56370 56412 76
56388 56390 243
56415 56425 117
56443 56479 33
56465 56504 35
56486 56500 27
56508 56537 101
56509 56521 247
56526 56538 239
56541 56589 228
56555 56560 181
56579 56592 208
56588 56629 131
56602 56610 12
56603 56611 5
56608 56654 75
56616 56633 255
56642 56677 73
56646 56665 128
56663 56675 2
56693 56732 101
56719 56724 47
56729 56737 63
56754 56801 210
56778 56819 133
56793 56830 72
56820 56824 179
56833 56853 52
56838 56877 103
56863 56906 18
56864 56875 237
56886 56910 270
56900 56912 155
56905 56916 96
56908 56911 166
56911 56921 248
56935 56979 260
56964 56992 286
56981 56994 67
57002 57010 138
57032 57074 105
57046 57081 219
57050 57061 221
57075 57110 198
57095 57126 160
57107 57139 196
57116 57131 234
57129 57146 196
57154 57180 84
57159 57186 231
57162 57202 247
57178 57206 281
57186 57232 136
57197 57206 51
57215 57250 231
57235 57274 192
57249 57293 189
57257 57281 37
57261 57277 159
57290 57309 48
57291 57323 181
57314 57358 124
57338 57355 5
57342 57349 238
57351 57398 23
57376 57398 260
57381 57406 6
57399 57411 60
57412 57459 201
57431 57464 119
57445 57465 289
57462 57468 229
57487 57499 56
57512 57547 121
57522 57549 124
57542 57582 30
57566 57609 60
57588 57602 195
57616 57661 225
57618 57620 69
57618 57664 162
57621 57634 124
57624 57645 155
57627 57631 128
57632 57666 14
57659 57703 215
57685 57698 118
57693 57741 137
57700 57736 170
57712 57725 82
57716 57725 272
57746 57755 77
57772 57808 75
57773 57817 242
57794 57817 97
57811 57823 242
57812 57853 90
57832 57857 86
57834 57864 291
57861 57900 35
57865 57902 178
57876 57899 22
57891 57925 83
57905 57914 247
57909 57918 214
57930 57937 185
57952 57964 138
57978 58023 143
57981 58006 280
58009 58018 281
58031 58041 34
58061 58094 25
58086 58091 260
58086 58106 117
58091 58107 37
58104 58147 273
58116 58141 55
58118 58152 287
58142 58168 250
58143 58185 165
58172 58222 60
58199 58231 93
58218 58219 31
58222 58234 205
58232 58239 203
58246 58272 288
58257 58297 262
58258 58261 56
58285 58316 265
58303 58313 141
58313 58322 246
58334 58372 226
58362 58384 265
58374 58423 45
58402 58448 39
58429 58432 236
58432 58433 105
58444 58486 83
58452 58475 200
58459 58485 226
58473 58500 248
58502 58533 133
58520 58565 18
58550 58572 51
58576 58589 146
58603 58624 164
58611 58616 205
58631 58659 204
58657 58704 200
58683 58691 113
58688 58720 74
58717 58722 167
58728 58734 20
58751 58791 104
58758 58793 225
58762 58789 198
58785 58812 28
58811 58839 118
58830 58876 157
58843 58879 227
58869 58872 7
58879 58909 106
58899 58925 239
58909 58944 56
58921 58947 128
58936 58951 147
58951 58958 27
58969 58985 187
58989 59031 218
59009 59016 75
59012 59035 95
59031 59078 35
59039 59044 246
59039 59041 64
59055 59085 249
59062 59093 192
59062 59067 89
59087 59118 135
59087 59118 196
59101 59103 223
59114 59130 260
59136 59161 114
59137 59159 27
59156 59205 156
59175 59200 24
59205 59233 91
59234 59269 76
59240 59273 30
59262 59277 164
59263 59297 16
59291 59332 229
59307 59319 4
59337 59345 60
59357 59390 157
59383 59385 222
59396 59417 58
59418 59426 146
59418 59441 41
59421 59471 20
59451 59482 34
59470 59490 40
59474 59491 99
59498 59546 96
59526 59539 91
59536 59566 259
59566 59572 238
59582 59621 257
59584 59601 119
59607 59646 196
59628 59652 289
59630 59667 202
59650 59656 217
59679 59694 48
59682 59718 96
59693 59702 37
59697 59698 6
59713 59727 161
59725 59756 237
59730 59740 259
59745 59781 26
59746 59789 50
59771 59792 279
59772 59783 212
59802 59839 202
59828 59874 251
59843 59879 194
59854 59901 71
59873 59905 51
59901 59951 70
59914 59939 245
59924 59966 134
59937 59986 132
59939 59940 227
59954 59973 56
59964 59971 210
59979 59999 231
60003 60017 1
60016 60020 265
60040 60077 32
60045 60074 232
60053 60078 289
60073 60116 82
60086 60126 211
60087 60111 136
60108 60135 179
60113 60144 82
60113 60123 189
60138 60186 186
60166 60210 230
60180 60227 79
60193 60232 32
60198 60225 92
60211 60257 279
60234 60277 186
60241 60265 261
60263 60312 34
60290 60339 261
60320 60339 53
60340 60352 99
60344 60358 109
60359 60394 40
60370 60401 200
60383 60393 106
60397 60443 297
60419 60427 216
60437 60462 253
60447 60458 18
60452 60467 128
60474 60507 245
60501 60545 198
60513 60524 288
60542 60561 35
60547 60585 262
60562 60587 45
60591 60615 266
60597 60607 24
60601 60651 65
60630 60646 243
60657 60664 50
60670 60691 123
60676 60678 86
60689 60733 48
60703 60705 144
60720 60747 260
60745 60782 114
60750 60755 39
60760 60777 130
60766 60788 160
60789 60809 8
60814 60847 282
60827 60876 193
60844 60890 294
60865 60900 66
60888 60919 205
60907 60950 52
60930 60950 45
60949 60960 156
60972 61020 294
60981 60999 275
61005 61044 280
61009 61049 215
61013 61061 289
61016 61066 45
61034 61057 123
61048 61076 200
61072 61089 176
61098 61140 292
61127 61164 11
61157 61181 261
61168 61209 265
61177 61209 44
61194 61237 178
61207 61230 82
61217 61261 278
61247 61288 262
61257 61299 120
61282 61301 81
61282 61299 240
61312 61358 192
61335 61338 12
61350 61399 266
61378 61414 93
61378 61379 229
61405 61426 289
61410 61441 82
61418 61466 268
61418 61421 257
61445 61491 277
61466 61487 19
61476 61493 21
61497 61510 197
61500 61540 224
61526 61574 100
61536 61565 89
61558 61578 222
61581 61588 13
61596 61602 153
61601 61638 180
61618 61649 89
61618 61629 182
61632 61650 19
61645 61684 225
61670 61681 182
61699 61704 2
61722 61739 289
61738 61780 67
61766 61781 80
61788 61813 132
61810 61856 17
61811 61830 233
61823 61862 52
61830 61847 114
61830 61876 272
61836 61877 121
61854 61874 71
61868 61908 167
61890 61937 39
61903 61942 50
61911 61915 101
61936 61942 145
61940 61950 288
61961 61992 6
61965 61966 277
61965 62002 46
61968 62000 108
61998 62041 166
62016 62026 13
62021 62053 59
62021 62051 270
62042 62087 107
62061 62089 287
62083 62097 169
62101 62146 275
62108 62123 179
62136 62164 84
62153 62190 79
62175 62225 174
62191 62222 71
62218 62234 278
62225 62251 165
62232 62239 226
62254 62277 73
62269 62306 165
62294 62306 89
62295 62327 268
62322 62368 36
62351 62371 96
62373 62390 205
62387 62431 78
62413 62423 197
62418 62429 193
62422 62437 106
62438 62479 63
62466 62514 231
62472 62510 43
62490 62520 2
62508 62558 132
62519 62550 112
62534 62580 286
62558 62593 17
62564 62590 238
62568 62606 36
62593 62634 79
62606 62628 234
62613 62663 100
62621 62626 283
62637 62666 129
62650 62675 81
62666 62690 169
62678 62700 30
62700 62713 67
62704 62742 188
62729 62731 121
62741 62778 207
62770 62785 181
62774 62809 298
62796 62842 224
62816 62857 227
62821 62840 84
62829 62859 72
62846 62889 221
62865 62906 300
62882 62906 184
62884 62931 287
62911 62936 248
62940 62951 254
62950 62989 86
62966 62970 70
62973 62997 177
62991 63005 265
62991 62994 286
63006 63039 92
63011 63032 58
63019 63028 230
63048 63064 237
63074 63090 276
63075 63076 29
63083 63120 15
63110 63120 103
63118 63146 189
63138 63149 242
63158 63170 246
63178 63209 250
63183 63192 25
63207 63213 192
63215 63263 17
63219 63244 51
63247 63289 181
63253 63294 256
63271 63273 212
63274 63290 130
63300 63331 178
63303 63317 139
63303 63348 265
63305 63313 254
63329 63373 18
63346 63395 57
63352 63359 83
63364 63400 94
63366 63376 70
63387 63390 234
63410 63453 79
63434 63477 155
63450 63459 154
63469 63512 202
63497 63508 74
63498 63503 4
63505 63538 246
63508 63510 96
63519 63568 249
63529 63566 286
63545 63578 228
63575 63585 104
63596 63600 190
63621 63635 79
63624 63659 94
63630 63633 71
63639 63658 36
63664 63680 260
63666 63696 91
63691 63741 63
63694 63718 79
63699 63705 146
63724 63754 215
63729 63749 128
63756 63806 7
63784 63798 118
63804 63813 288
63815 63820 212
63845 63846 227
63864 63866 63
63877 63911 95
63893 63911 278
63899 63917 11
63900 63922 249
63917 63932 170
63939 63944 14
63961 64010 236
63982 63986 244
64000 64014 149
64029 64045 182
64046 64091 174
64076 64081 109
64090 64138 214
64102 64111 57
64119 64154 257
64127 64146 297
64138 64141 16
64146 64164 161
64170 64218 148
64184 64221 286
64201 64244 270
64208 64219 123
64216 64249 1
64238 64243 93
64265 64273 207
64273 64290 17
64287 64306 44
64288 64301 216
64306 64339 265
64317 64362 249
64340 64360 273
64347 64386 156
64351 64374 142
64378 64383 96
64402 64416 3
64418 64425 42
64421 64424 261
64449 64473 208
64457 64497 236
64462 64488 271
64468 64486 44
64471 64495 35
64496 64528 273
64521 64547 19
64547 64596 9
64564 64571 10
64580 64616 161
64596 64597 117
64622 64631 53
64630 64673 243
64644 64680 265
64662 64663 3
64675 64713 98
64700 64706 154
64720 64765 142
64725 64747 217
64726 64751 69
64750 64769 102
64762 64798 260
64787 64831 109
64792 64801 82
64796 64833 72
64808 64814 19
64820 64843 279
64827 64855 13
64840 64877 45
64859 64907 5
64868 64918 64
64871 64890 206
64876 64917 17
64885 64934 157
64887 64903 272
64898 64911 57
64904 64922 287
64919 64960 152
64929 64937 20
64957 65002 85
64985 64992 175
64988 65009 93
65003 65005 198
65029 65066 122
65032 65065 85
65035 65068 142
65060 65069 194
65075 65091 20
65100 65120 267
65102 65118 30
65112 65121 221
65112 65154 68
65128 65133 78
65155 65174 18
65169 65203 8
65197 65228 216
65218 65268 209
65235 65278 183
65252 65302 193
65260 65264 246
65263 65270 108
65266 65277 48
65294 65319 89
65315 65339 15
65339 65385 49
65351 65401 96
65352 65367 218
65353 65373 290
65356 65377 11
65377 65404 159
65378 65419 131
65397 65419 240
65415 65428 183
65426 65466 122
65430 65446 170
65448 65456 76
65458 65503 53
65472 65522 48
65492 65522 225
65516 65547 210
65539 65575 90
65552 65575 95
65567 65605 241
65588 65632 255
65593 65619 174
65607 65617 86
65629 65649 126
65634 65645 209
65640 65684 128
65662 65704 213
65678 65711 39
65681 65718 247
65706 65742 124
65709 65758 279
65724 65772 226
65735 65741 276
65763 65800 299
65770 65805 27
65778 65814 7
65791 65832 46
65810 65811 222
65825 65839 286
65848 65855 99
65865 65899 144
65880 65923 74
65908 65913 234
65912 65947 40
65933 65978 104
65957 65982 228
65966 65968 224
65981 66023 292
65998 66022 250
66010 66030 145
66028 66051 46
66031 66080 70
66058 66067 248
66058 66074 127
66085 66088 38
66111 66113 15
66120 66124 258
66128 66141 118
66143 66152 236
66166 66205 262
66174 66177 39
66201 66247 33
66228 66250 4
66251 66260 75
66268 66299 154
66277 66307 92
66295 66331 104
66318 66362 208
66325 66369 114
66345 66346 198
66359 66376 148
66369 66412 279
66384 66411 196
66410 66418 5
66438 66460 124
66466 66507 80
66477 66527 203
66480 66507 192
66493 66504 37
66523 66562 285
66524 66571 96
66532 66546 34
66546 66584 74
66551 66555 260
66577 66626 252
66601 66649 238
66615 66625 192
66633 66655 2
66640 66659 28
66645 66654 13
66670 66713 18
66688 66711 147
66696 66731 40
66710 66744 43
66724 66774 111
66730 66780 217
66733 66767 274
66759 66771 108
66785 66815 8
66794 66795 199
66802 66837 217
66816 66862 178
66834 66878 47
66855 66904 123
66882 66925 286
66902 66943 295
66923 66935 84
66924 66928 297
66947 66966 99
66947 66979 290
66952 66988 235
66969 66991 43
66980 67008 179
67003 67019 124
67024 67057 31
67047 67052 182
67047 67091 125
67055 67089 94
67062 67094 67
67071 67078 220
67083 67122 202
67083 67099 121
67105 67121 14
67121 67144 117
67126 67138 251
67128 67147 185
67151 67180 42
67161 67189 210
67164 67189 244
67178 67227 258
67202 67251 172
67214 67257 281
67232 67239 46
67240 67274 209
67256 67272 201
67284 67317 26
67284 67304 2
67299 67318 14
67312 67361 47
67315 67326 126
67329 67355 104
67332 67362 180
67350 67356 74
67377 67417 77
67381 67392 4
67405 67441 265
67414 67429 157
67435 67483 176
67446 67452 111
67463 67512 196
67482 67529 182
67509 67550 210
67532 67556 279
67543 67548 210
67573 67612 239
67590 67611 73
67597 67639 199
67603 67651 180
67614 67618 23
67627 67670 159
67636 67685 104
67649 67663 62
67665 67683 266
67675 67693 15
67691 67693 179
67697 67710 26
67716 67724 79
67739 67743 49
67761 67790 172
67780 67793 172
67780 67798 110
67805 67830 107
67829 67865 98
67855 67860 26
67866 67875 101
67895 67912 120
67909 67933 191
67920 67945 42
67948 67985 77
67971 67989 223
67978 68028 241
68005 68055 156
68009 68040 52
68029 68078 292
68032 68037 162
68041 68073 147
68065 68093 217
68087 68108 23
68096 68102 17
68122 68136 201
68148 68150 246
68161 68193 13
68173 68217 195
68202 68242 37
68205 68231 281
68231 68270 40
68231 68247 28
68255 68258 190
68264 68309 268
68290 68329 79
68294 68312 43
68296 68314 265
68322 68363 272
68328 68363 58
68357 68400 123
68370 68406 127
68384 68389 27
68388 68411 124
68416 68432 271
68418 68445 214
68418 68463 278
68420 68440 119
68440 68457 132
68454 68502 176
68472 68517 188
68489 68510 267
68490 68500 109
68512 68532 254
68533 68571 149
68558 68573 225
68571 68607 28
68586 68632 268
68588 68607 59
68604 68647 60
68634 68674 7
68660 68664 164
68663 68712 131
68687 68708 219
68699 68734 140
68705 68721 187
68731 68781 292
68744 68766 272
68769 68783 97
68788 68797 95
68814 68862 245
68837 68866 178
68838 68849 68
68845 68885 175
68860 68899 216
68886 68909 251
68900 68913 154
68919 68930 124
68926 68944 38
68945 68952 212
68957 68986 259
68987 69030 153
68998 69021 145
69008 69011 219
69014 69061 179
69040 69073 288
69070 69082 27
69083 69085 242
69084 69114 187
69102 69114 253
69114 69142 19
69124 69159 137
69144 69168 187
69173 69183 177
69176 69186 249
69192 69226 67
69211 69216 116
69224 69226 223
69231 69281 46
69260 69310 10
69261 69272 67
69267 69313 167
69272 69320 24
69289 69301 36
69301 69308 146
69304 69316 235
69324 69361 245
69345 69353 271
69346 69376 174
69375 69391 94
69376 69413 45
69395 69418 193
69399 69409 230
69401 69428 177
69424 69465 177
69436 69480 160
69451 69486 38
69474 69522 297
69490 69533 128
69505 69507 31
69506 69539 37
69509 69537 299
69523 69549 19
69542 69553 298
69547 69553 133
69571 69582 94
69587 69632 166
69589 69624 136
69606 69640 52
69618 69667 2
69638 69686 7
69644 69660 68
69666 69700 235
69695 69726 89
69695 69742 239
69714 69728 191
69734 69735 68
69764 69810 192
69789 69833 59
69800 69835 201
69826 69852 202
69852 69866 296
69872 69887 140
69877 69927 260
69880 69890 145
69895 69934 177
69899 69935 191
69914 69931 291
69933 69951 72
69954 69962 29
69972 70012 98
69984 70012 54
70007 70013 31
70013 70014 100
70024 70052 96
70032 70080 205
70042 70047 232
70061 70071 115
70087 70127 199
70095 70130 8
70101 70123 202
70128 70149 185
70132 70179 173
70137 70176 109
70137 70183 281
70157 70173 251
70172 70188 278
70185 70194 93
70188 70217 291
70188 70227 105
70207 70251 165
70209 70215 184
70215 70231 34
70231 70237 129
70253 70292 288
70263 70279 176
70264 70274 197
70292 70339 160
70296 70345 277
70323 70344 179
70342 70343 148
70351 70392 132
70364 70391 135
70365 70371 75
70390 70416 220
70407 70410 182
70411 70433 296
70440 70468 195
70448 70492 130
70475 70495 96
70486 70523 67
70516 70544 221
70532 70558 238
70541 70587 26
70544 70590 220
70548 70588 123
70577 70598 109
70583 70633 9
70587 70620 258
70594 70631 75
70607 70643 165
70633 70639 14
70643 70661 13
70661 70685 136
70675 70697 58
70688 70711 59
70713 70714 54
70727 70775 160
70733 70743 12
70738 70783 59
70754 70790 93
70782 70802 35
70812 70852 44
70817 70829 186
70845 70881 199
70867 70894 154
70896 70904 11
70916 70949 36
70936 70958 108
70944 70977 209
70972 71008 23
70987 70991 81
70995 71020 113
71003 71022 293
71018 71038 261
71018 71035 212
71024 71038 221
71044 71084 128
71069 71117 256
71092 71114 138
71096 71110 168
71102 71143 212
71119 71147 66
71135 71143 35
71151 71154 243
71165 71180 82
71175 71196 16
71199 71212 83
71222 71250 104
71248 71253 98
71261 71266 144
71275 71294 149
71286 71321 5
71297 71311 278
71323 71362 106
71345 71395 106
71365 71386 79
71374 71406 141
71381 71398 156
71408 71415 127
71419 71435 30
71437 71450 201
71463 71513 13
71466 71489 259
71479 71512 58
71484 71501 131
71497 71501 228
71517 71562 284
71533 71576 102
71557 71588 219
71565 71600 76
71568 71572 211
71588 71637 77
71615 71642 87
71622 71650 56
71634 71663 101
71653 71682 60
71668 71696 141
71677 71681 23
71686 71690 65
71704 71744 35
71728 71775 29
71754 71775 125
71756 71767 255
71766 71785 18
71787 71834 120
71788 71824 285
71812 71829 92
71831 71839 127
71838 71886 210
71857 71884 137
71861 71910 5
71880 71900 246
71891 71895 112
71913 71955 274
71913 71928 34
71916 71933 288
71943 71954 35
71949 71973 63
71957 71968 154
71974 72019 247
71993 72028 222
72013 72036 12
72015 72036 293
72018 72031 113
72021 72057 163
72046 72061 68
72061 72077 92
72073 72082 232
72073 72115 61
72083 72098 201
72104 72150 210
72106 72117 290
72121 72128 236
72147 72154 200
72175 72188 49
72187 72206 292
72188 72213 12
72199 72247 40
72202 72235 253
72213 72234 61
72230 72269 215
72254 72301 281
72277 72325 128
72285 72316 150
72315 72319 24
72316 72321 32
72321 72338 207
72332 72333 85
72337 72371 204
72364 72373 129
72387 72407 226
72397 72440 63
72409 72416 81
72415 72421 152
72435 72471 54
72447 72482 68
72467 72498 182
72495 72529 274
72512 72526 221
72542 72550 18
72543 72560 98
72569 72604 70
72593 72638 212
72596 72600 155
72599 72645 59
72617 72639 249
72634 72675 123
72653 72677 100
72678 72714 127
72680 72694 293
72700 72723 281
72711 72742 255
72721 72743 80
72739 72785 38
72749 72790 90
72759 72763 297
72763 72786 226
72773 72791 183
72783 72795 110
72792 72819 104
72817 72861 32
72843 72845 272
72858 72900 187
72869 72875 48
72896 72929 280
72906 72907 201
72907 72935 210
72928 72965 233
72941 72955 54
72953 72972 149
72956 73006 128
72981 73017 40
73008 73037 152
73022 73072 206
73032 73051 120
73045 73057 7
73048 73077 127
73068 73073 48
73091 73106 144
73096 73124 197
73110 73150 227
73131 73170 45
73144 73169 221
73156 73192 90
73170 73207 216
73179 73205 273
73201 73212 59
73219 73252 270
73238 73256 138
73254 73281 218
73263 73297 248
73280 73289 121
73298 73324 91
73298 73313 110
73309 73345 86
73333 73356 45
73346 73364 40
73359 73361 26
73386 73417 111
73405 73421 159
73418 73419 170
73446 73482 89
73450 73493 131
73479 73508 101
73486 73525 122
73494 73511 53
73521 73529 48
73548 73564 33
73576 73596 245
73582 73603 242
73612 73654 50
73613 73644 203
73643 73673 267
73664 73702 91
73667 73684 211
73685 73729 135
73702 73750 127
73702 73712 151
73721 73752 235
73748 73754 181
73749 73779 106
73765 73772 38
73772 73791 240
73790 73809 147
73795 73805 90
73815 73818 24
73830 73840 291
73848 73856 45
73864 73866 16
73885 73905 5
73902 73919 28
73927 73972 281
73928 73978 254
73952 73989 286
73970 73987 34
73972 73977 42
74002 74049 230
74021 74047 127
74036 74041 149
74050 74078 94
74071 74081 3
74083 74125 86
74107 74113 172
74130 74158 138
74157 74182 156
74174 74186 56
74177 74200 35
74183 74217 254
74191 74222 250
74211 74256 273
74219 74240 273
74226 74235 49
74251 74288 272
74258 74295 92
74285 74300 46
74312 74344 21
74323 74334 238
74345 74361 38
74360 74384 215
74381 74393 293
74381 74402 113
74389 74434 250
74406 74449 46
74434 74464 222
74444 74482 64
74462 74495 121
74485 74497 150
74513 74563 22
74534 74554 11
74563 74565 123
74587 74621 12
74598 74621 114
74618 74649 165
74633 74642 21
74659 74703 5
74673 74692 137
74677 74696 194
74682 74700 28
74685 74686 116
74709 74744 56
74716 74746 244
74727 74772 283
74742 74759 51
74766 74774 159
74768 74818 227
74798 74808 227
74804 74854 192
74833 74834 48
74856 74866 162
74858 74901 162
74886 74889 153
74901 74913 67
74908 74929 231
74934 74956 121
74948 74975 85
74948 74996 100
74978 74986 41
74981 74996 170
75003 75028 42
75026 75058 136
75030 75072 51
75033 75078 290
75044 75045 209
75046 75096 261
75071 75108 221
75071 75093 85
75077 75124 39
75097 75131 226
75118 75161 230
75132 75163 50
75158 75166 278
75164 75203 57
75170 75186 143
75172 75174 170
75173 75218 99
75194 75202 274
75205 75221 121
75214 75247 234
75234 75255 57
75236 75240 189
75264 75306 277
75284 75287 293
75297 75316 205
75305 75346 190
