5000
16 63 298
39 61 64
43 54 248
53 83 140
77 115 300
95 130 283
102 123 258
104 108 18
126 140 82
140 153 186
156 165 196
183 204 300
206 238 2
214 241 166
216 230 180
219 259 259
228 275 204
247 276 239
269 314 178
282 329 207
311 333 268
316 333 242
325 370 187
332 336 62
341 366 94
354 396 75
355 389 194
368 397 94
395 398 100
424 439 242
427 463 112
452 473 276
470 490 119
487 535 24
507 534 13
516 527 50
545 587 126
560 608 84
584 605 165
605 617 149
610 656 50
629 649 59
633 639 76
637 670 293
652 668 194
670 706 237
685 727 49
699 718 147
704 714 230
717 754 176
724 770 276
745 795 152
759 771 208
774 821 133
786 799 267
797 803 135
804 850 85
811 859 246
815 817 267
829 831 254
855 859 15
870 908 48
890 894 167
891 925 181
915 956 224
940 979 203
949 953 34
958 1006 269
975 1008 234
979 1014 110
984 1032 239
986 1033 217
986 1035 163
1005 1054 56
1020 1053 289
1034 1051 128
1034 1065 275
1052 1054 63
1067 1071 1
1097 1108 175
1114 1137 232
1139 1143 140
1145 1153 270
1156 1168 158
1166 1216 282
1177 1208 134
1190 1203 169
1196 1197 94
1200 1247 69
1206 1249 190
1235 1282 26
1265 1302 93
1281 1293 248
1301 1333 169
1306 1318 280
1314 1342 252
1319 1326 229
1324 1328 96
1337 1381 22
1348 1351 33
1376 1406 239
1391 1398 245
1396 1423 187
1414 1425 90
1424 1454 137
1434 1437 190
1456 1486 80
1480 1498 219
1482 1530 187
1501 1527 140
1523 1558 58
1532 1578 183
1557 1569 205
1577 1608 106
1594 1632 111
1609 1631 174
1611 1635 269
1622 1670 58
1650 1673 98
1662 1679 169
1685 1715 67
1714 1742 68
1716 1762 35
1735 1783 10
1764 1780 85
1787 1833 256
1794 1815 253
1797 1842 44
1810 1824 20
1819 1854 10
1841 1881 88
1864 1874 100
1877 1914 162
1900 1948 263
1904 1916 23
1923 1939 84
1953 1966 82
1963 1967 3
1988 1993 20
1988 2001 220
2001 2028 142
2006 2052 126
2015 2054 23
2033 2072 260
2061 2103 91
2065 2090 261
2095 2140 212
2103 2151 236
2118 2121 160
2148 2195 196
2169 2193 46
2175 2207 155
2204 2235 132
2223 2251 99
2247 2271 69
2247 2278 227
2264 2307 163
2267 2288 260
2277 2288 255
2291 2307 161
2292 2339 214
2313 2349 220
2327 2359 63
2334 2372 189
2338 2353 17
2368 2411 7
2375 2407 232
2392 2409 205
2420 2437 216
2436 2463 86
2439 2464 208
2463 2496 37
2484 2507 183
2488 2512 9
2510 2540 283
2513 2557 213
2531 2576 196
2558 2593 210
2568 2569 287
2596 2622 272
2608 2610 219
2623 2656 247
2645 2656 129
2656 2690 64
2668 2671 204
2684 2703 18
2700 2726 297
2722 2763 174
2752 2769 123
2777 2778 211
2798 2832 199
2808 2843 1
2808 2819 7
2832 2864 78
2848 2890 249
2858 2902 292
2859 2865 214
2869 2891 173
2876 2915 220
2904 2915 176
2926 2948 266
2954 2994 121
2968 3000 168
2981 2982 225
2991 2997 44
3013 3023 285
3026 3030 263
3043 3046 285
3051 3091 210
3057 3105 30
3068 3090 275
3082 3096 257
3091 3140 95
3099 3129 153
3123 3150 241
3150 3168 248
3169 3194 195
3193 3210 214
3223 3239 287
3224 3273 257
3246 3286 102
3266 3301 280
3278 3308 50
3287 3330 19
3291 3340 83
3305 3328 195
3317 3361 86
3342 3360 97
3344 3376 91
3345 3371 25
3346 3366 162
3372 3382 19
3399 3427 187
3415 3426 265
3445 3482 241
3463 3493 210
3476 3492 95
3502 3505 127
3526 3549 223
3549 3574 109
3574 3601 10
3599 3608 139
3629 3675 31
3639 3682 279
3648 3654 279
3652 3677 163
3660 3696 253
3670 3688 139
3694 3714 287
3705 3721 289
3722 3723 151
3746 3752 126
3763 3792 291
3785 3815 149
3803 3830 252
3832 3868 140
3841 3880 227
3847 3868 42
3857 3895 227
3885 3886 40
3891 3940 142
3921 3934 67
3934 3966 100
3947 3950 135
3964 4001 45
3970 3993 29
3980 3985 254
4005 4044 199
4025 4060 246
4033 4066 36
4033 4046 191
4038 4058 293
4040 4074 163
4068 4107 297
4090 4099 192
4101 4107 267
4114 4125 272
4130 4141 241
4149 4199 94
4160 4179 80
4176 4223 187
4189 4223 97
4217 4259 91
4221 4269 282
4239 4256 192
4241 4273 175
4251 4296 297
4265 4287 103
4265 4267 98
4273 4313 170
4281 4317 22
4290 4303 224
4301 4316 138
4331 4368 130
4335 4349 271
4358 4368 68
4363 4403 12
4367 4376 160
4371 4392 279
4374 4380 141
4380 4401 20
4392 4437 282
4401 4418 7
4416 4442 154
4438 4443 274
4463 4474 264
4487 4533 46
4487 4529 185
4515 4561 236
4522 4570 52
4522 4550 260
4552 4558 55
4567 4590 59
4586 4628 275
4606 4634 228
4636 4682 64
4649 4666 155
4676 4700 176
4703 4726 211
4725 4728 281
4748 4754 225
4767 4791 297
4791 4838 1
4817 4852 87
4832 4864 85
4861 4896 7
4885 4900 258
4902 4917 225
4931 4968 143
4947 4983 266
4954 4996 236
4983 5028 107
4987 5019 214
5007 5035 87
5018 5028 269
5021 5029 145
5026 5072 217
5051 5080 262
5051 5077 65
5076 5105 264
5084 5107 28
5106 5109 280
5107 5121 149
5135 5166 150
5140 5151 248
5140 5152 107
5153 5175 129
5161 5208 209
5183 5188 102
5203 5240 270
5233 5244 158
5239 5267 182
5246 5257 211
5250 5282 250
5254 5299 93
5262 5294 293
5292 5341 154
5313 5344 18
5326 5330 1
5328 5339 200
5344 5354 127
5357 5384 97
5357 5361 208
5377 5414 203
5391 5426 107
5408 5412 285
5428 5459 244
5431 5436 146
5461 5481 35
5491 5539 269
5511 5561 230
5541 5551 179
5553 5595 73
5573 5615 51
5600 5632 124
5614 5654 101
5642 5653 187
5668 5675 246
5677 5698 250
5706 5728 174
5734 5735 23
5756 5781 198
5776 5788 56
5785 5795 127
5812 5855 80
5841 5853 59
5861 5863 273
5871 5891 239
5877 5923 21
5894 5942 155
5897 5913 29
5899 5909 54
5917 5966 160
5919 5933 248
5920 5939 299
5920 5921 159
5928 5929 117
5955 5983 189
5968 5984 120
5980 6001 62
5987 6001 68
6006 6010 204
6018 6051 59
6034 6071 121
6051 6083 58
6065 6084 13
6086 6100 157
6104 6133 53
6110 6135 60
6117 6124 236
6130 6175 278
6153 6200 94
6170 6220 119
6190 6224 97
6216 6235 181
6220 6233 300
6250 6261 272
6256 6286 244
6272 6314 63
6301 6307 38
6322 6371 16
6349 6362 229
6360 6408 179
6369 6408 19
6369 6405 12
6386 6436 211
6406 6407 249
6416 6428 228
6423 6426 110
6450 6481 233
6479 6495 70
6493 6534 20
6522 6553 214
6538 6540 66
6563 6574 281
6585 6608 69
6588 6613 1
6589 6623 157
6604 6632 237
6634 6662 11
6657 6702 198
6677 6705 239
6700 6712 225
6707 6734 7
6707 6737 297
6713 6724 103
6729 6772 146
6735 6762 212
6762 6809 76
6771 6798 256
6796 6818 104
6816 6864 102
6845 6858 195
6852 6868 64
6860 6899 155
6872 6902 290
6878 6889 256
6878 6927 72
6893 6919 82
6905 6909 145
6915 6957 218
6938 6945 243
6949 6971 236
6956 6985 291
6957 6978 203
6985 7019 286
6986 7011 52
7010 7042 221
7026 7065 52
7029 7039 119
7029 7069 156
7048 7073 146
7072 7074 146
7097 7107 25
7119 7167 11
7128 7133 79
7137 7170 240
7146 7147 159
7175 7198 218
7191 7234 272
7199 7213 52
7217 7267 189
7237 7241 19
7267 7283 208
7268 7281 95
7286 7296 182
7286 7336 285
7315 7341 236
7323 7371 191
7340 7377 294
7344 7352 35
7365 7404 127
7386 7404 8
7392 7397 214
7407 7428 37
7426 7458 115
7451 7476 191
7467 7471 62
7470 7485 220
7484 7531 233
7507 7525 278
7523 7541 88
7531 7573 183
7540 7590 95
7564 7613 94
7582 7601 283
7598 7623 188
7598 7635 223
7611 7658 220
7636 7675 103
7654 7702 63
7667 7684 8
7680 7724 80
7687 7731 297
7687 7728 68
7700 7701 182
7710 7741 57
7734 7766 107
7740 7744 187
7758 7805 84
7780 7790 291
7807 7829 27
7813 7849 142
7814 7822 53
7818 7838 181
7846 7885 230
7847 7865 244
7872 7875 210
7898 7904 14
7899 7947 252
7909 7948 253
7928 7949 38
7941 7963 25
7950 7966 222
7950 8000 55
7964 8009 293
7980 8018 40
8001 8009 37
8016 8024 11
8026 8039 96
8052 8056 127
8073 8112 205
8089 8114 163
8104 8131 276
8125 8151 146
8154 8187 11
8162 8174 296
8192 8218 144
8200 8238 285
8224 8253 21
8254 8270 42
8264 8271 55
8274 8280 124
8283 8329 44
8287 8324 290
8295 8296 284
8317 8360 47
8336 8382 234
8347 8379 168
8356 8406 93
8373 8418 54
8388 8402 82
8413 8456 285
8415 8463 23
8415 8425 84
8428 8437 171
8457 8480 271
8476 8490 256
8489 8527 129
8512 8527 27
8512 8531 228
8525 8533 173
8548 8556 170
8555 8577 159
8570 8601 257
8586 8617 78
8603 8618 133
8622 8669 117
8624 8643 191
8653 8703 168
8655 8696 282
8673 8701 15
8698 8738 166
8716 8760 211
8735 8755 150
8751 8778 117
8754 8783 89
8780 8795 190
8800 8837 234
8804 8852 23
8805 8827 199
8814 8817 168
8842 8847 174
8872 8877 228
8895 8936 58
8902 8932 39
8922 8928 79
8931 8973 256
8934 8981 143
8944 8979 120
8968 9007 159
8970 9015 100
8985 9031 287
9014 9047 40
9031 9077 141
9031 9069 12
9045 9056 17
9050 9080 188
9061 9070 95
9069 9108 131
9085 9120 208
9114 9135 236
9137 9155 111
9142 9166 287
9153 9167 24
9161 9210 159
9166 9213 97
9167 9180 200
9186 9214 94
9212 9215 44
9221 9258 83
9235 9258 282
9259 9303 282
9279 9290 144
9307 9315 286
9329 9344 298
9344 9355 245
9357 9371 123
9363 9385 30
9384 9432 185
9399 9406 119
9414 9426 267
9436 9473 59
9437 9480 6
9440 9485 98
9464 9507 52
9491 9508 273
9500 9522 238
9517 9519 227
9532 9569 122
9552 9561 67
9581 9611 258
9607 9657 154
9636 9686 121
9645 9653 134
9666 9669 146
9682 9714 71
9710 9746 34
9713 9733 82
9743 9755 242
9768 9784 109
9790 9812 223
9799 9843 262
9823 9839 104
9848 9854 268
9874 9905 287
9880 9893 168
9888 9891 20
9899 9935 171
9912 9962 200
9918 9959 239
9946 9980 125
9973 9997 45
10001 10043 179
10009 10055 116
10012 10054 299
10015 10030 164
10034 10084 95
10064 10096 267
10088 10115 149
10118 10120 25
10146 10161 34
10147 10180 5
10158 10180 134
10159 10189 33
10163 10198 126
10166 10195 70
10189 10221 98
10216 10263 279
10242 10247 51
10263 10307 32
10291 10330 116
10317 10363 85
10325 10327 260
10327 10354 56
10340 10363 236
10340 10341 193
10349 10368 260
10358 10381 134
10379 10414 287
10408 10413 37
10435 10436 6
10455 10469 97
10478 10511 86
10486 10501 55
10514 10555 55
10518 10539 274
10542 10555 127
10557 10603 69
10576 10619 192
10588 10610 45
10597 10606 47
10605 10611 277
10616 10642 290
10632 10682 227
10655 10658 150
10678 10696 60
10694 10713 206
10705 10730 165
10735 10773 115
10749 10771 85
10767 10807 134
10786 10817 239
10806 10829 30
10836 10884 13
10853 10883 237
10880 10915 93
10890 10909 275
10910 10926 256
10932 10975 159
10940 10963 210
10940 10987 176
10941 10973 195
10948 10956 95
10974 11014 291
11001 11051 199
11010 11039 214
11039 11088 280
11069 11084 270
11080 11118 234
11104 11119 287
11132 11178 182
11145 11181 222
11146 11166 173
11156 11189 43
11161 11207 221
11185 11227 211
11192 11196 187
11192 11242 162
11198 11208 146
11199 11248 296
11214 11252 185
11214 11232 108
11227 11230 300
11235 11264 152
11235 11255 203
11265 11311 137
11286 11305 52
11312 11319 89
11325 11374 237
11337 11364 5
11345 11348 54
11356 11383 295
11383 11394 46
11387 11420 79
11414 11459 116
11431 11441 164
11456 11462 210
11486 11529 210
11516 11555 197
11528 11570 116
11535 11547 2
11562 11571 233
11582 11618 228
11584 11634 165
11596 11628 295
11617 11636 203
11624 11632 282
11632 11660 204
11648 11681 233
11662 11679 215
11665 11682 56
11680 11701 49
11688 11689 272
11714 11715 28
11734 11746 54
11760 11799 124
11768 11787 85
11776 11803 241
11777 11781 103
11792 11810 238
11819 11856 9
11821 11837 110
11830 11838 204
11843 11884 34
11843 11849 297
11853 11891 31
11881 11891 236
11885 11913 279
11892 11901 146
11908 11935 176
11908 11934 273
11915 11941 53
11920 11970 120
11948 11970 43
11962 11979 150
11988 12007 179
12007 12020 165
12007 12030 248
12033 12041 184
12039 12077 255
12067 12101 116
12073 12103 86
12097 12133 138
12120 12135 44
12136 12140 251
12146 12168 168
12173 12194 225
12183 12209 220
12186 12202 63
12190 12214 262
12198 12225 229
12225 12244 177
12239 12262 56
12242 12250 206
12263 12271 117
12272 12297 232
12296 12317 224
12305 12314 293
12316 12320 117
12341 12355 259
12358 12389 137
12360 12368 259
12370 12412 44
12379 12384 70
12407 12430 248
12432 12445 167
12444 12445 51
12469 12510 272
12472 12515 123
12482 12505 40
12488 12514 11
12494 12507 125
12503 12519 253
12515 12559 103
12525 12535 18
12555 12564 24
12564 12585 89
12586 12629 191
12604 12646 162
12626 12634 228
12633 12642 155
12643 12646 16
12663 12710 132
12679 12685 231
12685 12707 181
12696 12718 61
12721 12738 244
12747 12795 298
12771 12782 14
12786 12835 98
12794 12799 176
12815 12831 147
12832 12867 121
12835 12838 55
12847 12888 262
12865 12915 82
12880 12929 293
12905 12912 194
12922 12971 256
12923 12955 291
12950 12963 36
12977 12987 189
12981 12984 196
13006 13023 203
13007 13029 190
13016 13020 173
13041 13057 182
13063 13090 104
13064 13112 104
13084 13107 296
13098 13129 42
13104 13119 195
13133 13175 184
13163 13187 205
13172 13199 93
13202 13233 216
13217 13238 107
13225 13273 7
13233 13241 169
13254 13259 269
13273 13274 67
13292 13298 260
13302 13309 120
13321 13345 106
13323 13331 228
13324 13366 175
13339 13346 280
13346 13381 178
13352 13367 271
13363 13387 62
13368 13380 288
13379 13413 96
13392 13396 167
13404 13412 164
13410 13424 97
13421 13456 50
13429 13442 144
13441 13448 152
13459 13470 290
13475 13514 88
13494 13511 175
13502 13512 175
13512 13540 162
13523 13564 131
13548 13592 13
13566 13581 31
13594 13607 36
13608 13613 91
13638 13688 58
13644 13652 191
13645 13648 230
13670 13678 222
13677 13688 229
13706 13751 188
13731 13741 191
13757 13777 154
13778 13790 40
13801 13841 172
13827 13848 46
13835 13864 90
13850 13878 164
13872 13921 151
13885 13917 143
13903 13924 130
13923 13947 283
13947 13988 246
13956 13998 132
13969 14003 7
13992 13997 31
13996 14024 298
14012 14046 108
14014 14015 222
14030 14080 153
14037 14083 106
14038 14070 68
14065 14106 228
14070 14086 273
14093 14128 152
14110 14122 173
14135 14155 114
14164 14177 62
14182 14184 31
14185 14235 178
14198 14231 104
14202 14227 276
14226 14245 151
14249 14289 261
14268 14303 160
14297 14336 35
14314 14329 269
14320 14356 30
14344 14378 81
14365 14387 200
14387 14414 98
14412 14448 258
14426 14471 286
14432 14476 226
14438 14460 8
14449 14477 38
14475 14510 300
14505 14525 157
14527 14575 207
14542 14560 285
14572 14576 136
14585 14611 24
14597 14630 153
14611 14646 35
14618 14642 234
14647 14659 204
14670 14673 31
14691 14711 121
14710 14715 183
14726 14736 195
14736 14758 109
14744 14792 55
14749 14789 32
14754 14803 194
14764 14773 119
14790 14792 225
14792 14835 123
14807 14851 146
14810 14821 199
14818 14847 189
14819 14840 67
14843 14876 264
14863 14910 22
14865 14867 203
14879 14927 195
14894 14936 219
14922 14946 51
14945 14962 240
14953 14976 40
14982 15011 258
14983 15020 275
14990 15005 255
15010 15019 106
15020 15043 50
15031 15055 265
15048 15074 28
15062 15109 117
15091 15100 245
15108 15138 274
15112 15135 224
15118 15120 245
15146 15150 35
15157 15193 79
15183 15209 88
15183 15214 75
15210 15250 151
15230 15264 140
15238 15278 116
15242 15276 171
15262 15308 79
15289 15291 259
15314 15323 181
15332 15381 215
15355 15405 259
15368 15414 55
15376 15387 198
15404 15449 288
15432 15451 152
15435 15450 295
15458 15498 225
15461 15509 160
15463 15480 272
15465 15487 134
15495 15517 42
15514 15520 131
15530 15547 119
15534 15538 92
15534 15575 63
15562 15604 102
15566 15606 87
15588 15599 48
15603 15630 117
15621 15655 96
15644 15647 25
15666 15685 22
15671 15706 179
15697 15708 37
15709 15710 172
15735 15767 79
15757 15786 181
15770 15809 238
15784 15825 277
15814 15861 177
15819 15850 254
15834 15865 58
15854 15877 207
15866 15916 185
15884 15932 264
15911 15953 90
15940 15979 28
15949 15963 46
15955 16005 258
15984 16034 205
15999 16035 103
16027 16036 78
16047 16097 296
16062 16070 102
16070 16079 28
16090 16095 82
16120 16169 155
16122 16140 2
16130 16166 54
16157 16183 258
16168 16184 127
16186 16207 132
16200 16227 134
16208 16246 73
16235 16272 169
16241 16254 166
16267 16309 21
16267 16269 179
16294 16333 85
16317 16318 31
16323 16355 280
16328 16362 3
16355 16403 285
16380 16405 28
16409 16443 210
16436 16473 166
16452 16458 40
16462 16476 279
16470 16519 112
16474 16521 245
16502 16524 2
16521 16522 96
16549 16558 218
16551 16587 175
16567 16585 239
16579 16606 36
16596 16621 84
16609 16613 24
16637 16674 15
16666 16708 169
16696 16742 119
16716 16725 112
16726 16733 200
16756 16768 12
16769 16785 134
16783 16802 59
16784 16831 262
16793 16810 63
16793 16841 90
16813 16824 117
16839 16849 138
16866 16881 51
16880 16903 204
16893 16911 40
16893 16927 54
16904 16944 37
16912 16937 144
16934 16951 276
16934 16961 212
16945 16989 239
16955 16961 79
16976 17005 123
16988 16997 14
16998 17020 27
17016 17061 191
17042 17076 278
17068 17118 96
17085 17105 185
17108 17146 144
17135 17136 88
17163 17204 147
17166 17195 150
17166 17168 65
17187 17190 81
17213 17233 56
17219 17235 25
17229 17260 280
17233 17275 76
17239 17254 180
17260 17305 298
17285 17316 192
17312 17321 239
17312 17320 201
17323 17332 142
17344 17363 242
17368 17389 91
17388 17409 254
17411 17430 191
17440 17452 228
17442 17474 198
17455 17459 213
17466 17491 259
17475 17519 185
17496 17537 282
17499 17506 175
17502 17526 165
17509 17510 27
17538 17575 287
17546 17552 177
17555 17582 68
17563 17592 169
17593 17602 26
17605 17641 254
17608 17628 57
17638 17645 219
17640 17669 167
17662 17667 54
17662 17686 259
17684 17705 236
17692 17741 204
17704 17730 149
17706 17754 171
17715 17759 260
17723 17768 30
17734 17784 230
17741 17783 296
17746 17783 27
17762 17811 101
17776 17825 294
17805 17830 214
17827 17876 168
17832 17860 253
17839 17884 69
17868 17915 143
17874 17908 187
17884 17894 98
17885 17923 201
17896 17924 289
17920 17928 216
17928 17962 221
17943 17948 241
17949 17972 247
17952 17968 283
17977 17978 55
17995 18026 296
18005 18048 54
18012 18029 92
18040 18058 218
18041 18043 291
18058 18104 57
18076 18098 172
18083 18123 116
18108 18126 41
18128 18145 16
18146 18150 69
18162 18176 22
18169 18189 64
18188 18192 12
18202 18224 285
18224 18242 278
18231 18249 275
18243 18279 125
18248 18254 196
18249 18266 212
18274 18311 150
18285 18314 70
18303 18343 115
18306 18334 281
18334 18359 43
18352 18402 258
18380 18419 32
18393 18413 222
18418 18422 299
18426 18470 60
18432 18469 198
18462 18478 255
18466 18470 163
18473 18482 150
18478 18500 68
18499 18534 112
18522 18553 175
18546 18586 68
18562 18565 180
18585 18593 10
18612 18646 231
18626 18665 173
18627 18650 10
18630 18662 46
18656 18657 162
18661 18670 26
18676 18695 83
18681 18720 6
18683 18715 288
18702 18742 252
18709 18718 172
18723 18735 171
18747 18759 263
18758 18766 153
18779 18828 194
18788 18801 266
18797 18800 111
18807 18811 75
18820 18869 221
18835 18845 112
18846 18887 247
18861 18904 174
18875 18921 65
18887 18919 147
18894 18930 132
18918 18965 129
18928 18942 107
18951 18952 24
18965 18983 231
18982 18985 204
19009 19014 269
19016 19029 43
19028 19076 248
19028 19055 84
19050 19080 128
19073 19110 11
19099 19123 1
19110 19147 166
19120 19143 217
19126 19127 107
19153 19184 143
19171 19204 127
19177 19199 206
19195 19212 58
19225 19264 122
19252 19300 58
19264 19312 249
19279 19295 293
19309 19313 106
19324 19331 58
19339 19379 53
19359 19363 190
19372 19422 137
19390 19428 56
19390 19417 34
19394 19417 80
19395 19421 242
19418 19432 2
19431 19455 166
19437 19466 4
19465 19479 230
19480 19515 193
19498 19538 201
19526 19544 179
19543 19564 72
19573 19574 44
19590 19593 210
19593 19634 131
19610 19660 226
19622 19651 263
19629 19635 223
19646 19690 86
19672 19684 181
19690 19722 241
19700 19726 92
19711 19715 72
19732 19770 200
19735 19783 132
19755 19778 110
19785 19798 115
19793 19838 298
19812 19833 254
19839 19883 66
19846 19859 4
19864 19894 215
19887 19912 40
19917 19943 219
19921 19936 208
19924 19964 235
19953 19997 242
19974 19982 212
20003 20026 235
20014 20040 39
20020 20038 207
20033 20060 296
20059 20092 171
20088 20106 276
20109 20122 284
20124 20131 181
20150 20176 300
20165 20171 142
20188 20234 93
20188 20229 117
20217 20225 42
20239 20242 228
20257 20264 41
20274 20304 68
20298 20317 238
20317 20340 59
20332 20363 63
20347 20357 255
20370 20399 170
20388 20434 263
20410 20421 12
20421 20423 238
20432 20470 124
20447 20461 206
20472 20480 156
20493 20521 176
20498 20519 295
20512 20533 115
20537 20545 140
20562 20564 77
20563 20577 238
20592 20628 243
20602 20628 92
20607 20645 256
20635 20659 159
20661 20677 276
20681 20711 22
20706 20720 94
20718 20768 269
20748 20789 103
20765 20782 244
20768 20816 51
20783 20809 299
20784 20824 205
20811 20846 198
20824 20827 7
20837 20878 109
20838 20848 139
20853 20893 229
20858 20900 236
20860 20869 155
20890 20923 30
20905 20921 54
20930 20953 93
20949 20959 201
20959 20967 50
20978 21021 167
21004 21021 137
21020 21032 124
21029 21037 6
21039 21056 126
21045 21086 89
21068 21105 23
21076 21115 264
21088 21104 140
21107 21147 278
21118 21123 196
21135 21184 251
21145 21165 254
21173 21216 121
21200 21244 4
21209 21217 162
21219 21234 266
21230 21243 111
21232 21247 167
21239 21277 120
21252 21297 57
21268 21284 78
21286 21301 237
21307 21347 257
21317 21360 291
21328 21348 168
21334 21359 225
21349 21355 255
21350 21381 119
21368 21417 110
21386 21411 87
21412 21453 27
21414 21460 272
21417 21441 166
21421 21450 79
21435 21484 260
21456 21466 219
21466 21511 252
21476 21481 169
21485 21517 185
21504 21537 135
21518 21543 159
21546 21547 270
21549 21593 191
21551 21568 106
21563 21595 111
21593 21603 187
21605 21642 108
21607 21608 289
21629 21676 140
21637 21652 193
21656 21683 292
21685 21702 119
21714 21762 184
21736 21751 62
21738 21741 135
21749 21769 155
21752 21759 245
21758 21766 233
21781 21784 225
21810 21858 32
21831 21865 26
21861 21899 9
21868 21892 22
21892 21919 154
21901 21951 285
21907 21921 221
21909 21926 79
21915 21934 75
21930 21950 21
21951 21989 109
21963 21965 191
21967 22004 262
21973 22005 176
22001 22033 277
22004 22051 299
22005 22043 32
22017 22032 34
22038 22043 65
22057 22087 218
22057 22064 287
22082 22095 298
22089 22132 25
22109 22135 48
22132 22145 96
22141 22177 266
22157 22172 294
22157 22172 125
22179 22218 45
22180 22220 68
22203 22253 60
22229 22247 138
22234 22256 290
22238 22243 183
22250 22267 152
22274 22296 143
22294 22295 210
22318 22322 232
22348 22378 121
22350 22363 219
22373 22415 2
22397 22421 92
22412 22430 189
22428 22454 144
22449 22478 171
22452 22461 253
22471 22474 189
22474 22499 133
22485 22493 200
22506 22555 206
22511 22546 48
22533 22546 169
22533 22559 208
22559 22601 162
22564 22589 157
22572 22580 117
22575 22597 204
22597 22615 130
22608 22634 243
22620 22646 2
22622 22623 160
22635 22678 142
22641 22651 77
22653 22690 189
22670 22676 60
22691 22717 234
22704 22711 66
22721 22765 212
22738 22740 220
22768 22772 240
22779 22783 107
22800 22848 70
22821 22823 171
22825 22874 250
22829 22844 7
22843 22877 27
22872 22880 237
22883 22928 249
22893 22941 248
22895 22904 206
22914 22934 110
22944 22966 125
22945 22969 178
22960 22970 99
22982 23017 59
22986 22998 273
22991 23033 55
23018 23032 200
23020 23024 161
23040 23057 79
23060 23098 12
23089 23119 70
23113 23137 143
23117 23144 118
23139 23159 150
23167 23183 184
23168 23188 289
23169 23192 241
23180 23184 280
23197 23225 102
23200 23246 12
23217 23253 267
23240 23255 182
23260 23299 209
23278 23302 100
23303 23326 42
23310 23317 38
23332 23358 54
23352 23358 76
23359 23377 164
23364 23412 18
23381 23421 44
23402 23439 283
23418 23426 269
23447 23493 236
23459 23508 121
23464 23503 181
23471 23479 242
23478 23516 158
23484 23486 181
23486 23505 259
23507 23512 269
23510 23512 36
23517 23535 81
23535 23561 300
23562 23586 219
23581 23615 191
23608 23611 280
23631 23660 30
23659 23686 263
23660 23706 154
23681 23713 76
23698 23718 278
23724 23729 165
23735 23740 63
23752 23772 260
23754 23792 172
23754 23791 32
23778 23792 280
23791 23814 88
23815 23846 179
23841 23882 246
23843 23854 71
23871 23874 186
23874 23893 290
23886 23903 79
23895 23937 31
23896 23913 178
23920 23968 125
23920 23955 254
23938 23979 61
23946 23969 277
23976 24017 29
23999 24005 215
24021 24063 152
24037 24068 135
24054 24084 154
24055 24082 62
24072 24088 279
24087 24102 271
24105 24129 129
24133 24173 257
24141 24164 32
24144 24184 109
24163 24170 165
24171 24205 198
24181 24214 271
24184 24205 101
24189 24191 294
24205 24226 236
24222 24242 23
24228 24278 87
24252 24259 191
24270 24320 276
24298 24337 296
24320 24354 96
24339 24352 16
24359 24362 222
24361 24397 62
24375 24402 79
24395 24428 298
24419 24445 176
24439 24471 179
24441 24477 202
24446 24458 2
24475 24484 190
24490 24491 154
24510 24517 118
24514 24538 250
24538 24542 169
24559 24576 263
24575 24603 17
24575 24579 298
24605 24629 273
24616 24664 125
24618 24628 113
24644 24687 146
24670 24688 73
24680 24683 104
24705 24752 219
24733 24741 180
24741 24789 17
24756 24801 171
24777 24810 44
24783 24796 7
24788 24830 254
24809 24853 132
24839 24880 98
24850 24872 117
24855 24905 68
24879 24917 9
24902 24907 214
24926 24935 88
24951 24966 299
24965 25013 64
24966 25007 172
24970 24973 272
24970 25002 42
24996 25021 78
25024 25038 283
25049 25079 96
25079 25089 135
25101 25131 26
25115 25126 291
25121 25164 127
25148 25150 145
25158 25184 96
25167 25216 111
25168 25187 237
25194 25239 211
25204 25246 262
25206 25224 82
25207 25253 271
25226 25265 126
25238 25265 32
25268 25269 130
25284 25306 113
25285 25331 168
25296 25340 289
25304 25348 262
25317 25319 57
25324 25338 298
25353 25387 230
25369 25393 24
25393 25433 138
25413 25424 31
25419 25455 50
25420 25448 58
25424 25473 224
25430 25438 238
25442 25482 119
25457 25477 171
25479 25483 202
25494 25540 149
25506 25513 33
25508 25553 73
25532 25543 270
25562 25589 7
25563 25602 253
25587 25596 111
25607 25638 148
25616 25666 81
25640 25642 61
25640 25684 49
25660 25679 295
25671 25703 86
25680 25701 227
25706 25734 209
25717 25752 37
25745 25768 47
25766 25804 208
25772 25792 111
25783 25808 48
25805 25806 165
25832 25863 248
25835 25862 205
25862 25895 128
25868 25889 242
25893 25921 10
25903 25929 139
25908 25909 60
25910 25959 65
25913 25938 224
25920 25949 65
25941 25961 154
25950 25961 30
25965 26003 37
25970 26011 174
25971 26010 55
25991 26013 90
26017 26042 257
26034 26064 158
26056 26096 255
26086 26095 142
26088 26118 143
26093 26130 13
26115 26143 119
26115 26145 28
26121 26139 275
26138 26149 197
26160 26186 141
26162 26209 182
26189 26228 193
26203 26223 262
26204 26231 230
26224 26266 10
26228 26253 43
26229 26238 104
26236 26284 15
26262 26308 232
26266 26300 104
26270 26291 205
26270 26313 29
26281 26302 88
26294 26321 267
26300 26325 178
26311 26316 121
26315 26356 40
26335 26365 67
26356 26382 136
26368 26382 197
26372 26394 168
26391 26437 224
26411 26420 146
26425 26452 77
26443 26472 275
26461 26475 16
26483 26513 274
26504 26517 49
26525 26542 238
26548 26551 280
26576 26591 60
26584 26614 269
26611 26660 128
26634 26636 233
26655 26683 100
26668 26682 48
26680 26730 41
26710 26722 120
26724 26732 245
26731 26774 279
26754 26773 43
26755 26791 16
26759 26775 18
26762 26769 112
26788 26836 163
26805 26815 214
26806 26811 230
26823 26855 34
26835 26870 179
26861 26893 207
26874 26904 136
26890 26894 193
26900 26925 268
26900 26919 26
26910 26960 180
26931 26946 209
26960 26989 118
26974 27016 257
26975 27020 146
26986 27035 27
27006 27007 149
27022 27030 59
27038 27055 91
27064 27073 152
27076 27109 252
27098 27144 186
27104 27151 176
27131 27166 62
27150 27168 20
27150 27156 5
27174 27218 267
27189 27205 176
27208 27233 52
27213 27255 32
27224 27239 7
27247 27280 297
27265 27282 277
27273 27296 124
27276 27315 140
27287 27315 56
27287 27327 175
27296 27304 233
27321 27357 254
27326 27360 50
27343 27393 190
27368 27371 14
27376 27384 26
27398 27412 12
27410 27450 194
27433 27462 101
27462 27498 196
27465 27486 165
27475 27499 82
27496 27500 145
27507 27554 69
27512 27547 89
27527 27541 283
27536 27545 270
27551 27582 73
27551 27567 12
27577 27625 248
27593 27631 297
27623 27630 104
27627 27647 166
27645 27647 282
27652 27674 1
27679 27702 21
27699 27716 82
27717 27734 109
27742 27771 223
27770 27783 153
27786 27801 54
27787 27821 11
27798 27804 192
27820 27841 284
27846 27885 26
27859 27887 288
27888 27898 277
27918 27934 104
27928 27976 15
27950 27988 182
27977 27997 41
27997 28046 81
27999 28040 164
28014 28063 101
28040 28055 194
28046 28074 69
28070 28106 187
28099 28133 123
28108 28134 217
28115 28135 120
28145 28192 70
28172 28207 92
28200 28243 258
28212 28236 270
28220 28223 176
28227 28231 210
28238 28240 81
28241 28262 18
28265 28291 61
28291 28329 207
28298 28322 205
28302 28318 167
28332 28337 136
28340 28377 45
28353 28370 274
28359 28373 73
28389 28399 63
28392 28420 37
28409 28426 214
28431 28443 174
28445 28465 74
28462 28498 221
28477 28523 29
28492 28518 215
28506 28535 76
28510 28517 37
28540 28553 291
28540 28584 52
28542 28564 19
28555 28572 252
28563 28576 73
28582 28607 106
28607 28650 14
28619 28657 212
28641 28656 119
28651 28672 27
28656 28693 199
28662 28664 270
28669 28685 298
28683 28715 9
28704 28707 32
28731 28741 20
28738 28748 85
28762 28766 49
28776 28789 240
28786 28832 42
28796 28839 185
28809 28857 272
28812 28828 254
28821 28864 39
28823 28830 225
28834 28861 255
28843 28863 62
28850 28867 227
28856 28873 283
28885 28929 123
28903 28930 191
28919 28955 173
28935 28960 52
28936 28972 40
28955 28956 271
28976 29012 38
29002 29044 43
29018 29024 124
29021 29070 165
29042 29082 99
29055 29103 167
29059 29107 298
29064 29093 276
29070 29114 256
29089 29107 36
29114 29128 174
29128 29168 246
29130 29142 41
29136 29142 75
29136 29160 108
29162 29164 89
29174 29195 116
29174 29180 300
29182 29228 240
29187 29189 61
29202 29235 299
29211 29250 237
29214 29240 102
29226 29247 91
29246 29296 66
29276 29283 40
29301 29345 262
29326 29348 264
29350 29387 102
29358 29398 133
29381 29428 240
29395 29419 187
29405 29441 139
29429 29462 90
29444 29445 251
29474 29482 159
29500 29522 58
29504 29545 58
29521 29560 250
29532 29552 269
29556 29595 49
29585 29629 103
29605 29623 72
29627 29641 134
29643 29648 81
29673 29716 25
29689 29725 263
29715 29719 230
29743 29777 68
29760 29762 248
29786 29795 175
29794 29812 61
29821 29848 187
29835 29854 6
29838 29848 159
29867 29876 82
29884 29891 89
29908 29937 293
29934 29949 277
29954 29999 254
29975 30001 228
29995 30001 291
30006 30017 39
30031 30068 247
30034 30036 277
30054 30095 97
30082 30094 245
30089 30126 4
30095 30112 33
30120 30167 54
30148 30155 45
30177 30189 121
30187 30222 274
30189 30190 274
30219 30229 130
30226 30272 26
30238 30272 219
30245 30256 29
30263 30272 84
30270 30309 230
30282 30313 224
30307 30356 157
30312 30330 271
30339 30371 249
30369 30386 23
30377 30427 264
30379 30413 161
30380 30399 268
30394 30410 299
30415 30425 295
30435 30474 35
30464 30478 182
30475 30489 228
30501 30543 109
30511 30558 120
30532 30539 34
30560 30610 177
30583 30584 153
30595 30602 90
30625 30663 293
30632 30678 88
30647 30662 201
30672 30709 201
30683 30688 158
30706 30736 293
30718 30744 170
30734 30761 121
30748 30780 47
30749 30791 103
30772 30811 220
30798 30816 287
30803 30813 263
30822 30848 237
30827 30871 284
30856 30901 242
30867 30900 202
30891 30901 133
30903 30923 126
30926 30947 171
30949 30973 182
30952 30975 243
30970 30974 273
30985 30999 122
31013 31028 128
31023 31030 223
31039 31088 73
31067 31089 33
31097 31107 229
31114 31123 50
31120 31138 58
31139 31158 232
31155 31176 127
31156 31191 282
31177 31209 258
31207 31240 17
31214 31220 76
31225 31246 101
31248 31254 205
31277 31280 132
31288 31303 88
31317 31349 216
31339 31343 37
31352 31367 98
31364 31366 271
31388 31397 222
31408 31453 149
31427 31460 32
31435 31474 272
31451 31457 2
31457 31480 293
31474 31495 76
31503 31539 279
31531 31543 156
31533 31548 132
31550 31564 184
31552 31588 168
31564 31607 281
31585 31632 200
31606 31608 286
31627 31637 132
31637 31643 17
31638 31665 245
31638 31674 56
31668 31681 42
31697 31742 44
31700 31707 130
31702 31709 96
31722 31736 211
31728 31768 286
31733 31736 40
31759 31760 276
31771 31782 244
31786 31818 56
31800 31830 63
31817 31851 1
31847 31871 280
31869 31908 144
31890 31911 204
31914 31939 28
31924 31941 222
31943 31968 249
31972 31986 138
31996 32045 35
32022 32039 81
32032 32076 109
32061 32083 238
32075 32078 144
32080 32088 203
32099 32122 42
32125 32166 116
32130 32169 25
32137 32184 292
32153 32163 40
32181 32195 164
32208 32220 247
32231 32258 244
32254 32300 56
32268 32289 170
32271 32302 92
32275 32318 262
32291 32329 90
32296 32339 105
32315 32331 155
32326 32341 167
32336 32348 209
32340 32356 176
32356 32404 235
32359 32364 207
32366 32391 288
32384 32433 34
32398 32440 280
32404 32452 3
32432 32450 11
32438 32453 101
32451 32480 1
32476 32494 212
32506 32551 243
32520 32570 21
32537 32545 56
32562 32606 231
32577 32604 189
32594 32631 187
32602 32606 13
32605 32638 50
32612 32647 64
32627 32673 146
32634 32635 94
32644 32663 76
32662 32663 292
32682 32719 299
32684 32695 287
32689 32735 99
32704 32745 151
32709 32720 168
32730 32776 143
32752 32775 41
32759 32767 163
32782 32802 272
32788 32833 62
32789 32792 162
32809 32816 88
32830 32842 12
32849 32861 10
32879 32917 145
32899 32919 165
32923 32953 182
32941 32942 181
32945 32977 178
32972 33002 171
32999 33030 293
33009 33039 51
33019 33049 287
33048 33049 9
33062 33071 125
33075 33119 130
33080 33123 215
33085 33133 276
33092 33105 127
33118 33161 24
33131 33167 293
33148 33182 107
33173 33207 24
33193 33217 229
33193 33206 21
33206 33232 280
33214 33247 299
33214 33262 105
33237 33260 192
33256 33272 169
33273 33302 2
33289 33328 19
33292 33306 209
33295 33309 130
33307 33332 298
33320 33354 202
33344 33363 96
33347 33354 197
33348 33357 114
33356 33374 149
33382 33421 207
33404 33451 219
33418 33421 85
33418 33462 56
33446 33490 296
33462 33466 255
33470 33485 59
33486 33505 71
33511 33540 43
33525 33538 86
33548 33554 86
33560 33578 97
33575 33625 190
33585 33602 188
33611 33651 280
33625 33640 18
33649 33688 254
33652 33695 172
33663 33711 250
33691 33734 225
33720 33763 68
33737 33766 68
33752 33769 221
33762 33799 163
33773 33779 199
33794 33833 40
33812 33848 193
33841 33878 289
33853 33883 64
33872 33891 87
33889 33918 281
33919 33967 52
33949 33955 300
33953 33985 243
33966 34015 206
33991 34017 225
34006 34044 264
34013 34027 154
34025 34042 162
34041 34070 138
34060 34103 254
34079 34103 294
34089 34126 294
34103 34123 250
34115 34149 65
34115 34119 259
34137 34141 116
34162 34194 272
34162 34168 190
34182 34191 84
34191 34231 188
34213 34256 277
34217 34224 141
34240 34284 76
34247 34276 55
34273 34302 101
34295 34340 284
34307 34344 155
34332 34339 191
34344 34387 200
34356 34394 137
34382 34408 102
34399 34418 12
34425 34451 92
34453 34466 234
34470 34519 194
34475 34516 19
34485 34525 52
34506 34549 234
34515 34525 136
34532 34558 19
34542 34580 38
34560 34594 84
34579 34601 99
34586 34597 252
34594 34596 52
34596 34613 88
34619 34663 99
34621 34653 34
34640 34667 25
34666 34703 179
34678 34721 48
34681 34727 113
34683 34730 169
34701 34704 284
34707 34718 257
34713 34724 94
34730 34766 173
34759 34764 147
34785 34814 276
34808 34816 287
34816 34857 4
34825 34870 46
34835 34859 189
34856 34881 124
34870 34905 198
34875 34919 267
34901 34903 300
34924 34972 219
34946 34984 132
34957 34986 93
34979 35003 266
34981 34982 115
34981 34994 278
35005 35043 62
35034 35044 202
35046 35053 176
35064 35102 109
35075 35117 73
35080 35095 185
35102 35146 38
35120 35169 17
35122 35167 96
35152 35178 249
35181 35199 171
35210 35245 148
35211 35215 189
35237 35286 247
35257 35281 232
35276 35314 159
35302 35306 119
35315 35337 115
35320 35362 245
35338 35366 104
35348 35390 202
35363 35366 185
35363 35372 110
35385 35413 56
35387 35390 174
35388 35400 289
35397 35413 157
35426 35463 10
35435 35463 298
35441 35458 8
35461 35486 175
35465 35508 298
35473 35501 298
35477 35525 210
35501 35531 130
35520 35526 263
35544 35594 232
35562 35590 210
35579 35605 201
35609 35616 80
35629 35662 188
35659 35700 260
35686 35729 281
35692 35693 176
35721 35758 297
35746 35772 122
35767 35808 237
35788 35811 169
35803 35836 51
35814 35847 181
35833 35868 276
35863 35884 155
35886 35895 190
35907 35932 297
35935 35969 189
35946 35947 49
35967 36012 181
35980 36005 180
35987 36023 20
35994 36018 19
36000 36043 201
36008 36012 20
36036 36046 6
36044 36091 222
36065 36068 223
36073 36112 170
36103 36131 242
36111 36155 121
36129 36163 39
36155 36174 196
36174 36209 38
36195 36217 40
36225 36259 129
36253 36280 98
36270 36271 102
36298 36339 75
36314 36333 65
36335 36376 218
36362 36401 228
36375 36420 236
36384 36433 136
36401 36419 200
36417 36433 274
36444 36451 230
36467 36481 137
36477 36495 251
36497 36543 69
36502 36542 131
36502 36547 155
36532 36564 106
36546 36549 78
36564 36586 39
36588 36623 54
36612 36655 177
36624 36670 91
36646 36682 282
36655 36691 17
36663 36696 211
36678 36700 176
36681 36707 36
36707 36725 190
36722 36751 134
36725 36742 219
36731 36747 229
36750 36784 52
36779 36783 242
36787 36788 236
36798 36823 115
36819 36851 296
36836 36876 175
36849 36873 243
36850 36863 226
36873 36919 262
36878 36923 157
36892 36931 127
36909 36926 86
36926 36930 294
36943 36985 100
36947 36972 34
36965 36978 57
36992 37038 180
37012 37048 83
37024 37037 214
37051 37087 227
37070 37104 131
37083 37087 234
37097 37110 273
37114 37150 12
37132 37172 105
37157 37190 83
37185 37219 250
37214 37245 109
37244 37270 248
37264 37280 51
37293 37322 206
37293 37317 273
37298 37343 264
37298 37320 119
37319 37339 245
37328 37359 61
37333 37347 110
37358 37398 141
37367 37416 283
37385 37392 58
37396 37435 82
37421 37429 293
37443 37477 39
37444 37446 15
37473 37523 247
37481 37501 292
37498 37510 169
37523 37553 108
37544 37586 277
37568 37572 139
37594 37605 120
37599 37635 26
37607 37633 196
37633 37677 51
37662 37695 27
37664 37668 210
37667 37695 200
37691 37723 212
37709 37721 111
37719 37758 150
37734 37775 148
37740 37767 179
37750 37753 57
37756 37759 103
37757 37793 296
37779 37826 275
37782 37808 164
37810 37832 231
37829 37857 155
37832 37870 96
37841 37848 282
37857 37874 65
37881 37886 109
37893 37901 95
37903 37940 162
37906 37943 126
37907 37957 31
37921 37929 266
37922 37952 129
37924 37944 217
37937 37987 199
37937 37983 152
37942 37981 224
37965 37990 256
37978 37991 266
38006 38040 155
38032 38059 279
38047 38055 33
38077 38124 164
38081 38122 149
38100 38102 135
38103 38123 120
38115 38136 39
38127 38150 166
38148 38152 276
38165 38172 136
38181 38225 144
38187 38227 103
38195 38225 241
38202 38240 85
38226 38261 253
38246 38285 173
38264 38297 42
38286 38325 41
38295 38328 24
38297 38302 140
38302 38330 182
38302 38322 154
38319 38337 185
38341 38377 116
38364 38373 198
38385 38423 300
38392 38412 81
38420 38451 244
38445 38481 82
38455 38479 244
38457 38471 212
38477 38487 185
38507 38531 121
38523 38554 64
38548 38578 111
38553 38574 131
38580 38582 75
38596 38644 287
38625 38671 19
38647 38669 235
38671 38697 188
38691 38717 281
38697 38730 106
38701 38733 14
38701 38746 207
38714 38743 37
38742 38790 100
38766 38767 253
38783 38790 39
38789 38834 232
38795 38804 7
38804 38807 207
38834 38842 81
38856 38891 105
38857 38874 162
38867 38876 263
38892 38897 50
38906 38956 181
38914 38956 283
38934 38971 223
38963 39008 2
38966 38985 97
38987 39000 128
39006 39032 266
39026 39040 96
39047 39087 217
39068 39096 150
39088 39116 232
39108 39134 59
39128 39149 151
39149 39195 122
39160 39182 236
39166 39176 202
39166 39168 296
39177 39196 147
39203 39204 11
39227 39254 31
39239 39280 106
39268 39278 291
39294 39314 187
39323 39344 167
39337 39375 203
39342 39344 93
39345 39394 100
39359 39366 165
39372 39408 297
39390 39437 196
39403 39443 242
39405 39451 147
39418 39433 195
39439 39466 118
39458 39494 76
39465 39512 280
39482 39515 96
39506 39551 157
39534 39584 207
39563 39572 282
39564 39594 153
39573 39574 144
39590 39631 127
39597 39601 246
39614 39640 130
39636 39649 54
39649 39656 8
39664 39693 47
39665 39710 136
39688 39695 66
39715 39763 205
39721 39731 235
39742 39786 272
39765 39806 49
39773 39791 129
39787 39809 58
39817 39841 45
39839 39867 40
39848 39863 4
39850 39853 155
39856 39895 40
39879 39902 286
39882 39885 161
39907 39950 259
39929 39942 277
39952 39994 50
39963 39982 64
39971 39977 84
39978 40006 274
39991 40037 8
40006 40028 231
40025 40037 59
40037 40059 4
40038 40056 29
40056 40092 192
40058 40085 32
40074 40075 179
40093 40125 34
40107 40136 215
40118 40164 114
40130 40159 282
40154 40182 18
40184 40205 71
40207 40223 163
40236 40239 228
40247 40273 62
40249 40254 173
40255 40263 55
40268 40272 186
40292 40340 90
40296 40336 13
40313 40337 201
40343 40360 271
40372 40417 174
40372 40382 28
40379 40396 74
40397 40426 132
40421 40424 155
40432 40471 141
40434 40460 117
40442 40489 281
40470 40508 281
40498 40513 177
40517 40559 168
40519 40521 240
40539 40547 17
40542 40589 106
40542 40546 144
40556 40563 162
40563 40586 176
40587 40609 284
40617 40646 4
40646 40692 294
40649 40669 275
40672 40713 293
40690 40704 272
40710 40729 34
40714 40721 10
40724 40760 9
40724 40738 233
40752 40799 78
40770 40801 180
40794 40830 228
40813 40827 82
40824 40864 118
40853 40903 151
40870 40901 129
40878 40911 252
40903 40951 92
40915 40917 83
40915 40923 290
40927 40929 286
40931 40940 65
40943 40953 90
40947 40976 130
40947 40996 36
40976 40978 283
41000 41042 215
41020 41054 260
41030 41041 263
41058 41065 27
41062 41079 97
41072 41092 186
41085 41128 56
41100 41147 73
41125 41144 135
41126 41172 194
41139 41175 215
41152 41201 286
41170 41179 246
41173 41187 184
41185 41195 64
41214 41238 128
41232 41282 176
41236 41280 132
41254 41298 250
41264 41309 19
41291 41331 186
41301 41317 124
41314 41329 155
41317 41357 195
41327 41333 117
41341 41366 204
41350 41376 106
41374 41397 297
41378 41402 257
41401 41403 99
41420 41431 189
41436 41451 273
41445 41479 277
41469 41492 140
41486 41521 280
41500 41522 84
41505 41546 108
41530 41559 271
41560 41602 80
41563 41593 204
41585 41586 25
41593 41594 235
41623 41661 249
41629 41638 219
41651 41663 90
41657 41678 281
41661 41679 193
41683 41724 118
41685 41704 216
41689 41692 236
41709 41757 88
41732 41781 191
41733 41763 120
41745 41774 182
41762 41809 55
41771 41821 171
41795 41836 295
41808 41858 100
41826 41827 49
41846 41893 12
41871 41896 146
41900 41940 240
41916 41918 189
41922 41961 28
41948 41963 218
41960 41963 266
41964 41965 244
41970 41993 138
41995 42003 230
42005 42048 189
42007 42017 162
42028 42060 140
42055 42076 286
42069 42112 115
42075 42086 28
42085 42106 17
42114 42135 156
42136 42175 93
42147 42170 115
42169 42199 202
42197 42202 271
42201 42237 47
42206 42233 54
42217 42236 279
42230 42232 182
42242 42261 262
42270 42305 135
42276 42304 188
42286 42317 117
42286 42331 13
42296 42334 293
42311 42354 252
42328 42341 90
42355 42393 245
42368 42400 48
42398 42402 100
42425 42433 222
42445 42461 171
42465 42472 124
42473 42497 4
42489 42538 220
42491 42503 264
42499 42509 22
42521 42571 269
42522 42551 183
42535 42545 286
42544 42559 178
42559 42603 213
42578 42615 77
42608 42635 142
42629 42646 250
42638 42656 234
42649 42662 160
42659 42706 136
42665 42690 208
42668 42694 228
42673 42722 207
42701 42745 122
42728 42741 154
42733 42779 183
42753 42757 265
42768 42777 142
42769 42818 223
42789 42798 264
42790 42802 70
42810 42815 39
42836 42859 145
42846 42895 291
42848 42890 175
42873 42874 221
42880 42884 92
42899 42944 206
42915 42921 131
42942 42947 251
42958 42960 195
42965 42984 91
42985 42986 164
42987 43034 222
43015 43028 219
43027 43040 130
43044 43046 40
43052 43087 300
43077 43095 104
43077 43099 51
43083 43105 243
43099 43142 101
43115 43140 228
43120 43161 246
43122 43136 185
43130 43155 83
43157 43184 287
43164 43183 257
43180 43192 108
43207 43214 68
43227 43274 134
43242 43286 256
43254 43271 22
43260 43290 70
43287 43296 130
43295 43344 226
43302 43323 239
43311 43356 275
43339 43342 51
43360 43401 107
43361 43377 215
43391 43395 75
43397 43439 83
43409 43428 274
43415 43425 138
43423 43451 96
43446 43494 194
43450 43478 264
43465 43498 241
43472 43481 63
43491 43536 232
43512 43525 115
43540 43585 250
43547 43590 203
43564 43600 140
43566 43575 118
43568 43610 231
43575 43589 156
43585 43630 266
43599 43642 140
43610 43621 204
43619 43631 64
43648 43667 295
43671 43673 115
43687 43692 242
43707 43746 31
43710 43738 197
43737 43778 291
43751 43780 55
43763 43802 140
43765 43779 29
43783 43830 285
43804 43822 29
43819 43863 181
43833 43882 207
43860 43880 8
43868 43872 52
43889 43899 51
43913 43953 171
43921 43947 192
43942 43948 237
43965 43979 129
43995 44012 200
44008 44017 280
44036 44054 113
44042 44087 133
44069 44099 1
44073 44095 234
44103 44146 3
44119 44157 112
44137 44168 170
44163 44185 158
44179 44211 137
44198 44225 294
44207 44244 45
44223 44226 284
44247 44249 6
44277 44291 197
44285 44333 165
44309 44319 98
44323 44370 48
44348 44352 34
44366 44406 93
44375 44378 290
44375 44422 133
44402 44413 276
44412 44446 251
44434 44436 211
44434 44435 125
44445 44472 39
44473 44474 190
44475 44481 111
44496 44514 163
44502 44524 27
44521 44546 125
44524 44544 185
44554 44566 225
44571 44607 189
44573 44617 263
44587 44634 190
44615 44661 246
44638 44683 275
44638 44664 87
44652 44687 117
44658 44673 207
44679 44683 167
44691 44715 64
44693 44709 213
44712 44728 96
44730 44750 104
44745 44788 256
44762 44769 128
44770 44810 102
44798 44810 99
44800 44809 110
44804 44832 84
44832 44876 118
44833 44866 292
44841 44851 76
44842 44872 192
44868 44894 300
44898 44937 285
44925 44927 148
44947 44985 250
44972 44986 214
44979 44983 189
45001 45014 96
45003 45025 170
45014 45046 180
45019 45045 284
45031 45045 132
45035 45085 248
45051 45055 120
45051 45096 36
45076 45100 300
45079 45126 243
45088 45094 216
45105 45142 209
45117 45156 79
45135 45136 37
45165 45181 94
45187 45230 85
45200 45230 70
45226 45253 259
45255 45294 9
45274 45319 154
45298 45301 272
45323 45325 145
45341 45359 8
45351 45355 293
45358 45361 174
45383 45414 44
45386 45432 286
45402 45441 152
45429 45470 161
45430 45465 62
45448 45498 105
45472 45491 86
45473 45477 84
45481 45487 213
45495 45544 42
45518 45560 8
45529 45568 6
45547 45561 265
45560 45586 110
45567 45611 217
45589 45617 125
45595 45635 164
45620 45632 147
45649 45653 13
45665 45673 121
45693 45736 63
45700 45750 30
45701 45724 57
45721 45763 187
45735 45737 247
45765 45813 12
45785 45830 26
45797 45809 177
45826 45862 185
45848 45860 95
45854 45873 129
45882 45885 242
45905 45925 232
45907 45910 118
45914 45922 107
45916 45953 3
45916 45933 300
45938 45970 41
45948 45997 42
45970 45986 202
45976 46013 127
45990 46010 16
46006 46028 142
46006 46023 257
46015 46031 192
46022 46024 154
46046 46059 45
46050 46098 231
46051 46056 154
46054 46067 260
46062 46108 100
46090 46118 213
46108 46138 73
46132 46179 38
46133 46169 260
46154 46167 1
46175 46220 9
46192 46200 235
46194 46203 47
46201 46251 109
46226 46259 136
46256 46294 102
46261 46276 6
46283 46330 147
46307 46334 210
46319 46334 21
46329 46356 176
46348 46386 136
46349 46366 168
46358 46391 225
46387 46388 17
46391 46432 206
46415 46434 91
46419 46453 84
46436 46440 208
46437 46484 260
46463 46473 126
46465 46481 98
46494 46511 138
46500 46514 115
46527 46533 211
46542 46565 109
46562 46582 185
46589 46597 117
46596 46637 63
46619 46663 100
46625 46646 160
46645 46670 83
46660 46681 65
46663 46705 215
46671 46721 137
46675 46719 55
46686 46704 151
46703 46736 264
46723 46760 60
46750 46757 50
46775 46790 211
46781 46821 169
46793 46839 44
46794 46817 215
46820 46838 198
46841 46876 222
46841 46844 36
46843 46849 273
46861 46893 63
46886 46902 213
46888 46906 204
46905 46921 80
46923 46942 87
46944 46963 151
46956 46977 294
46985 46993 294
46999 47022 120
47000 47047 188
47012 47047 78
47031 47061 227
47033 47056 36
47055 47078 95
47063 47078 32
47090 47117 108
47092 47094 224
47103 47123 112
47103 47116 280
47113 47162 92
47116 47139 78
47132 47133 291
47155 47189 31
47163 47176 4
47163 47189 272
47174 47216 208
47188 47237 115
47204 47223 199
47232 47255 5
47252 47292 138
47275 47284 89
47292 47305 11
47307 47356 117
47317 47326 184
47341 47376 16
47362 47396 53
47384 47396 293
47396 47422 53
47414 47448 95
47415 47420 144
47441 47477 241
47466 47511 173
47489 47523 197
47511 47555 183
47530 47555 27
47557 47599 243
47567 47611 298
47581 47600 263
47611 47652 120
47630 47635 144
47651 47652 293
47666 47671 246
47694 47738 266
47698 47728 82
47713 47756 239
47723 47766 150
47736 47777 13
47742 47763 70
47759 47768 93
47786 47811 63
47794 47830 69
47799 47848 62
47812 47834 143
47816 47824 42
47844 47884 282
47848 47850 260
47871 47904 200
47895 47903 257
47918 47923 168
47939 47988 83
47946 47970 155
47966 48005 10
47993 48021 201
47998 48022 102
48001 48035 191
48023 48057 4
48049 48066 67
48049 48094 159
48053 48098 285
48076 48083 54
48080 48104 140
48092 48139 144
48094 48139 90
48110 48114 52
48132 48156 215
48160 48168 84
48164 48187 236
48173 48204 23
48174 48192 231
48188 48214 119
48207 48236 13
48213 48254 108
48229 48273 132
48231 48239 148
48254 48286 267
48261 48280 6
48291 48339 79
48294 48333 19
48297 48305 39
48325 48369 128
48333 48358 182
48359 48402 92
48371 48398 92
48377 48416 295
48407 48457 161
48409 48445 147
48431 48447 284
48445 48452 270
48453 48473 240
48481 48527 223
48492 48530 33
48522 48525 202
48526 48560 229
48542 48563 205
48563 48581 231
48565 48598 213
48591 48615 165
48601 48603 173
48615 48628 83
48639 48651 207
48664 48703 163
48685 48709 241
48693 48721 150
48710 48722 31
48738 48786 103
48752 48765 38
48777 48801 120
48782 48812 80
48804 48852 298
48821 48851 162
48830 48868 89
48848 48893 83
48865 48896 260
48869 48914 248
48895 48925 148
48914 48920 131
48922 48966 111
48924 48951 132
48924 48964 177
48954 48965 102
48976 49002 119
48979 48997 216
48984 49024 253
48987 48999 191
49006 49052 246
49030 49072 73
49031 49072 149
49050 49069 85
49068 49092 34
49087 49132 6
49109 49120 90
49119 49153 87
49129 49173 41
49157 49182 258
49174 49201 206
49183 49226 25
49199 49240 49
49211 49231 102
49234 49273 157
49246 49295 134
49272 49290 122
49293 49329 210
49300 49316 72
49302 49319 125
49330 49344 87
49355 49365 220
49358 49407 285
49378 49406 294
49383 49389 39
49386 49416 101
49387 49412 49
49401 49421 58
49402 49433 249
49424 49439 93
49443 49472 31
49460 49495 174
49488 49509 10
49489 49532 112
49495 49532 217
49523 49564 151
49553 49579 295
49558 49598 175
49563 49612 188
49585 49619 111
49590 49597 33
49615 49644 299
49645 49683 246
49651 49693 85
49679 49711 12
49691 49701 245
49704 49753 98
49710 49748 124
49720 49749 159
49728 49763 143
49734 49776 242
49737 49763 243
49747 49769 189
49754 49802 252
49776 49804 259
49804 49844 217
49826 49866 5
49840 49859 168
49843 49863 43
49870 49892 102
49875 49892 237
49887 49927 182
49893 49896 10
49899 49936 37
49909 49950 296
49915 49946 77
49938 49986 261
49942 49977 144
49966 49982 212
49995 50021 269
49996 50042 28
50021 50061 209
50049 50079 55
50077 50103 115
50100 50128 285
50116 50154 195
50135 50143 209
50165 50191 136
50165 50196 137
50180 50182 177
50193 50233 198
50196 50236 198
50224 50264 86
50231 50243 273
50253 50259 220
50281 50297 214
50302 50312 239
50328 50340 168
50356 50388 149
50372 50391 264
50373 50383 246
50397 50424 84
50408 50454 49
50414 50429 179
50438 50471 56
50442 50477 206
50445 50487 23
50459 50502 258
50488 50504 251
50498 50537 31
50498 50528 288
50512 50533 193
50534 50575 7
50536 50557 271
50541 50567 298
50567 50580 139
50569 50595 280
50575 50581 19
50603 50649 142
50630 50653 279
50658 50666 187
50672 50673 285
50692 50727 62
50703 50748 268
50708 50726 118
50723 50729 104
50727 50729 296
50733 50768 239
50758 50773 13
50758 50765 52
50771 50790 108
50797 50807 212
50798 50807 116
50822 50831 105
50824 50825 170
50824 50835 158
50842 50866 280
50851 50875 239
50866 50888 149
50876 50877 113
50876 50882 77
50880 50929 295
50892 50932 84
50895 50904 268
50905 50911 174
50923 50937 235
50933 50959 13
50936 50983 289
50939 50949 194
50957 50982 144
50979 51008 294
50998 51041 136
51024 51028 271
51054 51071 221
51074 51113 198
51095 51121 133
51124 51128 76
51131 51133 169
51156 51200 179
51161 51182 193
51165 51208 43
51176 51186 282
51200 51207 226
51204 51227 147
51233 51279 300
51255 51277 252
51269 51283 17
51284 51312 44
51293 51329 84
51314 51355 216
51340 51350 184
51348 51350 47
51350 51396 45
51351 51373 171
51361 51388 254
51365 51387 238
51378 51415 1
51393 51426 96
51413 51457 200
51416 51425 236
51426 51457 215
51454 51481 103
51484 51503 150
51491 51493 291
51499 51521 216
51505 51547 287
51522 51545 181
51547 51595 217
51563 51582 147
51579 51582 9
51597 51601 174
51612 51661 285
51612 51627 217
51624 51673 210
51635 51680 33
51662 51680 240
51675 51718 272
51696 51738 290
51704 51726 120
51707 51712 79
51732 51773 107
51733 51762 94
51746 51747 207
51755 51781 219
51776 51791 157
51806 51838 228
51833 51848 67
51839 51871 54
51849 51867 276
51878 51916 81
51878 51882 214
51880 51905 101
51893 51940 293
51896 51906 225
51911 51952 125
51919 51951 5
51942 51976 1
51942 51970 290
51957 51983 263
51965 52002 104
51971 51994 22
51973 51989 59
51986 52029 217
52016 52032 80
52032 52071 31
52036 52083 98
52047 52073 72
52070 52086 107
52072 52079 231
52081 52120 257
52097 52116 115
52119 52156 77
52121 52163 227
52124 52153 92
52135 52166 106
52164 52200 11
52191 52229 268
52213 52260 102
52233 52260 134
52242 52267 192
52258 52290 84
52279 52290 2
52304 52331 70
52306 52313 109
52313 52316 216
52328 52329 162
52350 52362 134
52369 52391 242
52394 52440 296
52420 52449 198
52444 52470 85
52466 52476 288
52466 52477 211
52485 52525 80
52499 52521 169
52514 52550 170
52543 52592 119
52548 52552 72
52551 52552 108
52579 52598 240
52589 52593 20
52597 52625 57
52604 52614 106
52628 52661 182
52642 52647 233
52660 52697 40
52664 52706 66
52671 52711 155
52700 52702 23
52719 52724 290
52740 52780 196
52750 52759 299
52766 52783 246
52778 52794 110
52788 52823 109
52798 52831 111
52810 52813 79
52810 52831 168
52827 52838 149
52851 52865 49
52866 52872 229
52873 52921 294
52903 52907 118
52919 52959 117
52926 52961 68
52930 52968 193
52946 52949 146
52975 53001 6
52999 53040 256
53007 53045 239
53027 53040 20
53029 53032 42
53059 53063 46
53083 53106 105
53101 53130 45
53117 53135 285
53117 53138 149
53137 53155 292
53145 53169 222
53168 53181 229
53170 53207 273
53195 53237 59
53197 53233 226
53209 53249 283
53229 53269 108
53241 53264 92
53267 53277 60
53287 53302 220
53288 53317 69
53312 53322 10
53340 53345 3
53351 53373 143
53360 53364 182
53360 53380 18
53375 53378 149
53403 53433 77
53424 53457 55
53425 53429 267
53441 53483 136
53463 53468 252
53493 53521 133
53501 53541 174
53529 53576 199
53554 53573 271
53554 53595 170
53560 53585 294
53565 53596 289
53593 53611 292
53599 53635 7
53614 53635 296
53634 53659 230
53661 53692 204
53681 53705 256
53701 53724 107
53701 53706 135
53729 53741 200
53750 53760 22
53767 53786 252
53790 53807 96
53800 53821 146
53820 53828 57
53836 53875 187
53865 53905 193
53890 53925 185
53895 53935 184
53921 53942 278
53937 53958 84
53958 53959 139
53959 53969 235
53983 53991 87
54000 54020 294
54021 54043 45
54029 54071 38
54042 54083 25
54042 54058 96
54053 54085 245
54055 54095 205
54081 54087 252
54099 54123 197
54125 54151 300
54129 54179 155
54145 54188 42
54159 54166 290
54164 54180 142
54174 54195 268
54199 54229 169
54207 54249 297
54224 54263 267
54227 54241 253
54247 54281 32
54254 54257 77
54282 54303 261
54293 54302 275
54296 54334 264
54300 54327 267
54310 54340 121
54321 54357 77
54323 54365 79
54324 54340 75
54341 54364 198
54343 54386 240
54351 54354 98
54352 54389 17
54355 54399 263
54372 54381 79
54374 54418 4
54399 54431 34
54423 54432 86
54452 54493 173
54454 54464 46
54467 54468 75
54468 54473 13
54490 54507 288
54493 54510 68
54508 54537 248
54528 54562 91
54546 54563 218
54546 54595 26
54549 54572 202
54574 54582 91
54600 54631 249
54616 54637 150
54623 54637 211
54641 54678 206
54659 54680 277
54659 54680 120
54684 54715 193
54698 54719 201
54711 54718 130
54717 54741 205
54744 54793 185
54754 54759 19
54754 54760 43
54760 54766 155
54780 54794 5
54805 54850 158
54819 54864 186
54828 54836 124
54858 54864 10
54863 54877 68
54881 54889 252
54905 54943 215
54920 54958 295
54946 54994 69
54956 54985 163
54981 54986 259
54994 55004 86
54994 55036 171
55013 55023 249
55021 55056 154
55028 55077 56
55051 55078 34
55079 55089 129
55080 55128 143
55094 55104 82
55118 55132 168
55126 55135 94
55151 55194 270
55179 55186 112
55205 55238 252
55221 55265 256
55250 55260 29
55275 55291 86
55288 55297 108
55310 55332 56
55322 55352 7
55349 55379 234
55364 55368 54
55370 55417 188
55392 55439 108
55399 55405 142
55404 55431 46
55417 55431 153
55447 55455 75
55465 55478 114
55490 55517 187
55492 55532 101
55508 55551 188
55522 55567 300
55536 55560 160
55547 55555 209
55570 55619 145
55579 55588 139
55596 55613 61
55603 55624 47
55631 55669 98
55636 55646 284
55640 55684 7
55662 55702 36
55672 55718 130
55683 55705 104
55710 55732 136
55736 55752 82
55745 55746 36
55767 55812 110
55793 55842 76
55815 55857 159
55817 55863 258
55825 55870 86
55829 55853 172
55858 55905 216
55875 55905 13
55892 55903 144
55894 55942 18
55920 55937 32
55935 55959 185
55957 55983 27
55961 55983 254
55991 56005 110
56005 56012 66
56025 56059 117
56033 56067 21
56045 56091 288
56047 56068 126
56075 56101 223
56100 56144 297
56119 56148 141
56127 56138 83
56134 56145 133
56142 56188 254
56152 56180 2
56158 56207 50
56163 56209 159
56171 56207 141
56197 56236 27
56211 56246 190
56216 56256 266
56237 56276 264
56237 56283 221
56254 56260 166
56254 56298 145
56259 56307 18
56277 56304 248
56285 56305 5
56297 56344 246
56324 56371 261
56350 56354 176
56373 56404 8
56381 56418 168
56381 56428 230
56395 56400 133
56412 56440 133
56420 56424 213
56426 56448 250
56447 56477 211
56459 56461 197
56464 56472 73
56489 56516 145
56511 56554 34
56513 56529 163
56523 56552 297
56549 56577 213
56561 56590 176
56587 56620 76
56613 56644 83
56626 56673 178
56641 56653 289
56648 56660 36
56676 56706 122
56699 56723 74
56713 56723 203
56730 56752 133
56740 56742 160
56744 56776 147
56749 56795 35
56767 56791 295
56776 56796 198
56788 56814 38
56808 56839 176
56810 56811 58
56824 56838 131
56827 56850 49
56854 56898 77
56866 56892 22
56874 56896 256
56890 56910 196
56890 56935 29
56917 56945 268
56920 56962 8
56927 56976 249
56951 56954 284
56951 56972 228
56978 57027 157
56978 57019 273
57004 57022 93
57018 57036 198
57021 57070 108
57048 57060 188
57069 57097 95
57075 57111 97
57104 57153 237
57131 57141 70
57150 57164 33
57158 57187 154
57170 57215 90
57193 57200 295
57204 57248 129
57204 57241 273
57219 57266 260
57222 57250 40
57226 57260 127
57247 57290 142
57263 57291 220
57288 57330 250
57294 57329 245
57294 57341 56
57322 57340 120
57348 57352 81
57371 57413 11
57372 57388 296
57401 57404 33
57405 57431 124
57421 57455 36
57447 57450 33
57462 57480 92
57472 57501 255
57472 57485 291
57475 57493 245
57476 57494 114
57479 57491 122
57501 57550 102
57513 57547 214
57541 57544 151
57563 57581 234
57574 57580 116
57579 57607 206
57591 57595 39
57613 57636 78
57640 57690 182
57660 57691 236
57678 57702 262
57682 57726 213
57683 57714 187
57687 57724 249
57705 57719 232
57722 57730 228
57740 57786 111
57749 57799 242
57751 57798 90
57763 57767 207
57776 57800 293
57782 57824 204
57807 57836 187
57828 57833 280
57835 57854 49
57855 57891 184
57882 57930 291
57883 57885 162
57893 57942 100
57919 57964 181
57937 57980 244
57950 57967 266
57970 57982 86
57988 58006 52
57999 58003 36
58008 58057 216
58008 58042 153
58012 58033 86
58015 58037 150
58034 58041 233
58049 58086 144
58061 58090 292
58064 58095 44
58088 58109 215
58112 58140 147
58141 58184 210
58170 58199 204
58191 58197 31
58210 58222 49
58238 58272 145
58241 58291 141
58264 58280 68
58274 58320 10
58283 58285 66
58290 58311 155
58294 58314 94
58314 58343 98
58323 58365 30
58332 58334 225
58350 58383 71
58361 58385 166
58362 58366 161
58390 58409 292
58394 58438 43
58399 58437 233
58406 58428 212
58407 58417 102
58412 58453 292
58442 58470 171
58471 58496 45
58479 58492 43
58491 58535 143
58519 58537 284
58530 58550 84
58531 58580 172
58539 58562 133
58564 58578 10
58577 58596 46
58588 58591 177
58603 58647 142
58631 58666 243
58649 58671 267
58677 58693 297
58705 58749 250
58709 58732 286
58738 58775 26
58747 58766 290
58756 58799 238
58784 58804 164
58791 58824 172
58817 58856 103
58845 58891 258
58848 58866 82
58876 58895 75
58905 58914 139
58920 58929 196
58928 58932 149
58946 58959 234
58969 58974 43
58970 59000 4
58974 59006 4
58996 59024 272
59025 59042 85
59054 59058 279
59068 59073 48
59092 59134 115
59114 59116 109
59132 59166 111
59147 59175 188
59157 59185 274
59158 59201 244
59166 59202 139
59177 59199 264
59189 59192 190
59219 59265 265
59236 59278 53
59258 59287 245
59265 59285 99
59271 59291 61
59297 59330 160
59320 59330 71
59346 59371 255
59360 59401 69
59367 59396 47
59374 59403 92
59398 59419 291
59411 59421 1
59428 59445 135
59449 59493 238
59477 59482 32
59503 59505 229
59517 59537 51
59547 59590 203
59571 59617 85
59596 59619 150
59625 59627 297
59638 59653 149
59663 59689 31
59669 59719 81
59694 59743 123
59701 59738 173
59714 59734 32
59732 59782 214
59759 59782 78
59767 59810 105
59775 59808 233
59785 59805 24
59807 59829 235
59833 59857 169
59858 59872 141
59867 59902 63
59894 59918 300
59912 59918 49
59927 59965 231
59942 59984 294
59950 59983 288
59957 59985 277
59965 60002 272
59994 60033 81
60016 60017 131
60019 60050 48
60024 60069 216
60041 60074 153
60041 60054 59
60055 60070 84
60061 60098 282
60084 60133 242
60091 60140 117
60117 60135 110
60123 60165 125
60128 60170 288
60142 60167 10
60147 60175 165
60159 60198 249
60183 60212 109
60205 60233 102
60229 60268 168
60235 60259 248
60240 60286 223
60270 60271 281
60299 60300 140
60316 60348 287
60316 60347 118
60324 60353 102
60336 60352 181
60359 60365 252
60385 60410 266
60392 60433 218
60392 60418 43
60405 60410 87
60418 60462 8
60419 60446 295
60437 60461 5
60462 60479 243
60465 60480 177
60479 60506 105
60484 60530 283
60513 60543 270
60529 60550 175
60548 60576 173
60552 60597 214
60563 60604 143
60567 60575 57
60594 60613 194
60615 60627 15
60645 60653 270
60649 60655 258
60663 60704 214
60693 60697 235
60706 60749 159
60732 60767 35
60737 60778 77
60755 60761 26
60771 60814 102
60778 60820 80
60778 60806 188
60780 60823 99
60796 60804 119
60804 60822 256
60820 60823 101
60821 60840 149
60827 60871 272
60827 60868 91
60845 60885 190
60847 60884 168
60857 60904 277
60858 60904 98
60868 60891 232
60868 60904 215
60877 60919 8
60898 60924 11
60907 60922 49
60916 60925 22
60926 60951 117
60955 60958 5
60957 60999 251
60969 60972 161
60973 61007 61
60990 61017 238
61018 61044 276
61021 61039 4
61043 61092 184
61043 61079 106
61070 61111 88
61098 61102 280
61127 61164 138
61149 61186 211
61169 61196 82
61190 61211 1
61217 61263 127
61225 61255 138
61227 61257 144
61245 61264 22
61255 61272 77
61278 61296 252
61300 61311 282
61304 61336 191
61316 61320 16
61332 61349 85
61337 61358 126
61339 61363 11
61346 61382 27
61370 61401 297
61376 61407 121
61390 61403 130
61393 61397 82
61397 61430 90
61421 61425 204
61443 61448 29
61465 61467 293
61479 61523 182
61483 61532 225
61488 61535 94
61501 61517 224
61507 61525 80
61508 61546 227
61514 61533 11
61542 61562 271
61544 61593 242
61574 61599 264
61581 61597 230
61590 61597 248
61593 61612 261
61619 61653 250
61626 61662 6
61647 61693 112
61669 61704 215
61674 61703 85
61698 61733 4
61699 61723 126
61702 61712 22
61717 61724 290
61746 61761 252
61765 61781 33
61793 61827 108
61796 61830 73
61817 61838 182
61839 61889 262
61840 61878 92
61841 61854 138
61851 61891 194
61880 61927 209
61893 61942 7
61914 61936 114
61939 61946 30
61956 61975 6
61982 62025 131
61987 62004 247
62005 62034 256
62026 62071 12
62035 62059 115
62063 62066 119
62092 62109 188
62097 62126 239
62123 62165 168
62129 62176 213
62143 62157 133
62144 62184 177
62168 62202 237
62188 62206 142
62218 62233 220
62228 62253 173
62253 62302 205
62271 62306 272
62299 62331 50
62314 62356 256
62338 62341 218
62345 62349 170
62366 62388 20
62395 62425 105
62396 62437 253
62406 62441 64
62436 62485 144
62454 62463 266
62460 62510 292
62460 62482 93
62476 62508 233
62503 62531 188
62508 62512 288
62526 62551 85
62548 62549 187
62568 62575 176
62586 62635 139
62587 62626 125
62611 62621 89
62635 62674 247
62662 62665 252
62664 62692 3
62687 62722 133
62696 62730 258
62706 62733 269
62721 62769 210
62724 62742 211
62734 62742 4
62739 62784 141
62745 62784 93
62774 62797 150
62786 62797 279
62802 62844 192
62822 62841 142
62833 62872 56
62842 62868 257
62844 62886 161
62847 62882 250
62877 62885 269
62891 62901 125
62910 62931 204
62940 62986 137
62951 62992 197
62977 63005 205
62977 62994 227
62996 63005 299
62996 63032 289
63021 63063 21
63040 63062 178
63065 63099 60
63068 63099 182
63096 63115 56
63097 63099 77
63110 63155 229
63135 63158 57
63143 63154 194
63171 63185 154
63198 63215 288
63226 63245 188
63240 63259 210
63246 63269 282
63266 63304 78
63270 63278 67
63284 63325 155
63307 63315 247
63321 63338 289
63327 63356 129
63328 63367 125
63340 63341 75
63350 63375 37
63357 63359 192
63358 63396 181
63372 63387 48
63386 63436 86
63411 63412 125
63434 63440 30
63446 63479 66
63454 63497 115
63475 63502 286
63503 63530 225
63523 63564 14
63530 63554 279
63540 63569 106
63564 63566 249
63582 63594 77
63608 63619 51
63630 63677 298
63642 63676 156
63650 63690 8
63669 63717 66
63672 63707 11
63682 63694 68
63682 63720 129
63687 63701 121
63707 63744 75
63710 63717 95
63726 63771 288
63747 63765 5
63747 63771 96
63757 63804 198
63770 63771 72
63781 63790 88
63805 63826 213
63835 63836 173
63847 63884 138
63862 63873 90
63872 63905 121
63887 63918 184
63904 63908 218
63924 63926 206
63930 63963 110
63930 63979 15
63946 63975 133
63975 63979 64
63987 64005 121
63996 64045 206
64020 64041 113
64043 64066 195
64060 64085 88
64083 64100 102
64100 64122 282
64129 64159 261
64153 64176 291
64183 64217 244
64195 64210 45
64211 64247 157
64233 64264 179
64247 64292 97
64275 64305 191
64305 64317 136
64307 64343 226
64311 64320 35
64334 64375 65
64345 64346 275
64360 64367 34
64383 64424 48
64402 64435 222
64412 64429 198
64417 64424 13
64447 64461 87
64469 64510 85
64497 64512 300
64499 64503 121
64507 64518 170
64517 64564 171
64538 64567 68
64541 64560 23
64542 64566 163
64554 64557 195
64554 64568 133
64554 64598 84
64581 64622 289
64597 64623 16
64626 64659 22
64632 64642 196
64659 64665 211
64683 64733 104
64702 64745 69
64716 64723 243
64739 64766 78
64740 64774 261
64759 64765 26
64776 64793 2
64797 64816 129
64816 64841 262
64836 64873 162
64849 64861 222
64858 64886 141
64863 64870 84
64871 64908 290
64871 64909 280
64871 64875 17
64886 64933 103
64907 64925 62
64926 64936 251
64949 64999 239
64957 64979 12
64965 64972 44
64967 64982 16
64996 65013 184
64999 65000 6
65024 65034 271
65036 65067 280
65064 65112 215
65075 65103 181
65104 65139 121
65117 65135 279
65119 65165 138
65129 65147 80
65152 65197 210
65154 65190 297
65155 65196 61
65156 65200 36
65173 65213 132
65176 65214 224
65179 65203 27
65203 65205 72
65229 65240 96
65250 65282 69
65277 65294 48
65290 65317 203
65316 65337 218
65316 65331 172
65341 65361 41
65366 65395 97
65380 65410 222
65410 65435 230
65434 65435 213
65437 65456 138
65440 65481 92
65451 65501 284
65470 65499 256
65495 65506 254
65523 65528 263
65541 65571 205
65566 65602 240
65568 65587 150
65578 65607 109
65584 65597 268
65601 65637 39
65608 65644 202
65612 65657 105
65636 65668 236
65637 65654 127
65655 65658 66
65682 65699 172
65702 65745 218
65730 65753 247
65732 65744 210
65734 65745 211
65736 65761 227
65753 65787 120
65758 65764 289
65761 65805 215
65782 65807 130
65800 65805 77
65800 65848 262
65809 65841 122
65823 65842 116
65844 65863 235
65857 65902 215
65858 65868 235
65883 65905 267
65887 65906 171
65895 65934 73
65895 65932 110
65897 65930 57
65903 65932 274
65933 65957 237
65942 65981 145
65959 65977 56
65977 65995 95
65988 66036 101
66002 66031 143
66022 66027 221
66022 66063 263
66028 66063 15
66029 66045 169
66055 66102 95
66056 66075 169
66069 66085 180
66094 66117 257
66102 66126 107
66132 66165 179
66147 66156 57
66157 66192 110
66163 66213 298
66183 66219 197
66201 66208 161
66212 66255 274
66230 66265 159
66239 66284 287
66253 66285 130
66273 66295 289
66277 66299 293
66278 66283 137
66303 66308 198
66314 66364 169
66320 66341 138
66339 66368 115
66341 66351 174
66352 66394 116
66378 66390 108
66391 66418 23
66406 66432 209
66419 66434 61
66425 66451 73
66451 66457 196
66474 66512 129
66480 66508 228
66501 66502 47
66528 66566 42
66543 66587 86
66565 66572 98
66592 66595 166
66602 66616 29
66632 66657 166
66656 66694 165
66684 66717 236
66702 66740 72
66723 66735 211
66727 66736 126
66735 66747 94
66765 66802 244
66765 66790 247
66774 66780 58
66780 66808 232
66800 66845 260
66817 66851 175
66833 66842 45
66861 66862 82
66881 66919 276
66892 66894 189
66901 66948 224
66902 66927 189
66929 66956 80
66933 66983 188
66941 66978 218
66952 66974 270
66958 66990 293
66972 66973 54
66985 67001 176
66995 67030 251
67002 67012 262
67029 67066 118
67050 67052 17
67077 67111 23
67103 67122 144
67106 67144 288
67120 67158 111
67134 67168 272
67135 67149 259
67153 67155 36
67161 67200 159
67165 67197 243
67176 67199 93
67201 67224 292
67227 67276 243
67232 67240 45
67242 67273 187
67270 67275 13
67289 67331 208
67314 67322 248
67333 67359 245
67347 67391 57
67376 67381 36
67392 67412 168
67422 67457 281
67444 67457 247
67465 67475 52
67477 67506 73
67488 67527 266
67508 67552 6
67525 67534 292
67536 67559 280
67565 67583 169
67566 67572 130
67576 67606 142
67576 67588 121
67585 67612 255
67603 67652 170
67626 67654 151
67630 67666 177
67653 67688 99
67663 67713 55
67678 67695 52
67682 67712 172
67705 67752 106
67732 67755 300
67759 67770 193
67778 67812 31
67795 67840 182
67809 67822 47
67832 67851 273
67835 67875 154
67854 67870 13
67871 67898 236
67874 67918 269
67899 67917 197
67913 67927 120
67932 67942 259
67962 67986 249
67981 67996 261
67985 68024 188
67999 68032 122
68029 68064 233
68030 68053 269
68050 68081 253
68051 68089 256
68062 68083 248
68076 68118 145
68099 68127 285
68126 68169 56
68136 68175 200
68146 68181 214
68158 68174 148
68174 68201 101
68175 68199 245
68204 68242 118
68231 68276 152
68233 68236 276
68246 68280 189
68256 68274 192
68271 68283 231
68299 68320 138
68300 68328 106
68301 68317 153
68307 68338 274
68310 68336 128
68319 68343 83
68321 68345 154
68350 68361 52
68358 68408 272
68370 68393 7
68399 68437 255
68406 68413 221
68427 68467 120
68436 68441 178
68457 68497 281
68473 68477 21
68499 68539 156
68513 68539 153
68543 68554 58
68551 68585 260
68566 68572 23
68576 68619 282
68603 68610 85
68618 68648 9
68634 68662 172
68662 68682 232
68679 68714 11
68691 68695 74
68695 68706 145
68709 68714 259
68724 68729 270
68736 68750 169
68737 68768 97
68758 68780 130
68782 68805 113
68806 68847 75
68813 68854 143
68817 68838 87
68820 68828 222
68830 68860 46
68840 68853 50
68870 68872 199
68893 68940 154
68896 68933 100
68920 68966 114
68929 68938 181
68956 68968 23
68986 69018 177
69005 69037 59
69015 69018 51
69042 69045 172
69051 69100 66
69062 69081 107
69091 69139 272
69098 69135 299
69101 69141 82
69117 69167 206
69118 69158 20
69139 69180 60
69140 69180 130
69155 69188 220
69185 69227 25
69195 69225 176
69217 69218 199
69240 69278 44
69266 69279 87
69276 69315 188
69295 69321 119
69297 69305 100
69299 69330 172
69312 69322 249
69329 69344 248
69329 69379 204
69331 69380 199
69333 69382 103
69354 69362 287
69374 69413 179
69387 69406 189
69407 69420 142
69427 69457 64
69446 69458 197
69457 69501 97
69460 69480 127
69486 69510 3
69498 69541 240
69515 69549 209
69530 69534 254
69539 69573 46
69551 69568 118
69555 69596 229
69560 69568 116
69587 69631 25
69608 69618 97
69636 69675 227
69663 69705 5
69675 69701 56
69700 69713 129
69713 69752 204
69721 69731 234
69743 69790 172
69757 69778 24
69758 69788 149
69786 69794 225
69802 69825 88
69810 69824 167
69822 69843 63
69823 69863 149
69826 69852 293
69856 69906 191
69862 69878 206
69869 69909 38
69884 69891 226
69905 69918 76
69914 69964 120
69926 69941 169
69931 69940 255
69931 69964 260
69956 69966 107
69968 69990 107
69971 69993 192
70000 70031 95
70029 70061 8
70052 70068 74
70075 70121 54
70084 70129 144
70111 70151 12
70138 70144 248
70149 70180 218
70175 70195 179
70204 70212 234
70207 70231 104
70219 70262 128
70226 70228 162
70241 70257 68
70266 70302 116
70293 70341 197
70305 70355 177
70319 70345 155
70344 70384 137
70374 70417 136
70400 70435 64
70401 70438 49
70422 70430 11
70443 70491 103
70443 70491 237
70453 70485 61
70467 70512 139
70488 70490 20
70511 70537 191
70529 70574 272
70558 70602 69
70559 70583 27
70584 70595 113
70592 70598 28
70597 70642 7
70607 70649 87
70625 70652 200
70629 70679 173
70630 70650 1
70658 70701 202
70663 70699 214
70689 70730 269
70711 70721 104
70741 70779 169
70754 70780 151
70755 70786 187
70757 70799 110
70770 70790 280
70792 70800 223
70813 70847 220
70835 70884 53
70856 70857 87
70877 70907 139
70900 70908 97
70916 70917 223
70944 70977 174
70954 70990 146
70984 70997 225
71014 71020 108
71018 71030 27
71026 71030 175
71048 71075 297
71049 71067 278
71060 71094 259
71065 71109 156
71069 71072 25
71088 71097 239
71118 71136 150
71119 71160 261
71138 71139 25
71165 71172 282
71169 71197 34
71184 71188 60
71208 71218 111
71231 71241 288
71248 71267 100
71257 71291 168
71285 71330 240
71303 71312 119
71324 71351 118
71337 71386 167
71352 71374 127
71375 71384 132
71378 71417 104
71397 71400 239
71397 71416 241
71426 71465 84
71436 71438 80
71462 71508 52
71491 71521 248
71493 71538 153
71505 71555 193
71525 71543 36
71544 71571 241
71554 71596 275
71560 71595 293
71571 71589 82
71591 71625 235
71597 71641 127
71603 71621 144
71623 71628 262
71640 71686 269
71656 71704 171
71670 71691 231
71694 71716 186
71697 71708 173
71726 71764 48
71754 71792 205
71755 71771 56
71784 71790 93
71804 71854 202
71829 71850 176
71843 71862 279
71865 71892 293
71874 71917 63
71884 71930 256
71914 71950 283
71923 71955 30
71927 71972 241
71947 71956 92
71957 71959 66
71962 72002 289
71986 71987 128
71987 72031 164
72017 72032 258
72025 72061 175
72031 72062 40
72057 72066 268
72061 72095 91
72088 72135 109
72094 72119 135
72119 72121 125
72119 72127 125
72146 72170 109
72156 72186 187
72183 72184 152
72205 72218 195
72208 72234 254
72236 72246 32
72261 72290 252
72283 72311 162
72288 72289 272
72313 72338 186
72328 72377 87
72330 72366 258
72335 72348 280
72341 72369 149
72369 72406 87
72381 72401 299
72383 72411 155
72393 72440 269
72418 72419 140
72429 72439 48
72458 72492 179
72486 72534 27
72489 72510 254
72511 72557 189
72527 72560 265
72540 72553 145
72559 72573 26
72581 72627 140
72581 72627 51
72597 72644 122
72609 72645 106
72628 72647 292
72643 72693 38
72670 72693 240
72693 72734 103
72710 72748 159
72716 72738 244
72735 72748 252
72761 72763 125
72768 72818 149
72787 72794 38
72816 72851 245
72829 72860 95
72838 72875 27
72843 72846 214
72860 72900 229
72869 72873 139
72896 72914 81
72908 72917 32
72912 72944 274
72917 72939 177
72943 72982 298
72943 72987 111
72951 72966 284
72964 73006 298
72972 72996 53
72983 73030 215
73010 73012 1
73021 73027 113
73035 73042 87
73046 73092 64
73056 73090 201
73083 73128 17
73093 73139 33
73113 73157 232
73128 73147 256
73134 73147 125
73158 73188 160
73176 73194 83
73188 73216 277
73213 73258 100
73226 73229 158
73256 73284 5
73274 73309 262
73278 73327 8
73288 73318 264
73313 73340 56
73342 73372 235
73367 73408 283
73379 73393 226
73396 73425 214
73402 73428 66
73419 73458 93
73437 73486 246
73450 73499 103
73454 73468 68
73465 73504 151
73483 73508 110
73490 73508 52
73491 73536 129
73521 73531 45
73549 73576 85
73568 73580 2
73590 73602 229
73610 73636 249
73636 73676 142
73640 73689 207
73657 73661 226
73675 73690 212
73678 73724 191
73704 73727 62
73706 73724 287
73721 73749 242
73737 73775 204
73748 73788 164
73758 73804 146
73758 73794 225
73787 73809 110
73814 73832 262
73842 73853 260
73861 73886 270
73880 73883 250
73903 73929 35
73906 73938 226
73919 73950 276
73929 73976 88
73954 73962 99
73968 74016 61
73984 73997 3
74007 74025 248
74034 74059 9
74034 74080 69
74034 74060 192
74060 74082 245
74079 74124 88
74093 74133 7
74109 74145 138
74115 74154 44
74143 74192 251
74143 74145 51
74157 74201 67
74176 74195 239
74188 74203 240
74214 74248 299
74223 74254 147
74234 74244 46
74242 74254 24
74254 74294 151
74277 74288 33
74293 74337 77
74308 74310 161
74336 74338 7
74359 74365 203
74362 74404 72
74384 74432 292
74391 74422 254
74412 74460 171
74436 74448 194
74465 74468 160
74472 74477 272
74498 74499 92
74499 74528 185
74525 74533 238
74529 74545 63
74541 74550 180
74560 74586 42
74580 74591 161
74603 74629 217
74622 74645 144
74648 74679 282
74668 74671 22
74678 74712 140
74688 74729 163
74702 74709 192
74713 74718 258
74734 74760 112
74751 74798 215
74754 74778 164
74779 74798 29
74780 74822 208
74810 74850 184
74828 74860 117
74850 74879 99
74867 74899 16
74887 74934 282
74894 74907 133
74905 74916 31
74910 74923 122
74910 74934 194
74931 74976 73
74961 75005 36
74990 75008 235
75007 75046 112
75034 75065 76
