5000
27 51 80
38 82 105
60 86 216
63 101 136
86 92 10
115 133 245
121 131 114
131 139 169
152 168 192
169 185 50
186 204 183
207 225 252
214 227 283
235 267 134
254 296 248
266 313 138
294 315 177
324 360 274
347 349 145
360 376 3
364 404 210
385 434 33
389 397 160
412 439 158
430 459 17
448 458 37
478 483 174
501 505 50
506 554 237
507 545 251
535 570 197
544 571 17
564 569 239
592 609 261
592 599 48
612 616 38
641 677 280
670 684 251
692 728 213
709 755 272
733 768 65
745 756 197
764 805 243
772 781 165
775 824 214
797 810 148
809 818 224
832 870 140
849 866 238
864 908 270
876 924 37
886 899 247
913 950 94
916 961 223
922 963 196
937 953 251
962 986 226
968 1016 201
986 1017 273
1007 1020 153
1030 1033 232
1041 1090 253
1069 1084 115
1089 1138 138
1113 1138 59
1142 1154 287
1148 1160 136
1175 1218 76
1184 1220 152
1211 1225 287
1233 1278 203
1243 1244 175
1245 1268 288
1272 1290 238
1277 1318 50
1290 1324 41
1295 1337 139
1304 1315 8
1309 1340 182
1320 1337 64
1338 1387 88
1343 1356 217
1354 1366 254
1367 1416 135
1383 1394 78
1403 1439 81
1420 1440 221
1437 1483 227
1464 1469 149
1489 1495 158
1492 1517 174
1501 1536 22
1512 1527 64
1536 1568 266
1545 1573 271
1558 1595 14
1572 1603 300
1574 1624 42
1597 1625 103
1615 1617 114
1617 1626 66
1628 1657 284
1653 1672 155
1679 1711 139
1702 1705 63
1711 1757 260
1735 1747 212
1752 1757 12
1756 1761 225
1757 1777 214
1764 1774 277
1773 1779 32
1788 1807 14
1816 1837 150
1840 1879 15
1850 1852 91
1880 1905 193
1897 1938 6
1923 1947 232
1930 1970 289
1956 1961 107
1976 1985 220
1999 2012 258
2014 2045 202
2040 2087 249
2049 2092 184
2061 2067 1
2073 2100 95
2094 2129 24
2124 2134 225
2124 2171 174
2149 2183 234
2152 2181 238
2154 2183 259
2175 2218 282
2182 2198 181
2210 2218 199
2240 2290 35
2260 2272 289
2262 2263 286
2272 2281 44
2288 2308 99
2318 2340 61
2337 2383 1
2344 2374 139
2366 2376 156
2380 2381 250
2392 2440 263
2414 2432 108
2437 2446 47
2456 2461 135
2466 2507 14
2480 2502 199
2490 2516 55
2495 2528 29
2516 2525 281
2524 2545 53
2527 2576 106
2536 2558 263
2547 2572 162
2571 2602 94
2579 2603 202
2602 2604 225
2618 2628 59
2618 2659 226
2620 2628 277
2630 2666 228
2639 2673 13
2642 2648 5
2666 2675 145
2674 2681 71
2695 2715 138
2711 2758 192
2715 2746 282
2733 2749 277
2747 2758 30
2754 2771 271
2768 2801 210
2779 2818 174
2802 2809 242
2821 2838 107
2850 2885 96
2865 2887 231
2873 2898 113
2890 2939 65
2893 2927 239
2898 2917 221
2919 2929 186
2919 2925 277
2922 2944 297
2945 2994 197
2957 2990 5
2984 2985 252
3012 3024 192
3029 3047 31
3036 3081 99
3036 3069 43
3037 3047 80
3065 3112 146
3070 3109 13
3071 3102 7
3077 3121 20
3091 3102 5
3095 3135 248
3096 3122 173
3101 3142 281
3116 3133 4
3129 3177 264
3157 3183 78
3168 3191 102
3187 3236 290
3214 3258 187
3234 3281 26
3240 3275 18
3249 3272 229
3262 3305 153
3273 3311 34
3289 3297 242
3289 3295 10
3293 3297 276
3311 3348 154
3331 3345 109
3342 3372 238
3349 3387 259
3358 3388 85
3388 3398 66
3393 3441 240
3412 3421 273
3432 3441 138
3462 3503 293
3482 3498 71
3486 3530 275
3508 3524 23
3537 3553 186
3551 3600 166
3559 3593 153
3587 3630 62
3617 3630 208
3647 3685 89
3674 3702 271
3682 3704 125
3708 3736 174
3719 3758 192
3735 3780 23
3760 3800 268
3765 3775 197
3781 3802 142
3803 3851 267
3833 3876 260
3846 3894 176
3848 3897 82
3866 3887 151
3884 3921 76
3891 3905 23
3905 3940 267
3924 3932 144
3948 3989 60
3951 3955 26
3978 3984 114
3992 4023 130
4018 4026 281
4047 4060 125
4053 4070 114
4055 4082 283
4075 4100 65
4080 4127 189
4081 4125 181
4087 4128 57
4098 4106 248
4125 4159 174
4136 4178 283
4143 4146 89
4144 4185 256
4156 4199 57
4167 4197 216
4174 4223 204
4183 4222 31
4212 4237 23
4225 4269 147
4225 4250 147
4254 4259 133
4262 4296 279
4271 4314 163
4287 4336 267
4298 4334 228
4316 4347 135
4340 4386 247
4357 4370 243
4371 4373 219
4374 4412 264
4393 4420 63
4398 4401 290
4416 4435 30
4445 4451 44
4461 4477 176
4469 4482 287
4477 4501 58
4498 4516 199
4521 4567 173
4531 4563 235
4554 4604 4
4575 4616 67
4583 4592 237
4588 4599 77
4610 4649 94
4633 4682 184
4650 4672 281
4678 4723 65
4707 4754 284
4709 4745 170
4729 4755 197
4741 4781 210
4752 4769 92
4752 4761 206
4771 4814 271
4774 4777 143
4796 4815 43
4801 4814 24
4829 4869 251
4831 4837 99
4856 4857 266
4875 4897 24
4883 4909 108
4895 4924 211
4922 4927 169
4930 4944 300
4933 4952 100
4958 4999 260
4965 4997 137
4991 5008 30
5009 5057 110
5033 5035 96
5036 5057 150
5038 5078 107
5039 5051 202
5066 5070 252
5072 5112 288
5093 5103 236
5120 5142 56
5143 5162 290
5155 5187 153
5172 5202 51
5195 5210 229
5220 5227 249
5234 5236 229
5248 5280 104
5274 5309 178
5293 5294 221
5314 5348 173
5332 5351 157
5356 5382 266
5361 5391 281
5364 5411 232
5385 5393 176
5415 5436 52
5435 5476 285
5444 5488 137
5446 5470 235
5473 5483 104
5495 5513 33
5525 5561 198
5546 5561 228
5575 5593 77
5604 5633 103
5614 5622 227
5637 5642 154
5638 5655 255
5662 5671 48
5678 5695 176
5705 5744 65
5710 5760 225
5714 5732 166
5742 5774 59
5761 5766 90
5779 5804 46
5808 5826 184
5822 5863 56
5850 5867 6
5857 5882 70
5878 5886 98
5902 5929 99
5903 5931 69
5933 5956 31
5948 5964 64
5973 6012 156
5988 6013 251
6015 6057 154
6044 6071 87
6058 6061 213
6078 6121 210
6078 6079 246
6105 6129 186
6106 6147 53
6136 6142 189
6138 6151 13
6140 6160 64
6166 6208 34
6187 6236 183
6203 6217 180
6211 6219 174
6215 6219 87
6228 6278 137
6235 6281 255
6237 6270 83
6254 6266 212
6264 6296 26
6274 6281 66
6297 6301 1
6307 6357 9
6311 6354 279
6321 6359 136
6332 6375 119
6355 6403 26
6373 6391 155
6380 6413 174
6395 6404 119
6408 6410 26
6421 6423 240
6425 6445 119
6438 6461 227
6463 6467 181
6463 6476 156
6489 6498 120
6493 6523 212
6509 6521 8
6515 6553 39
6516 6541 46
6517 6531 235
6538 6553 49
6567 6600 77
6591 6631 133
6614 6650 216
6629 6668 233
6659 6694 185
6683 6703 232
6698 6723 231
6716 6755 76
6742 6763 146
6760 6805 223
6770 6791 272
6781 6829 86
6797 6846 117
6797 6817 193
6805 6810 82
6831 6835 73
6839 6859 90
6843 6858 68
6855 6885 262
6879 6880 232
6908 6943 60
6927 6977 52
6944 6945 55
6973 7014 267
6986 7033 78
7014 7025 167
7014 7020 254
7020 7052 10
7033 7044 210
7052 7075 147
7082 7083 27
7094 7104 94
7097 7140 153
7115 7152 200
7135 7168 157
7163 7165 156
7165 7189 272
7173 7181 283
7174 7218 43
7186 7201 297
7200 7239 33
7211 7238 129
7211 7228 164
7223 7255 11
7252 7273 188
7282 7322 211
7298 7301 100
7309 7342 224
7329 7330 71
7342 7353 91
7365 7371 151
7388 7434 216
7397 7422 16
7424 7457 57
7446 7479 55
7474 7503 273
7503 7505 126
7511 7513 62
7524 7540 46
7552 7585 79
7552 7560 279
7571 7604 121
7595 7614 34
7616 7662 209
7623 7639 129
7643 7688 194
7669 7678 101
7687 7710 291
7712 7757 280
7721 7729 13
7734 7742 194
7743 7748 229
7753 7779 55
7765 7811 68
7780 7826 291
7808 7815 112
7834 7882 191
7858 7859 290
7876 7914 177
7894 7919 296
7910 7945 196
7940 7986 42
7965 7982 48
7978 8018 149
7978 7986 210
8005 8010 9
8030 8065 206
8031 8056 133
8035 8081 186
8065 8098 55
8092 8123 252
8092 8140 40
8114 8141 96
8137 8181 107
8137 8144 226
8141 8147 296
8150 8192 198
8176 8213 6
8199 8228 184
8214 8249 124
8216 8219 200
8232 8260 98
8248 8256 139
8254 8300 279
8261 8273 181
8275 8315 96
8279 8317 213
8296 8320 120
8305 8327 201
8311 8358 3
8329 8357 122
8336 8358 8
8347 8395 281
8353 8375 82
8377 8389 142
8396 8419 116
8402 8426 157
8428 8432 38
8453 8489 27
8472 8511 247
8488 8499 153
8501 8550 220
8505 8553 185
8521 8557 299
8550 8574 114
8557 8605 176
8574 8597 128
8585 8592 76
8592 8597 299
8614 8631 114
8636 8639 296
8653 8681 96
8670 8703 117
8697 8714 212
8724 8725 76
8732 8773 82
8737 8757 116
8766 8794 211
8786 8833 5
8797 8836 288
8799 8805 38
8829 8837 168
8848 8898 155
8862 8868 56
8862 8910 114
8888 8892 270
8911 8914 288
8924 8965 232
8942 8957 219
8943 8988 229
8960 8995 110
8980 9004 240
8987 9010 246
9003 9021 231
9005 9031 74
9031 9074 151
9040 9066 15
9040 9071 137
9054 9078 31
9073 9111 292
9091 9121 198
9102 9152 292
9112 9130 77
9128 9163 207
9133 9179 10
9147 9184 224
9175 9194 84
9204 9217 200
9233 9283 4
9236 9277 155
9240 9257 211
9255 9273 72
9260 9296 257
9273 9306 210
9284 9317 251
9297 9317 249
9311 9355 75
9339 9347 166
9356 9388 166
9384 9427 86
9411 9458 237
9427 9450 91
9440 9465 114
9440 9456 202
9456 9477 200
9466 9509 115
9485 9487 142
9493 9530 141
9517 9565 28
9534 9577 56
9559 9583 176
9586 9597 274
9600 9634 139
9621 9656 250
9632 9681 154
9651 9652 210
9674 9677 102
9701 9734 215
9707 9715 112
9735 9773 135
9761 9782 252
9784 9792 124
9806 9845 192
9830 9875 194
9840 9844 219
9869 9909 238
9869 9880 115
9875 9913 90
9878 9886 1
9880 9907 259
9908 9957 71
9924 9964 251
9938 9941 69
9955 9983 164
9964 9969 123
9988 10017 279
10008 10009 177
10023 10073 102
10027 10049 208
10038 10062 132
10039 10082 135
10044 10051 219
10054 10074 155
10060 10096 154
10076 10087 173
10092 10100 234
10102 10137 6
10122 10167 19
10149 10167 30
10167 10203 231
10192 10216 120
10209 10220 35
10209 10210 18
10217 10227 256
10242 10290 175
10268 10310 175
10276 10296 51
10289 10303 283
10309 10350 87
10334 10362 258
10364 10397 36
10383 10419 140
10388 10430 214
10396 10442 95
10412 10428 15
10425 10471 261
10453 10463 75
10461 10506 258
10490 10509 244
10500 10545 262
10514 10553 130
10530 10580 50
10534 10550 138
10538 10544 14
10539 10546 40
10544 10549 186
10553 10570 110
10557 10578 152
10568 10615 96
10571 10607 33
10591 10627 169
10609 10627 189
10631 10656 53
10640 10689 144
10670 10709 263
10695 10717 284
10714 10715 5
10719 10749 74
10728 10767 87
10757 10782 72
10766 10771 182
10787 10820 209
10801 10847 233
10808 10825 81
10816 10822 112
10845 10885 193
10862 10895 26
10870 10879 56
10876 10894 186
10900 10918 51
10930 10941 209
10932 10958 225
10954 10975 260
10967 11010 257
10988 11021 8
11014 11053 126
11023 11030 174
11046 11053 128
11057 11079 111
11066 11087 37
11071 11095 198
11078 11110 10
11083 11104 279
11096 11103 285
11120 11154 45
11134 11162 289
11164 11173 110
11187 11217 68
11192 11208 193
11193 11194 254
11214 11256 131
11221 11267 51
11249 11272 219
11253 11261 49
11254 11257 222
11270 11289 88
11271 11317 155
11284 11306 291
11306 11356 36
11327 11369 286
11338 11341 52
11357 11374 266
11381 11428 271
11383 11407 247
11406 11447 267
11430 11439 229
11447 11478 197
11464 11502 278
11464 11471 77
11487 11489 257
11509 11537 2
11517 11537 266
11529 11557 163
11549 11589 10
11577 11614 16
11580 11605 91
11588 11599 268
11606 11650 113
11633 11675 279
11657 11707 177
11680 11723 98
11686 11734 283
11716 11759 114
11724 11739 298
11743 11748 190
11757 11794 60
11771 11789 231
11779 11795 177
11785 11832 250
11797 11825 110
11804 11806 268
11807 11819 46
11825 11862 264
11830 11845 291
11842 11878 33
11869 11886 24
11899 11949 95
11915 11962 192
11937 11965 204
11962 11992 187
11992 12008 194
11998 12047 186
12027 12064 52
12039 12076 65
12041 12045 155
12071 12100 69
12074 12076 70
12100 12109 295
12112 12121 118
12123 12141 247
12141 12182 132
12146 12194 163
12150 12158 153
12150 12164 194
12179 12180 39
12197 12236 163
12199 12228 289
12220 12249 245
12236 12275 121
12250 12268 94
12278 12285 116
12288 12311 194
12294 12342 111
12319 12341 124
12349 12358 16
12358 12384 273
12376 12409 5
12390 12410 48
12408 12440 184
12417 12421 267
12421 12447 279
12442 12491 106
12445 12470 64
12468 12500 7
12485 12505 265
12495 12509 70
12509 12519 108
12537 12573 214
12545 12593 171
12561 12605 69
12580 12596 43
12594 12609 109
12620 12664 58
12642 12690 271
12645 12672 163
12662 12672 189
12662 12670 260
12682 12721 65
12693 12738 128
12719 12725 221
12731 12768 58
12758 12774 232
12766 12816 17
12784 12785 43
12810 12848 53
12811 12857 258
12821 12828 74
12846 12873 8
12865 12879 61
12893 12912 228
12909 12914 200
12927 12959 129
12956 12972 68
12956 12986 250
12962 13004 226
12978 13010 39
12993 13028 279
12999 13028 292
13012 13020 201
13026 13035 164
13026 13053 149
13047 13056 75
13052 13096 62
13052 13068 219
13074 13101 189
13087 13137 150
13105 13135 209
13110 13142 220
13139 13182 213
13148 13159 10
13167 13185 181
13170 13198 165
13178 13187 110
13207 13249 278
13221 13267 134
13228 13234 266
13256 13264 296
13272 13304 275
13291 13292 147
13297 13303 171
13312 13349 237
13320 13330 170
13334 13344 247
13351 13392 88
13353 13389 179
13378 13391 124
13396 13440 58
13422 13424 94
13443 13491 90
13470 13507 184
13490 13498 267
13495 13513 128
13501 13541 229
13506 13543 125
13521 13553 272
13537 13548 267
13561 13577 199
13562 13569 68
13587 13625 185
13591 13607 295
13606 13608 235
13609 13622 82
13628 13666 28
13639 13679 23
13664 13668 230
13689 13719 62
13719 13769 189
13729 13749 158
13735 13772 221
13764 13766 88
13774 13789 158
13794 13832 295
13823 13862 123
13832 13872 204
13832 13835 273
13851 13870 10
13855 13891 139
13884 13917 261
13897 13939 210
13913 13948 219
13921 13951 286
13950 13989 247
13959 14006 297
13969 13982 279
13998 14048 158
14012 14017 89
14036 14066 151
14058 14089 56
14061 14095 117
14069 14110 66
14081 14108 286
14104 14129 210
14106 14119 101
14125 14138 218
14149 14153 253
14173 14201 142
14178 14182 8
14188 14226 16
14207 14235 31
14234 14254 166
14261 14270 56
14270 14306 208
14295 14326 180
14302 14303 219
14328 14351 161
14342 14370 9
14352 14388 64
14365 14391 169
14369 14388 214
14370 14398 154
14392 14404 48
14397 14421 110
14406 14431 219
14423 14451 120
14438 14443 5
14464 14494 197
14476 14506 92
14482 14507 61
14488 14507 140
14505 14522 170
14526 14542 197
14528 14558 54
14542 14578 293
14551 14571 7
14554 14560 130
14582 14608 237
14606 14610 166
14613 14616 155
14632 14658 35
14658 14665 42
14681 14712 275
14700 14749 150
14729 14768 103
14730 14748 222
14745 14769 278
14761 14796 225
14763 14771 204
14778 14814 84
14788 14790 139
14803 14832 184
14831 14854 112
14855 14885 234
14871 14899 38
14890 14900 62
14898 14942 34
14928 14943 223
14956 14964 102
14971 15012 247
14975 15008 209
14992 15038 153
15005 15026 280
15015 15024 22
15017 15036 102
15020 15069 202
15044 15084 272
15069 15095 110
15076 15115 26
15079 15116 117
15096 15111 191
15097 15108 40
15123 15129 195
15127 15170 148
15151 15191 237
15154 15185 261
15156 15187 199
15172 15180 233
15180 15192 188
15193 15212 63
15219 15261 168
15223 15236 98
15224 15241 174
15224 15256 71
15228 15248 256
15249 15257 93
15274 15311 291
15285 15330 99
15285 15326 272
15290 15316 140
15290 15312 120
15293 15325 124
15296 15324 300
15302 15348 80
15302 15309 2
15312 15327 114
15322 15340 137
15346 15375 259
15359 15376 179
15361 15398 87
15365 15376 100
15376 15425 129
15395 15445 171
15412 15445 47
15432 15442 125
15457 15506 61
15473 15493 115
15488 15526 273
15490 15538 97
15494 15543 291
15511 15552 137
15521 15550 214
15542 15590 83
15554 15579 262
15578 15626 175
15579 15612 156
15585 15627 239
15612 15615 226
15629 15650 201
15641 15645 79
15670 15712 128
15674 15715 210
15675 15693 223
15678 15691 249
15706 15756 181
15711 15726 160
15727 15760 149
15734 15775 247
15757 15798 264
15762 15810 99
15777 15790 87
15778 15824 208
15784 15825 175
15813 15828 274
15817 15834 225
15829 15834 2
15849 15868 268
15861 15886 223
15873 15896 223
15879 15917 98
15886 15920 214
15914 15957 252
15934 15960 293
15942 15966 55
15963 15989 279
15964 16004 263
15989 16005 119
16011 16015 262
16035 16043 65
16052 16080 86
16082 16096 84
16083 16132 43
16084 16097 176
16098 16130 234
16108 16112 77
16126 16137 269
16133 16168 79
16135 16170 265
16160 16178 158
16186 16215 156
16197 16235 111
16199 16218 156
16199 16216 180
16222 16263 101
16223 16271 3
16224 16270 225
16237 16244 253
16245 16266 251
16263 16311 144
16270 16283 6
16283 16307 238
16305 16347 171
16321 16357 79
16333 16368 239
16336 16344 196
16360 16388 252
16384 16417 32
16387 16402 156
16409 16445 28
16424 16437 205
16440 16464 112
16446 16477 120
16449 16456 59
16459 16493 250
16483 16524 49
16495 16523 132
16515 16553 210
16540 16572 38
16568 16599 92
16572 16620 136
16591 16593 245
16591 16630 294
16608 16626 291
16636 16644 13
16645 16689 198
16657 16672 147
16657 16670 167
16684 16714 275
16686 16701 157
16713 16753 139
16735 16743 291
16739 16740 157
16755 16795 65
16761 16777 290
16784 16809 99
16807 16854 283
16835 16860 285
16840 16889 97
16844 16884 92
16852 16888 247
16856 16893 129
16882 16891 104
16904 16932 116
16912 16950 18
16934 16947 286
16958 16988 140
16967 16969 156
16993 17034 27
17003 17019 89
17011 17048 55
17016 17051 53
17042 17062 116
17058 17084 119
17078 17122 296
17097 17140 13
17110 17159 293
17123 17159 227
17148 17188 168
17155 17193 184
17181 17224 104
17191 17203 254
17193 17212 264
17195 17199 292
17224 17242 100
17226 17230 17
17239 17248 218
17268 17302 230
17272 17281 255
17290 17326 297
17316 17343 152
17342 17357 49
17359 17400 89
17363 17367 124
17391 17417 31
17414 17442 18
17415 17432 45
17444 17445 127
17450 17491 23
17474 17504 167
17479 17501 34
17506 17525 227
17529 17561 293
17534 17541 132
17564 17565 35
17582 17598 228
17594 17638 215
17611 17653 233
17620 17658 159
17635 17651 209
17647 17674 74
17659 17660 76
17672 17711 112
17672 17676 199
17698 17733 189
17722 17747 111
17722 17762 288
17748 17783 127
17770 17802 183
17800 17825 298
17827 17877 193
17830 17835 117
17846 17868 33
17850 17880 121
17858 17902 125
17877 17885 173
17905 17950 295
17908 17929 162
17938 17952 91
17948 17986 128
17976 17987 292
18001 18010 195
18016 18022 221
18035 18058 46
18059 18073 88
18082 18115 71
18088 18098 210
18109 18124 19
18132 18133 67
18151 18187 211
18179 18218 204
18181 18213 276
18202 18213 114
18217 18231 108
18242 18290 167
18249 18269 58
18256 18295 12
18284 18324 217
18312 18320 97
18338 18344 264
18366 18395 181
18368 18372 177
18371 18383 237
18391 18434 227
18412 18427 101
18431 18463 112
18453 18463 68
18459 18483 295
18489 18490 250
18519 18569 173
18540 18572 189
18554 18563 159
18567 18578 20
18582 18589 171
18597 18601 126
18615 18657 107
18621 18626 177
18644 18680 82
18650 18680 214
18680 18730 84
18700 18712 187
18722 18770 18
18746 18786 284
18773 18794 165
18774 18783 100
18793 18816 171
18811 18845 119
18824 18854 42
18854 18871 114
18878 18904 289
18906 18936 151
18909 18957 220
18939 18949 10
18951 18976 246
18962 18990 146
18970 18978 23
18975 18981 238
18976 19003 40
18992 19011 78
19015 19020 171
19043 19090 26
19050 19091 215
19071 19073 274
19095 19141 166
19119 19128 243
19141 19189 159
19160 19198 60
19165 19173 70
19178 19198 31
19190 19207 134
19200 19232 293
19211 19213 22
19229 19236 27
19253 19254 272
19273 19293 56
19274 19299 174
19282 19311 195
19293 19299 241
19300 19331 39
19318 19346 293
19328 19363 4
19351 19372 284
19374 19378 44
19391 19428 222
19397 19419 113
19407 19434 167
19419 19466 223
19420 19436 5
19420 19433 228
19422 19450 9
19449 19461 191
19456 19461 240
19482 19532 237
19509 19520 67
19525 19550 287
19555 19596 45
19564 19590 296
19568 19599 39
19592 19618 155
19603 19609 89
19610 19627 155
19640 19690 283
19648 19680 99
19667 19715 152
19683 19725 294
19702 19726 157
19716 19719 282
19740 19775 15
19763 19810 58
19789 19828 133
19794 19801 23
19804 19820 39
19827 19832 271
19841 19862 158
19867 19879 112
19891 19894 16
19896 19933 293
19922 19964 124
19952 19967 294
19961 19992 26
19986 19987 289
20014 20021 107
20037 20060 273
20064 20105 222
20075 20118 212
20085 20105 29
20108 20117 78
20109 20148 17
20119 20146 16
20128 20138 83
20139 20167 117
20168 20196 211
20173 20210 206
20196 20209 244
20218 20263 89
20234 20239 258
20243 20273 99
20246 20254 224
20251 20262 93
20275 20316 47
20296 20324 75
20315 20321 156
20337 20360 75
20352 20380 134
20355 20370 8
20385 20390 241
20415 20433 143
20436 20480 282
20462 20480 167
20472 20478 174
20479 20499 39
20489 20491 55
20493 20503 86
20511 20559 285
20514 20561 54
20523 20530 84
20529 20568 109
20544 20553 29
20563 20597 8
20592 20626 179
20613 20631 164
20633 20637 144
20654 20696 129
20664 20668 278
20680 20713 260
20708 20722 33
20737 20783 241
20750 20758 284
20778 20826 243
20804 20854 84
20828 20852 282
20851 20882 137
20856 20876 90
20859 20865 221
20867 20868 218
20872 20892 114
20884 20929 279
20897 20932 273
20927 20943 131
20934 20951 16
20940 20964 287
20949 20986 148
20962 20999 300
20966 20982 75
20978 20997 100
20982 21003 272
20996 21025 130
21004 21043 177
21025 21073 54
21028 21069 271
21046 21073 181
21055 21082 249
21082 21125 202
21084 21121 57
21110 21145 30
21126 21153 107
21154 21191 99
21162 21172 51
21181 21199 179
21182 21199 72
21182 21213 272
21184 21196 158
21208 21254 185
21214 21229 254
21217 21263 41
21244 21279 192
21262 21276 183
21265 21295 200
21292 21329 28
21318 21356 53
21322 21331 264
21338 21343 227
21360 21392 283
21369 21396 20
21383 21397 227
21397 21428 83
21406 21424 107
21436 21482 83
21461 21469 58
21489 21537 33
21512 21532 32
21523 21564 117
21523 21570 290
21528 21539 39
21544 21580 129
21564 21573 51
21592 21627 40
21603 21607 200
21603 21632 218
21616 21655 290
21618 21630 166
21639 21658 294
21657 21661 214
21661 21676 92
21687 21724 76
21708 21750 89
21711 21743 286
21732 21765 92
21761 21804 108
21777 21806 47
21799 21843 94
21824 21830 172
21826 21828 76
21835 21841 296
21843 21853 265
21861 21888 111
21870 21912 26
21875 21876 132
21892 21924 96
21918 21962 67
21920 21939 296
21947 21972 246
21967 22000 288
21967 22009 42
21994 22027 276
22013 22020 214
22033 22034 225
22037 22073 285
22049 22063 147
22055 22079 108
22074 22112 18
22084 22102 160
22111 22127 131
22131 22141 67
22154 22192 195
22171 22216 243
22194 22204 190
22199 22224 282
22216 22241 68
22231 22257 92
22244 22293 93
22246 22289 167
22259 22268 159
22280 22301 142
22301 22351 9
22302 22314 29
22328 22353 1
22332 22356 292
22332 22354 143
22345 22353 281
22351 22394 234
22354 22355 198
22372 22376 272
22388 22408 84
22404 22451 201
22413 22463 181
22434 22472 84
22461 22482 164
22487 22520 28
22505 22545 229
22511 22537 223
22532 22555 94
22559 22565 48
22586 22632 226
22606 22631 147
22607 22651 209
22616 22658 108
22642 22690 93
22642 22691 254
22649 22661 165
22649 22673 145
22659 22705 121
22681 22711 299
22690 22736 180
22716 22736 283
22727 22760 57
22750 22779 197
22779 22812 85
22784 22789 211
22795 22820 5
22818 22849 269
22827 22866 84
22855 22863 30
22866 22881 48
22874 22878 83
22884 22923 20
22892 22893 293
22919 22949 24
22947 22949 220
22967 23001 240
22989 23010 130
23009 23013 279
23020 23027 29
23032 23081 242
23036 23081 201
23047 23086 268
23048 23066 82
23068 23113 136
23088 23105 206
23091 23130 115
23119 23135 192
23119 23128 12
23138 23161 77
23159 23172 15
23185 23198 295
23192 23207 86
23192 23221 20
23219 23233 2
23220 23248 156
23233 23265 290
23253 23276 38
23272 23296 291
23286 23291 55
23312 23340 142
23320 23358 104
23336 23370 111
23348 23356 68
23349 23362 46
23374 23380 122
23376 23389 13
23395 23430 273
23421 23453 95
23432 23438 181
23440 23489 147
23446 23450 257
23469 23489 102
23472 23501 210
23495 23507 184
23500 23534 245
23507 23539 235
23529 23568 172
23540 23569 271
23563 23604 275
23568 23607 68
23578 23617 132
23579 23612 295
23583 23607 2
23599 23631 63
23601 23650 142
23631 23632 113
23639 23673 18
23654 23701 6
23663 23713 48
23675 23723 107
23698 23746 155
23706 23728 146
23721 23735 59
23748 23753 24
23778 23798 48
23795 23827 135
23824 23866 106
23826 23861 141
23850 23854 49
23863 23872 283
23865 23901 72
23872 23912 23
23885 23895 178
23885 23935 210
23912 23915 236
23939 23980 268
23944 23967 278
23956 24001 242
23959 23986 182
23983 24014 146
24013 24028 133
24039 24078 256
24052 24058 266
24077 24099 147
24101 24131 201
24124 24125 126
24133 24163 140
24151 24179 24
24160 24204 121
24180 24196 263
24204 24219 7
24209 24222 9
24219 24223 119
24228 24245 180
24242 24285 76
24262 24298 69
24272 24295 40
24293 24294 117
24322 24327 183
24334 24358 231
24352 24375 229
24381 24410 202
24403 24417 271
24431 24447 234
24459 24485 197
24462 24465 170
24474 24523 241
24480 24505 109
24507 24527 277
24524 24547 219
24553 24579 164
24553 24571 284
24572 24579 146
24591 24618 294
24607 24630 151
24612 24628 81
24620 24626 15
24649 24659 250
24653 24701 205
24662 24705 258
24681 24701 277
24704 24722 56
24732 24744 213
24752 24763 102
24779 24801 45
24795 24806 116
24812 24859 239
24817 24846 47
24830 24860 105
24848 24865 151
24878 24915 248
24904 24917 85
24912 24933 21
24917 24957 262
24937 24955 47
24966 24970 131
24969 25018 279
24996 24999 154
25019 25031 29
25033 25037 284
25062 25077 284
25083 25133 277
25109 25110 155
25111 25156 43
25124 25168 217
25127 25164 111
25156 25163 207
25182 25211 186
25209 25217 278
25210 25224 174
25212 25218 290
25220 25237 11
25225 25268 146
25229 25232 139
25238 25273 122
25244 25274 74
25261 25263 70
25274 25304 260
25292 25323 56
25315 25320 170
25329 25360 87
25329 25334 80
25358 25398 179
25382 25421 167
25396 25425 70
25420 25435 246
25442 25469 62
25447 25484 152
25457 25506 127
25467 25516 294
25496 25541 181
25520 25536 195
25521 25565 225
25537 25585 169
25566 25613 189
25570 25584 184
25578 25619 53
25604 25619 13
25604 25651 172
25604 25653 182
25621 25662 68
25631 25652 76
25648 25670 248
25657 25691 22
25683 25698 14
25687 25693 173
25697 25720 4
25714 25733 203
25728 25749 109
25736 25752 142
25743 25756 185
25758 25786 258
25758 25763 43
25769 25775 150
25790 25832 79
25801 25816 263
25821 25840 51
25830 25855 116
25837 25859 176
25854 25904 224
25881 25908 278
25899 25937 235
25928 25949 115
25955 25976 174
25984 26027 1
25987 25994 259
25990 26008 224
25999 26020 137
26019 26060 132
26029 26070 281
26030 26051 57
26053 26071 120
26078 26110 247
26079 26091 42
26097 26102 269
26107 26140 185
26111 26144 229
26132 26172 215
26153 26198 45
26178 26184 78
26191 26236 300
26213 26239 280
26229 26246 78
26234 26263 160
26250 26279 246
26265 26308 155
26286 26292 244
26287 26311 110
26293 26305 82
26297 26317 278
26321 26339 285
26324 26332 145
26348 26380 237
26353 26374 23
26379 26416 121
26384 26419 97
26384 26395 209
26409 26458 93
26434 26449 26
26439 26471 81
26453 26481 230
26463 26503 268
26463 26487 63
26484 26515 84
26514 26542 256
26541 26555 164
26569 26589 170
26581 26582 297
26601 26631 125
26627 26674 277
26642 26689 44
26669 26713 20
26695 26718 247
26716 26759 189
26746 26775 193
26763 26783 176
26777 26787 82
26804 26820 61
26815 26847 199
26836 26862 172
26848 26853 93
26866 26881 163
26885 26919 239
26889 26914 169
26910 26942 158
26940 26962 107
26954 26972 110
26970 27020 121
26994 27033 2
27006 27028 18
27035 27065 74
27050 27070 240
27053 27091 162
27053 27078 26
27063 27071 10
27087 27118 261
27090 27105 125
27101 27139 106
27121 27131 75
27138 27161 279
27139 27188 264
27163 27196 98
27163 27179 51
27192 27223 5
27198 27210 294
27227 27256 17
27235 27277 158
27253 27259 95
27272 27313 120
27294 27308 122
27324 27338 237
27336 27373 93
27343 27361 70
27351 27396 8
27364 27392 214
27370 27419 139
27374 27392 204
27403 27416 254
27405 27414 94
27408 27456 171
27426 27468 16
27426 27453 240
27446 27479 37
27475 27501 231
27504 27526 245
27518 27566 144
27527 27562 83
27544 27550 88
27556 27603 25
27561 27606 267
27582 27596 123
27604 27640 271
27627 27655 67
27652 27658 177
27671 27678 72
27677 27681 272
27693 27703 293
27694 27738 114
27724 27758 44
27728 27777 178
27747 27786 51
27753 27763 297
27777 27825 268
27805 27808 107
27820 27850 275
27835 27844 112
27847 27848 55
27865 27884 217
27884 27904 191
27895 27934 64
27919 27942 268
27928 27950 119
27935 27958 52
27941 27962 235
27971 28018 18
27997 28032 43
28006 28037 57
28021 28022 216
28028 28049 164
28046 28092 198
28061 28092 21
28085 28114 117
28112 28124 104
28135 28155 218
28155 28201 3
28158 28178 130
28161 28168 219
28178 28192 9
28192 28208 179
28194 28242 6
28208 28258 261
28237 28278 172
28255 28293 66
28276 28297 193
28301 28303 272
28324 28362 202
28334 28345 225
28350 28351 20
28370 28415 57
28383 28433 84
28400 28438 52
28429 28437 20
28433 28455 210
28444 28480 300
28444 28490 90
28448 28474 100
28463 28471 230
28487 28494 256
28499 28527 117
28513 28515 108
28529 28577 265
28545 28553 49
28570 28615 233
28588 28594 206
28598 28610 217
28625 28643 126
28646 28655 249
28664 28687 208
28671 28680 282
28699 28743 68
28705 28752 85
28712 28757 221
28725 28766 67
28735 28756 137
28737 28743 18
28757 28790 175
28777 28817 235
28779 28789 74
28779 28807 203
28800 28816 108
28829 28870 161
28841 28870 254
28849 28858 1
28850 28894 252
28863 28894 152
28889 28891 167
28919 28955 277
28939 28975 114
28939 28970 299
28940 28948 70
28966 29012 101
28995 28997 190
29011 29050 48
29016 29017 281
29019 29053 191
29030 29079 139
29048 29052 228
29048 29066 172
29052 29087 208
29061 29080 269
29091 29137 13
29101 29144 151
29105 29150 243
29107 29152 161
29128 29150 88
29152 29162 82
29181 29211 159
29209 29259 91
29221 29244 3
29244 29282 21
29259 29290 72
29262 29300 128
29281 29301 113
29296 29330 262
29312 29349 282
29336 29340 249
29353 29388 111
29368 29401 219
29383 29430 40
29394 29395 49
29413 29431 83
29428 29461 8
29430 29451 203
29456 29502 40
29486 29525 4
29492 29496 220
29509 29515 8
29537 29574 134
29549 29577 99
29572 29595 245
29600 29609 51
29601 29644 266
29629 29642 165
29639 29649 36
29651 29688 154
29665 29691 234
29677 29726 215
29688 29731 225
29707 29756 131
29724 29727 132
29751 29779 154
29753 29769 158
29759 29807 29
29789 29815 267
29815 29818 161
29817 29831 176
29829 29874 238
29842 29880 212
29854 29903 118
29855 29863 169
29881 29924 208
29905 29949 42
29932 29982 34
29958 29983 1
29962 29980 221
29973 29999 125
29991 29995 152
30016 30062 206
30046 30071 199
30046 30077 289
30052 30058 5
30064 30090 163
30083 30084 77
30107 30128 18
30130 30176 234
30154 30164 87
30170 30215 254
30191 30237 264
30210 30242 172
30218 30266 28
30228 30244 289
30247 30285 59
30248 30276 145
30276 30323 288
30291 30307 129
30310 30312 100
30327 30344 221
30355 30356 177
30358 30398 226
30377 30378 127
30403 30429 295
30431 30464 119
30452 30461 122
30461 30476 177
30468 30515 1
30496 30498 173
30504 30528 22
30508 30532 215
30528 30557 112
30555 30579 152
30582 30611 116
30590 30630 3
30610 30640 182
30613 30640 210
30613 30655 221
30618 30633 5
30631 30633 201
30655 30659 72
30681 30714 129
30706 30728 24
30707 30712 31
30708 30758 252
30709 30745 144
30718 30736 228
30719 30762 131
30727 30744 70
30755 30773 293
30763 30804 19
30783 30800 85
30791 30833 163
30800 30845 197
30803 30811 42
30831 30880 208
30860 30899 124
30879 30889 68
30887 30912 83
30895 30902 152
30908 30953 15
30908 30941 65
30928 30961 176
30933 30956 289
30958 30974 33
30958 30969 132
30965 30970 94
30976 31007 79
30989 31012 66
30992 31004 132
31005 31034 46
31032 31037 114
31032 31071 12
31042 31044 115
31055 31093 276
31082 31092 41
31110 31121 292
31122 31172 223
31127 31141 115
31145 31148 66
31166 31197 276
31196 31238 16
31226 31270 24
31252 31256 28
31275 31280 151
31299 31309 124
31322 31354 299
31327 31338 65
31335 31368 167
31349 31391 121
31364 31384 126
31386 31420 294
31387 31424 125
31407 31437 237
31424 31437 193
31436 31467 252
31436 31446 40
31448 31474 18
31463 31493 240
31474 31495 46
31491 31519 33
31501 31532 68
31523 31569 180
31526 31548 189
31552 31557 163
31570 31608 188
31587 31604 143
31599 31647 198
31617 31663 57
31618 31647 222
31635 31649 233
31649 31693 177
31657 31660 33
31673 31722 53
31680 31696 189
31689 31714 129
31702 31748 50
31713 31762 151
31717 31724 3
31731 31743 115
31752 31766 126
31765 31791 174
31772 31785 188
31796 31845 220
31824 31865 221
31837 31839 160
31859 31867 217
31869 31900 24
31871 31917 274
31890 31933 131
31915 31918 159
31930 31935 87
31958 32006 128
31968 31992 142
31974 31990 42
31988 32030 249
32010 32043 43
32015 32057 150
32019 32043 144
32036 32068 177
32051 32069 174
32066 32099 217
32086 32109 244
32092 32133 294
32098 32119 170
32110 32127 30
32123 32129 17
32143 32180 78
32166 32191 147
32180 32221 255
32192 32227 31
32200 32234 82
32223 32263 213
32223 32259 68
32251 32288 87
32263 32297 157
32289 32294 14
32296 32313 281
32326 32355 39
32346 32382 196
32376 32404 236
32393 32417 258
32420 32447 15
32421 32452 82
32445 32471 14
32458 32483 14
32464 32469 78
32469 32500 16
32484 32486 47
32512 32532 244
32541 32561 84
32557 32584 123
32571 32599 176
32573 32621 105
32602 32610 169
32602 32610 36
32610 32647 7
32630 32677 220
32659 32708 85
32686 32707 53
32689 32723 183
32713 32762 135
32733 32761 64
32749 32757 44
32776 32792 13
32796 32845 25
32812 32817 235
32839 32847 165
32856 32888 123
32880 32913 41
32909 32957 45
32913 32926 84
32934 32977 212
32941 32965 58
32966 32973 297
32966 32991 44
32980 32989 294
32995 33004 125
32996 33009 252
33018 33048 237
33040 33090 17
33049 33089 180
33056 33074 128
33060 33087 54
33063 33076 46
33089 33101 46
33099 33126 220
33113 33163 264
33132 33178 191
33132 33144 238
33139 33181 223
33149 33167 146
33153 33155 118
33170 33203 257
33172 33178 171
33175 33209 115
33202 33240 48
33218 33260 128
33244 33288 105
33262 33293 208
33292 33307 297
33292 33327 208
33302 33328 244
33318 33329 34
33347 33379 163
33365 33374 143
33367 33408 173
33384 33434 203
33390 33433 66
33393 33405 57
33416 33440 166
33433 33462 237
33453 33502 63
33464 33473 296
33471 33491 137
33478 33496 39
33506 33523 189
33532 33552 155
33539 33554 249
33546 33558 237
33558 33569 14
33559 33604 99
33560 33606 240
33589 33624 176
33602 33620 170
33630 33647 247
33638 33668 54
33657 33691 123
33676 33682 13
33702 33708 10
33711 33742 127
33722 33771 258
33739 33777 207
33747 33770 12
33754 33756 79
33781 33823 257
33797 33824 80
33807 33809 98
33808 33844 213
33821 33823 46
33851 33876 59
33875 33925 18
33892 33911 107
33914 33921 151
33936 33951 62
33961 34000 139
33991 33993 26
34006 34029 79
34028 34060 140
34045 34076 57
34060 34090 299
34072 34102 32
34080 34114 263
34093 34098 46
34106 34128 251
34130 34156 205
34156 34206 31
34171 34188 61
34185 34204 11
34189 34210 218
34202 34224 115
34220 34226 20
34220 34258 15
34222 34258 242
34229 34246 48
34249 34274 67
34267 34278 92
34291 34309 39
34303 34337 214
34318 34348 175
34333 34364 274
34350 34390 58
34369 34418 266
34392 34437 256
34418 34457 76
34428 34431 256
34439 34455 105
34441 34491 248
34445 34451 157
34471 34494 84
34498 34508 294
34503 34512 29
34509 34511 178
34539 34555 213
34543 34583 194
34556 34570 269
34570 34600 82
34581 34583 259
34585 34594 85
34591 34596 45
34620 34647 142
34622 34657 191
34630 34656 250
34651 34666 124
34671 34707 119
34684 34722 279
34695 34714 222
34710 34711 65
34731 34766 205
34747 34778 239
34772 34792 230
34801 34833 179
34811 34813 22
34841 34859 129
34851 34855 257
34851 34868 206
34877 34917 35
34896 34922 277
34913 34952 127
34914 34919 3
34933 34963 117
34949 34961 9
34964 34965 14
34974 35005 50
34997 35007 247
35011 35037 4
35032 35053 126
35049 35083 220
35049 35061 148
35067 35114 107
35092 35116 11
35122 35145 83
35142 35161 76
35147 35183 273
35147 35195 279
35176 35194 278
35190 35199 278
35194 35239 40
35220 35226 261
35232 35248 48
35254 35292 258
35272 35275 237
35274 35316 201
35277 35299 33
35294 35338 49
35309 35332 141
35328 35335 15
35341 35390 243
35370 35376 8
35378 35411 192
35396 35397 263
35424 35433 274
35445 35479 94
35461 35466 33
35468 35488 48
35494 35496 209
35522 35534 275
35525 35528 183
35553 35564 7
35571 35615 299
35586 35590 283
35594 35621 112
35621 35661 287
35628 35647 54
35633 35643 191
35655 35703 173
35663 35685 121
35669 35706 29
35695 35729 241
35713 35750 247
35737 35781 106
35749 35775 147
35766 35785 270
35767 35801 101
35775 35812 194
35792 35833 82
35802 35837 65
35802 35836 282
35806 35832 185
35833 35847 260
35849 35872 271
35858 35876 53
35869 35889 211
35898 35913 256
35924 35973 24
35946 35995 290
35965 36012 259
35980 36021 111
35987 36028 238
36003 36053 8
36006 36014 270
36007 36051 174
36012 36035 295
36034 36050 113
36053 36095 167
36073 36090 246
36095 36142 28
36103 36123 292
36127 36157 216
36154 36179 64
36179 36207 86
36208 36245 23
36208 36254 262
36211 36261 92
36232 36247 219
36258 36305 142
36271 36272 203
36291 36310 203
36292 36303 19
36307 36351 153
36329 36335 167
36347 36393 108
36361 36375 157
36391 36394 187
36408 36453 109
36419 36421 38
36446 36472 33
36475 36497 240
36477 36486 59
36500 36504 224
36514 36539 90
36528 36536 155
36539 36551 297
36539 36588 168
36543 36582 245
36556 36601 127
36565 36587 79
36577 36588 93
36591 36641 203
36593 36643 187
36611 36636 192
36637 36684 211
36659 36707 285
36664 36691 200
36684 36705 150
36710 36724 219
36716 36756 132
36745 36788 270
36757 36782 112
36765 36766 213
36786 36823 235
36791 36819 122
36802 36833 220
36802 36815 65
36825 36866 114
36841 36886 138
36870 36880 147
36896 36898 260
36916 36918 257
36938 36969 227
36950 36974 120
36963 37011 242
36990 37029 186
37001 37034 266
37019 37066 20
37047 37096 296
37070 37117 50
37077 37124 218
37079 37081 208
37108 37123 204
37133 37157 232
37161 37178 130
37162 37166 52
37168 37189 230
37188 37214 133
37210 37255 279
37239 37282 186
37253 37288 297
37255 37295 232
37261 37267 193
37261 37283 214
37283 37315 288
37309 37342 175
37313 37349 92
37333 37383 68
37336 37364 206
37347 37352 252
37353 37369 22
37372 37386 259
37398 37421 150
37419 37422 102
37430 37454 254
37449 37463 78
37459 37499 35
37463 37467 184
37473 37514 174
37480 37484 184
37487 37535 138
37507 37519 153
37524 37532 250
37544 37581 225
37572 37601 161
37602 37612 73
37632 37663 207
37651 37671 233
37660 37707 184
37681 37707 195
37692 37736 258
37712 37761 159
37737 37783 137
37766 37784 58
37773 37811 106
37777 37794 193
37779 37809 77
37783 37807 299
37789 37795 160
37794 37796 209
37797 37830 33
37822 37839 116
37846 37855 202
37872 37907 224
37881 37902 282
37888 37924 209
37904 37926 60
37925 37954 274
37944 37987 58
37955 37998 292
37971 37981 62
37995 38040 165
38016 38061 120
38025 38033 248
38045 38062 180
38063 38112 76
38068 38116 254
38091 38100 69
38108 38124 79
38123 38170 176
38125 38149 225
38127 38128 175
38155 38163 190
38158 38170 59
38178 38191 278
38184 38203 197
38204 38254 83
38207 38246 33
38226 38250 238
38254 38298 21
38278 38295 296
38278 38321 200
38298 38304 168
38301 38314 21
38316 38362 264
38333 38359 130
38344 38393 274
38357 38395 160
38369 38414 231
38392 38410 188
38410 38431 197
38411 38426 122
38421 38451 196
38426 38468 100
38447 38472 211
38471 38508 161
38488 38526 141
38502 38504 163
38529 38538 6
38559 38588 68
38565 38589 206
38593 38623 195
38616 38651 1
38622 38623 100
38643 38660 219
38653 38679 202
38671 38696 184
38691 38729 151
38715 38765 283
38737 38786 176
38766 38800 200
38784 38827 234
38792 38821 201
38817 38844 90
38821 38858 68
38847 38857 219
38869 38876 68
38893 38920 285
38904 38920 293
38911 38945 226
38918 38938 281
38931 38967 290
38943 38990 157
38960 39005 110
38961 38971 52
38983 39002 133
38993 39028 109
39020 39065 30
39046 39068 144
39067 39072 258
39076 39098 90
39095 39108 50
39110 39124 71
39129 39130 238
39151 39199 25
39177 39185 203
39191 39200 88
39208 39255 54
39228 39236 65
39235 39280 192
39255 39261 111
39258 39276 57
39261 39268 235
39286 39309 276
39308 39337 272
39316 39329 145
39341 39343 293
39343 39388 188
39367 39415 260
39390 39411 184
39407 39433 36
39415 39425 259
39421 39429 257
39440 39464 200
39462 39484 153
39484 39534 55
39509 39557 262
39539 39575 297
39555 39585 45
39562 39568 97
39580 39599 134
39606 39628 218
39629 39677 109
39656 39675 191
39673 39722 165
39702 39733 36
39727 39745 112
39736 39782 276
39754 39780 10
39780 39828 139
39786 39794 279
39790 39799 98
39792 39841 197
39812 39827 196
39819 39862 231
39826 39831 11
39846 39880 33
39862 39891 255
39875 39885 295
39885 39913 22
39903 39950 3
39914 39945 90
39917 39947 121
39932 39960 56
39961 40010 166
39983 40026 263
39988 40010 93
40016 40024 212
40030 40058 136
40030 40033 81
40036 40074 264
40048 40073 208
40056 40092 131
40084 40106 87
40107 40136 219
40113 40147 73
40127 40155 261
40155 40184 103
40162 40199 66
40162 40194 7
40180 40220 21
40189 40202 295
40218 40259 182
40227 40266 182
40250 40256 111
40275 40293 163
40284 40306 155
40298 40343 226
40305 40355 2
40317 40334 197
40324 40340 207
40342 40368 239
40368 40388 117
40384 40394 20
40409 40458 245
40421 40442 54
40423 40425 213
40425 40454 202
40434 40454 247
40464 40499 300
40490 40508 263
40514 40562 225
40541 40581 64
40567 40577 165
40571 40585 81
40575 40610 65
40603 40644 149
40628 40634 201
40643 40669 68
40645 40666 239
40647 40671 253
40664 40676 127
40678 40700 28
40685 40712 24
40702 40741 43
40726 40768 266
40731 40759 176
40733 40779 73
40734 40776 288
40740 40760 86
40740 40787 72
40755 40759 89
40766 40780 242
40771 40790 233
40792 40813 88
40807 40819 122
40816 40848 129
40844 40893 269
40852 40861 249
40865 40914 5
40886 40928 24
40900 40920 178
40928 40937 287
40957 41003 43
40986 41035 200
40988 41026 204
41007 41023 234
41028 41072 211
41033 41075 248
41059 41102 141
41089 41123 252
41094 41144 156
41109 41149 293
41121 41161 240
41130 41170 61
41146 41171 34
41175 41185 69
41195 41201 238
41201 41219 40
41219 41234 150
41231 41250 280
41237 41259 30
41243 41270 299
41269 41317 181
41277 41323 136
41294 41316 251
41298 41301 154
41312 41335 192
41327 41369 91
41333 41347 85
41351 41371 52
41373 41420 139
41381 41407 252
41399 41401 251
41414 41461 138
41418 41437 281
41419 41444 14
41420 41452 27
41430 41459 64
41460 41476 147
41471 41476 130
41481 41526 146
41509 41512 287
41534 41542 150
41538 41550 22
41538 41571 206
41543 41575 223
41552 41584 175
41578 41589 109
41597 41608 119
41597 41622 238
41607 41630 123
41632 41669 13
41657 41661 162
41684 41724 69
41691 41734 149
41717 41732 182
41719 41722 29
41738 41746 199
41753 41796 133
41774 41795 8
41795 41796 88
41819 41830 150
41839 41851 262
41845 41863 265
41854 41872 67
41858 41897 15
41887 41899 76
41910 41958 160
41910 41934 173
41928 41934 205
41939 41967 44
41948 41955 156
41960 41989 88
41980 42010 292
41996 42043 135
42018 42038 88
42038 42060 135
42050 42084 223
42062 42069 206
42080 42096 285
42107 42145 74
42132 42158 102
42144 42146 216
42164 42207 147
42186 42226 28
42200 42217 82
42220 42245 221
42236 42270 72
42248 42286 220
42255 42299 48
42273 42315 132
42297 42331 173
42311 42350 241
42317 42344 294
42325 42340 149
42350 42372 4
42363 42408 286
42384 42415 84
42409 42442 200
42424 42467 173
42451 42473 170
42461 42499 210
42467 42473 164
42487 42527 79
42514 42527 139
42540 42583 252
42545 42593 83
42568 42610 69
42598 42636 196
42616 42618 188
42626 42659 112
42629 42657 25
42643 42674 289
42665 42682 117
42687 42701 246
42695 42717 46
42725 42740 156
42751 42769 103
42773 42817 247
42800 42814 290
42825 42836 238
42830 42865 234
42835 42864 283
42840 42851 138
42867 42872 106
42870 42893 272
42883 42928 205
42890 42922 295
42892 42926 57
42918 42927 144
42931 42937 142
42940 42966 158
42952 42960 26
42979 42995 208
43003 43027 158
43005 43024 62
43021 43025 160
43030 43040 70
43052 43071 84
43074 43123 168
43102 43142 46
43126 43151 267
43136 43186 82
43141 43157 17
43167 43217 298
43176 43217 118
43194 43216 183
43220 43270 176
43224 43252 258
43253 43262 25
43255 43286 299
43278 43291 47
43300 43320 71
43323 43366 260
43334 43369 18
43340 43380 20
43351 43354 295
43376 43404 201
43380 43392 208
43388 43420 13
43398 43403 202
43415 43436 22
43422 43467 299
43430 43477 71
43442 43465 28
43472 43485 249
43502 43529 49
43522 43553 203
43532 43558 82
43539 43580 247
43568 43587 284
43587 43632 167
43589 43630 172
43590 43630 125
43610 43630 188
43629 43679 207
43643 43662 268
43668 43694 83
43687 43719 243
43696 43711 116
43718 43760 274
43735 43767 89
43759 43795 145
43772 43819 29
43784 43785 264
43800 43818 18
43820 43834 234
43849 43872 131
43857 43877 143
43881 43920 250
43909 43925 195
43926 43949 22
43926 43952 168
43935 43940 282
43949 43980 299
43957 43979 218
43965 43996 85
43979 44004 79
43993 44012 162
44014 44024 82
44014 44015 177
44030 44037 259
44043 44088 60
44043 44087 211
44044 44060 156
44054 44102 274
44080 44130 127
44085 44091 229
44096 44135 283
44098 44118 89
44107 44147 145
44126 44144 229
44138 44148 193
44156 44201 278
44167 44203 4
44189 44219 156
44200 44250 52
44211 44247 128
44219 44253 1
44242 44264 152
44260 44297 276
44273 44307 137
44287 44324 13
44307 44333 146
44331 44361 99
44358 44407 255
44378 44396 169
44397 44405 68
44423 44431 247
44443 44463 162
44473 44523 195
44477 44495 95
44504 44528 123
44528 44534 124
44545 44556 104
44558 44607 40
44569 44586 287
44571 44603 33
44586 44626 190
44613 44629 185
44628 44664 5
44629 44635 88
44641 44658 71
44648 44687 60
44655 44694 140
44677 44685 152
44696 44744 250
44702 44742 133
44714 44763 21
44738 44748 68
44765 44767 140
44794 44843 263
44818 44830 139
44829 44834 221
44836 44846 290
44840 44875 53
44846 44847 276
44862 44912 84
44892 44911 167
44905 44930 281
44919 44941 273
44920 44948 57
44935 44979 238
44945 44965 280
44954 44969 57
44964 44985 143
44968 45015 125
44989 45028 118
45010 45018 54
45037 45073 37
45060 45079 22
45076 45081 248
45104 45151 112
45107 45151 201
45124 45126 289
45141 45185 42
45151 45171 170
45163 45185 23
45166 45194 130
45195 45201 128
45216 45234 269
45226 45258 150
45252 45254 250
45275 45319 61
45285 45297 99
45296 45338 36
45311 45358 277
45337 45349 154
45359 45395 10
45376 45401 156
45389 45409 228
45415 45445 180
45433 45461 61
45461 45509 45
45473 45511 54
45482 45522 269
45485 45503 146
45506 45553 133
45506 45536 111
45521 45525 292
45548 45590 134
45550 45598 160
45573 45596 111
45592 45622 30
45600 45650 242
45617 45661 147
45634 45660 124
45648 45653 253
45669 45690 26
45692 45706 48
45713 45737 85
45730 45775 254
45751 45753 209
45774 45820 30
45774 45794 74
45781 45784 221
45788 45821 282
45817 45842 221
45846 45861 106
45847 45897 191
45875 45889 284
45890 45894 215
45917 45962 163
45937 45965 165
45951 45999 161
45957 45980 203
45976 45990 140
45980 46025 189
45997 46022 257
46019 46064 89
46036 46082 290
46060 46091 209
46083 46104 144
46087 46095 298
46099 46115 70
46108 46116 294
46109 46117 57
46109 46114 122
46130 46148 189
46137 46171 154
46152 46175 206
46155 46192 55
46178 46197 95
46178 46199 13
46179 46199 283
46202 46203 149
46216 46261 86
46218 46223 191
46221 46252 3
46245 46260 105
46245 46253 295
46268 46285 107
46287 46319 50
46290 46303 59
46305 46354 207
46306 46327 150
46322 46329 254
46347 46391 155
46373 46392 264
46401 46431 149
46407 46437 182
46415 46448 93
46445 46447 178
46452 46453 30
46453 46462 177
46454 46457 42
46459 46467 17
46474 46517 207
46487 46494 245
46503 46512 79
46517 46539 269
46545 46558 59
46557 46589 114
46563 46611 41
46579 46629 261
46586 46611 45
46602 46616 193
46631 46644 82
46650 46653 193
46671 46680 97
46679 46707 256
46685 46722 289
46703 46724 298
46708 46725 239
46717 46752 249
46717 46754 158
46733 46750 166
46753 46754 134
46763 46800 201
46788 46820 16
46810 46837 26
46818 46852 74
46844 46848 160
46866 46880 296
46879 46917 211
46905 46948 147
46907 46939 89
46920 46927 27
46949 46981 158
46978 47015 157
46980 47015 145
46995 47032 41
47004 47025 179
47010 47024 29
47016 47047 88
47038 47042 3
47066 47097 72
47090 47119 217
47113 47162 78
47125 47159 225
47146 47173 189
47158 47187 27
47166 47191 40
47184 47222 281
47197 47245 201
47208 47251 77
47222 47249 105
47235 47260 169
47239 47263 96
47243 47254 39
47252 47278 291
47281 47302 281
47293 47300 150
47295 47340 68
47325 47329 240
47340 47366 292
47360 47405 129
47386 47411 71
47415 47431 242
47435 47474 108
47444 47488 26
47461 47480 183
47461 47481 157
47483 47519 140
47485 47501 241
47491 47512 115
47508 47529 284
47537 47560 269
47558 47602 247
47586 47622 147
47599 47634 148
47620 47661 92
47620 47669 166
47647 47664 3
47658 47687 47
47678 47718 72
47684 47706 198
47685 47689 288
47707 47752 117
47722 47748 92
47747 47769 154
47758 47793 24
47776 47796 7
47793 47821 110
47813 47854 237
47823 47832 123
47825 47844 282
47837 47865 137
47846 47851 30
47855 47866 249
47877 47886 105
47877 47917 99
47894 47911 200
47923 47953 76
47939 47958 102
47957 47971 166
47987 48009 33
48016 48043 99
48041 48053 244
48065 48094 252
48076 48119 146
48093 48096 63
48099 48149 273
48120 48144 264
48120 48128 158
48141 48169 147
48167 48187 43
48192 48210 124
48211 48237 264
48237 48284 26
48238 48281 162
48244 48266 171
48267 48281 72
48293 48302 256
48295 48320 117
48312 48315 265
48322 48345 77
48337 48352 212
48341 48385 69
48342 48390 211
48369 48415 232
48370 48383 197
48393 48395 113
48407 48438 281
48410 48434 186
48424 48437 40
48429 48451 235
48431 48437 270
48447 48469 247
48456 48479 180
48465 48496 135
48492 48524 5
48513 48531 181
48531 48547 108
48542 48551 251
48550 48582 27
48558 48569 297
48570 48602 88
48599 48648 168
48623 48672 274
48631 48643 10
48653 48692 84
48654 48656 3
48660 48667 27
48668 48704 53
48672 48718 151
48696 48725 73
48701 48706 276
48709 48728 123
48727 48732 182
48740 48741 68
48752 48768 47
48755 48782 231
48759 48783 26
48786 48835 163
48808 48857 100
48823 48850 298
48837 48884 132
48843 48876 31
48845 48894 7
48869 48898 155
48899 48920 254
48908 48919 156
48929 48953 20
48955 48977 111
48973 49018 227
48989 48991 66
49010 49058 143
49014 49041 248
49041 49055 150
49050 49082 25
49080 49130 43
49108 49141 83
49135 49138 132
49151 49196 293
49166 49175 215
49190 49210 207
49197 49213 133
49200 49231 143
49218 49223 125
49219 49239 164
49241 49278 227
49256 49303 12
49271 49277 105
49295 49308 63
49310 49332 162
49312 49318 180
49329 49333 251
49347 49356 144
49375 49413 97
49387 49393 255
49404 49429 12
49411 49429 149
49440 49449 166
49441 49446 245
49462 49471 152
49467 49510 169
49471 49491 179
49500 49518 137
49501 49536 186
49510 49514 201
49516 49558 92
49524 49570 30
49547 49582 51
49560 49595 253
49572 49614 138
49599 49611 275
49628 49676 35
49645 49653 184
49652 49675 155
49679 49693 50
49702 49720 244
49713 49756 141
49735 49768 48
49750 49754 291
49768 49787 250
49782 49813 212
49810 49827 130
49832 49853 198
49836 49844 184
49841 49862 268
49851 49879 178
49874 49921 206
49899 49908 284
49916 49950 170
49920 49926 242
49921 49966 76
49939 49984 221
49969 50008 241
49979 49990 206
49989 50039 37
50006 50042 205
50013 50016 112
50039 50088 167
50048 50069 154
50051 50053 81
50061 50099 219
50074 50089 75
50089 50104 39
50118 50127 249
50122 50168 118
50133 50149 257
50162 50195 139
50162 50192 124
50180 50215 69
50210 50254 78
50217 50251 160
50236 50249 170
50260 50281 24
50267 50312 162
50289 50297 100
50318 50357 129
50322 50346 5
50338 50359 138
50352 50370 37
50373 50408 62
50390 50395 290
50404 50417 295
50413 50420 1
50414 50458 170
50429 50445 194
50439 50467 3
50440 50459 62
50462 50481 84
50490 50501 190
50499 50549 164
50528 50563 32
50545 50590 221
50550 50580 20
50561 50566 170
50568 50607 260
50589 50625 265
50616 50633 300
50623 50666 115
50626 50627 193
50637 50650 83
50658 50679 4
50675 50707 159
50701 50727 79
50717 50749 138
50717 50740 184
50732 50774 90
50752 50799 159
50774 50817 258
50781 50804 297
50797 50808 74
50809 50813 100
50831 50871 125
50842 50866 144
50872 50902 60
50875 50877 80
50881 50921 142
50884 50891 160
50899 50944 236
50921 50945 48
50945 50953 231
50951 50979 67
50980 50997 1
50998 51039 271
51024 51049 225
51032 51070 62
51060 51078 66
51060 51086 76
51089 51115 285
51107 51153 165
51126 51170 83
51154 51160 82
51181 51225 173
51192 51238 79
51194 51227 56
51208 51213 87
51233 51260 56
51263 51273 160
51289 51293 128
51297 51335 60
51303 51317 96
51304 51340 197
51320 51360 193
51326 51339 135
51335 51358 180
51350 51360 25
51380 51405 233
51408 51457 145
51425 51432 233
51432 51443 225
51435 51480 101
51452 51484 89
51467 51484 159
51492 51499 102
51496 51546 292
51499 51536 157
51527 51544 294
51543 51571 46
51569 51591 161
51571 51613 1
51597 51614 193
51611 51621 217
51611 51635 33
51616 51647 108
51632 51649 220
51642 51670 31
51666 51696 96
51673 51715 278
51690 51724 114
51720 51768 4
51742 51770 225
51757 51803 98
51774 51822 115
51795 51831 45
51805 51843 78
51811 51849 7
51829 51863 110
51832 51860 10
51834 51880 184
51849 51872 208
51864 51906 20
51884 51904 11
51907 51954 286
51927 51966 19
51956 51990 298
51957 51987 175
51968 52010 277
51976 52003 7
51988 52029 46
52009 52050 66
52039 52081 145
52060 52078 188
52065 52070 126
52073 52118 89
52083 52115 16
52103 52121 25
52122 52169 148
52144 52184 24
52145 52188 13
52151 52194 186
52172 52215 112
52189 52206 104
52190 52232 13
52204 52249 18
52228 52277 14
52236 52241 250
52264 52269 186
52269 52286 1
52290 52300 86
52303 52313 173
52310 52322 110
52333 52339 237
52360 52390 231
52387 52419 50
52410 52412 288
52419 52465 53
52429 52447 52
52432 52481 150
52458 52479 283
52472 52473 143
52481 52525 57
52492 52518 117
52510 52530 276
52533 52581 142
52536 52570 72
52553 52557 69
52582 52600 37
52602 52629 49
52610 52635 220
52617 52658 95
52641 52650 198
52657 52693 41
52687 52736 21
52690 52708 233
52713 52723 50
52725 52727 109
52743 52773 114
52750 52774 59
52759 52767 98
52772 52780 60
52787 52804 79
52793 52819 3
52813 52814 72
52830 52867 115
52844 52854 283
52861 52892 78
52869 52918 110
52869 52882 240
52884 52886 123
52888 52919 55
52892 52916 99
52906 52912 194
52920 52956 107
52921 52939 170
52948 52967 143
52962 53003 271
52964 52991 15
52977 53019 151
52981 52991 161
52983 52988 172
53000 53033 295
53021 53068 114
53043 53062 88
53046 53055 185
53075 53116 224
53104 53137 138
53132 53165 104
53133 53165 206
53136 53157 184
53164 53203 180
53165 53182 291
53188 53232 89
53192 53217 292
53206 53249 298
53222 53271 241
53224 53239 279
53225 53227 57
53233 53256 185
53258 53281 87
53264 53265 279
53280 53290 4
53309 53354 218
53321 53331 245
53337 53364 48
53347 53363 29
53377 53413 256
53377 53381 125
53388 53425 59
53411 53431 245
53441 53462 278
53456 53483 149
53486 53534 164
53499 53535 45
53524 53534 26
53528 53530 159
53532 53569 178
53542 53591 133
53562 53574 114
53569 53613 83
53576 53585 199
53599 53612 69
53611 53631 77
53629 53650 270
53630 53667 217
53651 53653 276
53681 53693 284
53685 53704 10
53685 53732 230
53685 53695 181
53715 53762 43
53718 53755 78
53733 53735 279
53748 53767 234
53768 53769 256
53784 53804 55
53791 53805 155
53795 53830 290
53808 53832 124
53835 53853 154
53844 53882 5
53869 53909 139
53888 53929 60
53895 53925 221
53918 53947 249
53942 53957 171
53950 53966 96
53960 53975 24
53990 53998 137
53990 54034 172
54009 54044 210
54020 54065 73
54037 54075 56
54045 54067 300
54070 54109 278
54098 54104 280
54119 54150 89
54122 54149 299
54151 54191 137
54153 54201 164
54182 54204 114
54207 54243 230
54218 54254 191
54240 54277 62
54255 54269 70
54262 54290 17
54268 54291 209
54292 54302 252
54305 54312 10
54324 54346 57
54328 54360 152
54332 54364 78
54350 54359 104
54368 54396 168
54398 54440 163
54408 54437 219
54408 54420 235
54428 54436 49
54435 54476 223
54463 54504 119
54469 54495 261
54477 54525 81
54491 54509 60
54499 54540 212
54506 54523 211
54513 54562 138
54543 54593 294
54561 54600 109
54570 54590 165
54577 54627 229
54582 54623 197
54606 54640 197
54619 54642 135
54632 54646 285
54638 54672 97
54665 54688 111
54680 54702 143
54694 54701 41
54719 54749 33
54726 54763 59
54732 54781 44
54749 54762 1
54763 54807 44
54773 54814 297
54781 54785 33
54787 54789 35
54793 54796 300
54822 54836 129
54840 54873 67
54858 54908 119
54873 54917 181
54873 54891 41
54883 54893 227
54913 54958 103
54922 54949 47
54933 54964 132
54948 54958 133
54950 54963 46
54968 55002 28
54992 55023 292
55014 55033 21
55031 55069 159
55040 55078 100
55057 55104 107
55064 55086 205
55093 55114 150
55114 55128 208
55141 55160 177
55159 55201 92
55182 55183 155
55204 55234 171
55231 55275 42
55245 55270 146
55274 55290 42
55293 55341 82
55300 55304 29
55317 55361 274
55324 55342 143
55345 55349 60
55361 55394 210
55367 55405 219
55376 55378 39
55400 55404 42
55404 55422 178
55418 55462 227
55434 55484 11
55458 55462 202
55484 55507 123
55497 55544 11
55507 55533 195
55534 55568 173
55542 55544 138
55542 55544 40
55543 55586 175
55556 55576 289
55570 55595 48
55592 55601 233
55606 55653 166
55634 55637 93
55649 55651 77
55670 55698 285
55686 55695 11
55707 55709 261
55737 55770 30
55750 55784 138
55773 55799 143
55792 55827 105
55792 55829 182
55805 55847 38
55819 55829 62
55841 55873 16
55860 55910 166
55865 55878 146
55872 55873 227
55886 55899 30
55894 55929 174
55897 55910 125
55924 55943 242
55949 55992 39
55979 56024 117
56006 56029 261
56026 56042 252
56053 56097 278
56055 56086 168
56079 56089 250
56087 56104 218
56117 56144 272
56125 56135 103
56153 56182 203
56181 56207 186
56205 56235 35
56213 56255 49
56214 56224 268
56228 56242 78
56255 56299 101
56262 56272 97
56262 56298 54
56276 56300 165
56304 56312 15
56333 56362 33
56350 56353 29
56375 56390 48
56403 56451 243
56425 56445 84
56441 56464 299
56446 56450 100
56457 56472 257
56472 56519 175
56482 56516 241
56498 56505 80
56528 56561 235
56528 56535 281
56534 56565 267
56550 56555 78
56570 56591 155
56586 56625 294
56600 56615 160
56625 56626 174
56646 56690 166
56660 56686 95
56687 56693 288
56715 56731 148
56731 56752 182
56760 56808 100
56789 56798 114
56793 56800 208
56802 56851 129
56817 56839 184
56838 56843 139
56862 56889 151
56887 56892 167
56894 56907 179
56899 56905 25
56903 56917 277
56922 56969 172
56927 56972 260
56941 56973 106
56949 56977 210
56959 56967 70
56975 57024 241
56991 57030 161
57005 57052 144
57014 57046 41
57020 57045 202
57032 57079 125
57036 57043 205
57045 57087 38
57064 57096 259
57074 57083 192
57094 57099 31
57120 57140 225
57142 57175 147
57159 57165 116
57179 57206 189
57200 57220 19
57228 57232 106
57252 57297 223
57259 57284 78
57282 57308 173
57303 57304 35
57318 57358 115
57328 57368 172
57348 57364 170
57355 57369 210
57369 57388 62
57398 57409 246
57409 57453 208
57410 57447 98
57434 57447 292
57444 57471 267
57473 57496 65
57487 57488 194
57500 57518 24
57524 57574 234
57540 57570 250
57549 57553 37
57559 57607 233
57575 57602 225
57587 57617 206
57602 57612 269
57606 57645 118
57609 57632 246
57614 57645 170
57628 57674 197
57658 57659 200
57687 57712 240
57696 57723 140
57708 57753 173
57726 57731 194
57747 57754 156
57771 57800 19
57795 57840 117
57817 57819 44
57839 57885 161
57846 57856 159
57851 57883 13
57874 57895 97
57892 57940 35
57908 57952 57
57909 57922 159
57911 57940 157
57939 57945 53
57952 57968 295
57958 57974 253
57980 58012 157
57982 58006 155
57989 58039 219
58004 58013 40
58004 58030 9
58030 58062 297
58056 58104 186
58058 58106 276
58062 58112 188
58077 58078 219
58096 58133 105
58098 58134 220
58105 58128 186
58115 58139 153
58133 58135 219
58163 58210 194
58171 58180 233
58187 58194 140
58190 58238 57
58201 58242 288
58221 58241 82
58242 58290 124
58267 58274 177
58278 58309 92
58308 58324 98
58312 58327 239
58316 58343 166
58336 58345 211
58358 58369 153
58372 58413 166
58395 58428 256
58412 58427 292
58426 58473 300
58456 58494 145
58457 58477 193
58485 58516 169
58501 58506 298
58507 58521 10
58510 58546 227
58521 58533 33
58549 58550 211
58552 58584 45
58553 58562 213
58562 58572 281
58562 58572 181
58575 58616 39
58593 58599 229
58608 58615 14
58621 58624 161
58624 58663 98
58631 58655 253
58645 58673 17
58669 58715 7
58679 58708 205
58708 58711 163
58729 58774 208
58749 58753 15
58777 58797 275
58793 58802 291
58797 58832 101
58826 58861 167
58849 58894 81
58871 58878 224
58873 58900 24
58883 58908 24
58905 58950 33
58924 58966 264
58954 58995 49
58976 58996 63
59005 59044 56
59024 59036 168
59041 59068 65
59058 59108 218
59075 59116 18
59084 59132 255
59100 59111 250
59107 59157 193
59108 59110 149
59130 59171 160
59138 59149 140
59138 59156 129
59150 59193 63
59179 59202 297
59209 59241 99
59221 59249 101
59225 59247 127
59249 59274 238
59278 59327 255
59282 59291 191
59310 59338 79
59322 59361 251
59339 59379 296
59357 59361 269
59373 59378 184
59387 59396 126
59413 59457 244
59442 59464 243
59457 59491 294
59472 59495 192
59476 59487 279
59491 59492 284
59492 59524 105
59493 59530 7
59518 59531 293
59536 59569 110
59542 59557 70
59553 59562 256
59564 59602 6
59582 59614 193
59597 59600 259
59624 59659 167
59625 59642 294
59655 59698 149
59663 59692 281
59686 59716 176
59712 59737 288
59732 59754 201
59748 59789 109
59748 59798 98
59767 59809 274
59773 59780 289
59794 59835 137
59796 59822 238
59822 59870 187
59829 59845 91
59834 59866 42
59844 59862 195
59874 59877 166
59893 59895 70
59909 59952 190
59909 59947 287
59916 59917 237
59924 59944 65
59934 59970 254
59949 59967 267
59952 59994 160
59970 59978 116
59975 60004 223
60001 60027 103
60026 60050 265
60051 60078 165
60064 60086 178
60064 60069 116
60091 60139 73
60101 60149 46
60113 60137 58
60133 60150 159
60154 60190 89
60172 60183 184
60200 60208 12
60210 60249 246
60227 60256 109
60249 60289 44
60257 60282 292
60279 60293 287
60300 60303 130
60306 60330 134
60313 60341 50
60323 60335 41
60342 60374 2
60366 60397 47
60384 60400 99
60411 60425 264
60436 60476 131
60463 60507 294
60488 60521 122
60504 60511 272
60518 60526 1
60546 60593 291
60557 60559 292
60578 60585 240
60602 60605 100
60604 60607 241
60625 60645 136
60629 60648 3
60633 60675 128
60644 60659 300
60658 60673 25
60688 60694 34
60697 60737 91
60727 60763 69
60733 60775 227
60740 60760 291
60747 60787 116
60754 60792 20
60777 60805 70
60787 60822 266
60800 60806 210
60830 60846 258
60838 60879 2
60866 60892 118
60869 60917 286
60876 60907 70
60905 60908 62
60917 60921 57
60919 60926 52
60940 60988 44
60964 61012 286
60973 60998 19
60984 61000 115
61000 61032 82
61013 61056 80
61030 61078 66
61040 61071 209
61062 61085 164
61071 61080 180
61075 61115 78
61088 61132 281
61092 61141 43
61115 61158 176
61132 61156 276
61138 61145 38
61148 61195 264
61173 61180 125
61198 61214 106
61227 61264 63
61256 61276 274
61265 61300 115
61270 61307 63
61277 61318 170
61295 61320 226
61299 61309 239
61328 61336 29
61337 61381 270
61357 61392 170
61369 61374 6
61372 61406 106
61377 61400 189
61402 61439 21
61421 61464 19
61443 61459 246
61456 61479 42
61461 61478 139
61474 61496 184
61481 61505 286
61494 61527 242
61511 61538 248
61520 61551 258
61526 61534 105
61530 61532 205
61552 61569 147
61581 61606 187
61581 61594 236
61611 61616 18
61635 61643 201
61647 61653 276
61677 61718 104
61677 61699 153
61689 61732 134
61706 61718 83
61712 61730 145
61715 61724 159
61734 61755 229
61745 61751 151
61766 61770 187
61792 61804 153
61795 61836 138
61806 61837 114
61836 61855 18
61851 61875 294
61861 61875 184
61875 61890 217
61902 61944 212
61919 61933 213
61923 61942 220
61926 61955 142
61953 61959 83
61960 61982 34
61963 61998 191
61978 61979 119
61983 61995 237
61995 62008 40
62011 62030 8
62011 62027 130
62038 62086 297
62038 62082 152
62062 62104 103
62071 62073 90
62091 62121 137
62096 62113 264
62102 62119 6
62109 62124 80
62138 62168 93
62145 62157 223
62158 62168 135
62170 62205 70
62178 62204 57
62200 62243 59
62206 62221 82
62222 62253 257
62225 62256 277
62249 62298 172
62264 62266 95
62273 62300 91
62276 62282 16
62280 62284 14
62309 62332 261
62311 62347 9
62324 62328 278
62343 62390 97
62358 62387 205
62371 62393 247
62390 62408 87
62409 62424 156
62420 62437 126
62433 62468 212
62439 62450 178
62461 62487 9
62475 62477 234
62487 62532 35
62490 62501 105
62509 62513 296
62535 62559 17
62541 62548 280
62570 62609 274
62574 62602 35
62578 62624 280
62600 62634 250
62601 62616 178
62608 62648 124
62609 62622 67
62631 62655 265
62632 62638 28
62643 62645 297
62643 62692 290
62645 62678 142
62647 62672 135
62667 62705 263
62687 62703 158
62688 62718 174
62709 62759 69
62709 62721 18
62725 62766 190
62730 62748 249
62758 62790 193
62786 62809 212
62788 62799 49
62807 62857 147
62826 62831 267
62841 62858 44
62844 62883 203
62868 62896 178
62886 62914 171
62908 62937 297
62922 62937 264
62950 62959 164
62974 63016 98
63000 63009 267
63026 63063 110
63029 63060 141
63032 63043 219
63047 63087 200
63061 63062 13
63090 63131 115
63118 63166 277
63146 63196 110
63166 63185 80
63181 63198 123
63193 63204 100
63205 63250 154
63205 63228 232
63211 63261 153
63213 63219 104
63219 63247 65
63230 63248 273
63253 63297 279
63274 63284 262
63277 63285 80
63284 63332 284
63300 63325 71
63311 63339 88
63318 63337 111
63348 63393 292
63365 63379 264
63391 63412 99
63413 63458 184
63414 63457 33
63438 63454 116
63452 63489 152
63464 63476 229
63467 63487 59
63492 63521 121
63508 63550 79
63532 63575 197
63533 63569 55
63545 63554 36
63553 63577 244
63566 63577 193
63567 63577 15
63596 63625 212
63614 63663 208
63623 63670 42
63626 63634 228
63635 63641 278
63646 63693 20
63657 63673 291
63673 63708 63
63674 63688 167
63680 63706 46
63702 63723 143
63724 63750 205
63751 63798 256
63773 63785 275
63795 63821 112
63825 63874 14
63838 63870 151
63851 63865 215
63871 63916 197
63889 63935 166
63907 63917 57
63912 63957 60
63932 63956 155
63954 63975 160
63970 63975 275
63976 64015 241
63982 63985 246
64001 64035 94
64003 64051 215
64033 64081 97
64045 64070 31
64050 64062 69
64064 64100 203
64090 64132 205
64090 64112 264
64093 64130 60
64104 64146 208
64123 64171 49
64125 64166 74
64153 64189 32
64160 64188 28
64168 64207 88
64195 64218 35
64203 64210 51
64206 64239 209
64219 64258 212
64237 64262 110
64252 64273 138
64265 64297 154
64281 64307 145
64302 64337 100
64319 64333 206
64333 64350 226
64356 64391 179
64368 64391 271
64387 64410 43
64390 64413 258
64411 64441 152
64438 64452 105
64448 64484 134
64469 64478 92
64497 64522 231
64522 64557 269
64531 64548 116
64537 64571 241
64556 64600 284
64579 64607 22
64594 64631 176
64603 64636 254
64616 64637 282
64622 64671 120
64637 64679 77
64656 64693 22
64656 64671 23
64659 64666 172
64661 64664 74
64675 64710 184
64682 64727 93
64708 64730 135
64738 64788 181
64758 64780 124
64772 64807 15
64775 64805 101
64794 64832 167
64804 64834 137
64821 64865 165
64834 64874 252
64864 64904 37
64874 64898 54
64881 64897 165
64895 64896 57
64919 64938 243
64940 64979 280
64946 64962 80
64950 64951 63
64964 64984 19
64971 65004 30
64982 64996 47
65012 65039 231
65030 65077 108
65043 65079 211
65050 65075 62
65080 65090 222
65106 65148 148
65119 65152 267
65143 65190 270
65161 65172 254
65171 65184 16
65189 65190 264
65215 65238 202
65243 65270 117
65265 65298 2
65278 65310 20
65305 65318 33
65332 65339 163
65351 65399 280
65358 65362 220
65371 65395 194
65394 65407 84
65404 65441 114
65412 65443 280
65421 65447 230
65435 65456 11
65442 65470 56
65458 65486 65
65472 65474 213
65487 65517 9
65507 65533 115
65534 65545 155
65548 65585 69
65561 65595 8
65561 65605 298
65572 65575 275
65578 65608 247
65580 65585 231
65583 65604 68
65587 65634 203
65613 65658 30
65634 65647 103
65637 65683 184
65657 65688 289
65663 65699 178
65681 65727 173
65706 65725 62
65733 65772 120
65737 65765 234
65758 65793 38
65778 65780 23
65779 65785 120
65786 65822 192
65812 65849 264
65831 65850 88
65859 65897 190
65882 65906 46
65893 65941 111
65912 65949 90
65913 65959 111
65936 65980 182
65940 65944 230
65948 65967 61
65976 66001 5
65993 66018 29
66010 66041 170
66023 66031 78
66034 66070 150
66035 66073 11
66063 66097 105
66081 66108 221
66108 66115 195
66135 66170 18
66143 66152 97
66155 66203 68
66165 66168 267
66182 66195 272
66201 66245 83
66201 66231 93
66209 66237 243
66216 66219 174
66226 66235 266
66241 66268 195
66257 66263 247
66270 66298 80
66282 66315 236
66312 66321 129
66327 66329 198
66352 66370 28
66358 66389 153
66359 66405 165
66373 66401 220
66379 66390 141
66402 66442 209
66430 66476 170
66459 66466 234
66488 66524 4
66494 66526 41
66513 66523 155
66532 66536 230
66546 66559 133
66551 66576 41
66571 66573 187
66586 66592 295
66599 66621 266
66601 66634 289
66619 66633 149
66639 66652 262
66653 66681 134
66683 66705 263
66701 66708 33
66704 66729 244
66734 66777 83
66755 66778 257
66781 66819 40
66783 66790 217
66796 66806 169
66816 66830 115
66819 66846 184
66836 66842 241
66864 66905 12
66890 66925 220
66898 66914 4
66899 66921 213
66925 66935 203
66947 66982 260
66965 66999 118
66965 67003 270
66987 66997 216
67017 67031 111
67030 67073 5
67049 67053 6
67053 67095 118
67066 67071 74
67074 67101 161
67088 67106 194
67095 67108 196
67106 67120 192
67136 67162 195
67148 67156 180
67155 67163 259
67174 67216 120
67189 67213 258
67213 67263 63
67230 67236 295
67257 67258 36
67274 67280 141
67297 67324 291
67313 67339 198
67332 67359 143
67339 67360 167
67363 67412 39
67378 67379 41
67408 67418 127
67420 67421 234
67444 67463 55
67466 67467 78
67472 67521 154
67481 67503 89
67509 67527 199
67532 67552 99
67533 67537 292
67549 67596 295
67568 67580 6
67574 67605 221
67583 67584 217
67604 67632 162
67622 67671 4
67640 67651 222
67665 67708 279
67687 67724 11
67692 67735 154
67718 67740 89
67744 67775 298
67772 67816 74
67782 67820 253
67785 67827 292
67812 67854 296
67832 67871 134
67833 67855 95
67838 67885 115
67847 67869 9
67872 67900 64
67874 67908 48
67894 67925 157
67901 67928 96
67901 67934 145
67911 67931 204
67939 67944 288
67966 67978 37
67977 68026 134
67991 68020 142
68021 68059 143
68031 68050 97
68041 68061 123
68049 68072 104
68054 68083 45
68054 68087 47
68075 68108 179
68076 68115 193
68090 68132 126
68103 68114 253
68113 68158 295
68135 68183 107
68136 68148 251
68136 68150 291
68140 68173 11
68165 68184 20
68181 68205 116
68183 68231 162
68183 68196 37
68189 68237 75
68199 68205 114
68211 68240 278
68241 68245 125
68264 68268 246
68278 68319 297
68306 68311 238
68316 68349 86
68344 68349 92
68357 68383 89
68365 68389 67
68394 68425 165
68413 68453 161
68439 68451 83
68452 68458 32
68479 68490 41
68489 68530 62
68513 68550 39
68518 68540 148
68533 68567 275
68559 68602 138
68563 68564 256
68590 68627 32
68613 68657 288
68634 68667 241
68653 68676 253
68663 68671 179
68663 68695 159
68670 68684 290
68689 68728 124
68697 68738 12
68703 68712 134
68729 68730 285
68741 68749 141
68753 68802 173
68766 68775 89
68782 68791 105
68789 68833 95
68799 68820 95
68820 68839 40
68835 68881 171
68843 68844 192
68859 68906 37
68865 68898 265
68866 68877 67
68874 68876 59
68887 68903 31
68891 68922 101
68899 68939 198
68927 68952 32
68951 68996 82
68959 68982 162
68981 69010 49
68982 69011 119
68993 69018 263
69014 69029 24
69021 69029 151
69039 69085 61
69066 69096 157
69067 69109 118
69074 69105 300
69103 69131 213
69122 69172 105
69148 69152 67
69171 69197 4
69178 69179 78
69208 69254 196
69237 69272 2
69264 69299 177
69274 69284 33
69301 69331 268
69311 69321 298
69334 69342 57
69358 69365 77
69384 69396 22
69400 69407 50
69425 69444 119
69448 69451 88
69457 69501 178
69467 69501 38
69485 69522 211
69502 69520 61
69519 69568 289
69522 69545 166
69531 69552 22
69552 69555 101
69567 69569 293
69583 69618 114
69588 69598 1
69596 69624 61
69625 69663 166
69626 69633 246
69630 69644 292
69642 69688 206
69648 69695 28
69667 69710 194
69688 69723 234
69707 69708 297
69707 69743 173
69727 69752 258
69731 69735 154
69749 69797 83
69759 69804 80
69766 69772 1
69782 69828 186
69793 69812 95
69814 69839 70
69835 69858 110
69852 69873 56
69852 69854 184
69854 69888 168
69867 69877 266
69891 69910 151
69900 69912 35
69926 69949 74
69950 69991 150
69952 69953 12
69961 69987 49
69978 70017 149
69995 70020 119
70017 70021 26
70017 70054 238
70030 70066 292
70042 70067 291
70056 70058 29
70082 70101 93
70086 70097 297
70116 70166 265
70127 70172 297
70149 70151 282
70151 70165 102
70179 70225 139
70209 70251 144
70229 70246 180
70237 70258 218
70250 70286 235
70278 70309 108
70305 70321 111
70316 70358 175
70323 70330 69
70349 70359 241
70376 70384 69
70381 70404 234
70409 70435 256
70429 70478 187
70451 70478 50
70458 70495 81
70461 70506 154
70487 70528 144
70491 70523 110
70518 70566 144
70540 70565 79
70560 70568 33
70561 70605 256
70587 70631 107
70612 70662 114
70630 70658 164
70644 70680 238
70644 70676 198
70647 70678 195
70671 70678 237
70678 70685 49
70692 70733 106
70697 70727 284
70717 70756 263
70741 70748 77
70757 70762 153
70763 70813 263
70764 70768 174
70788 70801 24
70792 70815 117
70808 70843 118
70830 70864 300
70852 70877 123
70867 70894 247
70889 70929 3
70902 70949 59
70917 70919 192
70931 70938 227
70941 70991 196
70969 71018 73
70996 71023 235
71008 71046 65
71027 71045 291
71037 71043 124
71051 71078 61
71078 71108 123
71105 71119 43
71127 71151 63
71155 71171 290
71173 71209 96
71202 71205 268
71215 71216 116
71237 71285 37
71240 71263 72
71241 71262 231
71242 71275 186
71260 71273 38
71283 71284 77
71287 71305 60
71310 71315 229
71328 71349 102
71356 71396 258
71377 71383 121
71390 71415 286
71418 71430 188
71445 71487 210
71463 71478 63
71477 71490 81
71507 71533 40
71509 71526 72
71517 71542 246
71522 71559 216
71544 71573 285
71571 71608 139
71577 71599 159
71593 71617 217
71618 71658 153
71631 71647 175
71637 71642 160
71641 71645 146
71671 71705 226
71686 71725 94
71715 71742 283
71717 71731 285
71720 71725 218
71731 71747 249
71756 71804 111
71785 71818 60
71814 71836 244
71818 71859 114
71833 71855 238
71861 71900 210
71868 71880 164
71887 71931 18
71891 71911 72
71909 71929 278
71926 71959 295
71928 71930 34
71949 71956 5
71966 72000 23
71994 72006 161
72023 72034 83
72053 72066 154
72080 72091 110
72100 72148 101
72120 72150 278
72133 72149 188
72136 72168 232
72138 72152 295
72161 72197 102
72189 72190 7
72199 72232 24
72215 72225 253
72217 72242 130
72229 72270 285
72251 72276 210
72252 72291 137
72269 72301 73
72279 72297 244
72305 72306 209
72310 72335 160
72319 72350 158
72337 72338 167
72341 72362 15
72363 72397 157
72393 72437 176
72421 72442 65
72448 72496 202
72469 72497 169
72473 72520 247
72489 72501 33
72512 72535 276
72522 72537 181
72537 72575 178
72544 72557 127
72562 72599 178
72571 72578 170
72585 72633 38
72613 72615 227
72635 72647 259
72642 72648 30
72647 72676 157
72651 72661 148
72660 72676 235
72677 72699 31
72684 72715 192
72707 72753 26
72714 72721 34
72733 72779 166
72744 72771 43
72766 72782 6
72796 72803 186
72824 72831 111
72841 72857 298
72853 72870 247
72880 72907 276
72906 72939 9
72927 72959 6
72954 72955 98
72965 73007 98
72967 73009 230
72969 73001 72
72995 73006 254
72997 73017 109
73024 73034 235
73025 73055 231
73026 73072 250
73051 73082 6
73054 73070 261
73059 73099 48
73060 73066 208
73060 73090 26
73084 73101 234
73090 73102 182
73106 73121 160
73113 73117 125
73117 73142 50
73147 73174 62
73154 73157 5
73181 73191 188
73197 73228 64
73204 73232 135
73228 73256 27
73255 73283 217
73276 73296 38
73289 73310 250
73290 73336 130
73312 73352 166
73329 73373 28
73340 73356 244
73363 73404 144
73368 73376 264
73388 73430 186
73394 73431 111
73408 73433 269
73432 73480 129
73452 73502 227
73452 73456 269
73470 73508 94
73472 73513 214
73476 73516 169
73502 73514 72
73528 73551 100
73528 73546 160
73558 73593 214
73572 73600 223
73602 73608 14
73629 73642 298
73633 73636 195
73645 73692 273
73650 73657 198
73675 73710 73
73682 73683 32
73709 73730 269
73718 73722 217
73746 73792 34
73766 73792 15
73792 73793 25
73811 73837 269
73818 73858 225
73833 73853 118
73845 73874 234
73850 73898 114
73865 73892 31
73886 73902 42
73891 73936 189
73912 73958 120
73936 73974 34
73960 73974 21
73973 73995 183
74000 74006 150
74013 74016 77
74042 74053 281
74069 74085 89
74070 74089 270
74098 74132 68
74118 74141 233
74125 74128 158
74149 74192 22
74158 74184 82
74173 74190 178
74190 74204 6
74201 74237 88
74229 74276 198
74254 74301 231
74283 74307 122
74293 74328 107
74301 74350 273
74316 74366 193
74317 74362 219
74340 74341 131
74341 74342 22
74357 74358 187
74363 74410 247
74364 74410 39
74392 74442 161
74407 74437 14
74433 74449 40
74441 74490 126
74452 74485 248
74456 74461 248
74461 74470 252
74474 74480 300
74496 74519 11
74505 74533 42
74514 74557 250
74531 74538 49
74537 74585 56
74542 74567 209
74546 74557 90
74559 74601 296
74570 74580 42
74581 74609 36
74608 74619 194
74628 74654 200
74640 74685 121
74668 74673 259
74691 74701 225
74701 74741 259
74701 74717 130
74726 74750 71
74753 74795 271
74767 74786 134
74773 74819 231
74799 74813 176
74806 74832 280
74810 74817 238
74812 74834 82
74842 74875 61
74871 74886 64
74871 74918 37
74874 74888 52
74892 74928 184
74895 74922 206
74915 74941 253
74915 74919 225
74937 74981 179
74950 74959 37
74977 74984 103
74998 75040 69
75000 75011 201
75002 75015 16
75013 75056 2
75027 75029 283
75031 75044 288
75049 75084 280
75067 75087 76
75073 75107 200
75097 75104 243
75124 75132 219
75148 75168 10
75149 75186 91
75158 75162 229
75172 75191 202
75201 75250 255
75201 75218 144
75221 75269 161
75228 75250 76
75233 75250 243
75263 75296 80
75276 75322 211
75280 75306 255
75298 75340 60
75316 75365 208
75337 75365 180
75363 75407 179
75388 75395 272
75415 75441 129
75433 75477 219
75439 75460 7
75466 75498 214
75484 75524 186
75508 75558 121
75522 75547 274
75550 75580 59
75567 75588 213
75573 75608 211
75573 75615 34
75591 75610 248
