1000
9 34 218
9 43 61
34 37 52
53 57 251
67 77 184
78 115 208
97 134 154
113 127 162
122 150 33
140 141 98
161 179 86
184 187 208
212 220 78
238 283 280
255 288 114
261 279 52
275 306 2
276 300 156
283 326 225
312 336 1
329 338 231
343 391 99
367 389 18
386 394 55
407 419 159
425 434 293
442 461 216
465 513 176
483 513 231
495 529 84
506 513 229
532 581 175
551 567 290
578 595 184
607 633 60
617 653 254
635 661 191
640 642 224
646 693 253
662 684 32
671 684 96
680 730 192
705 742 106
715 736 9
716 755 82
721 726 75
721 742 10
750 762 126
754 797 206
755 775 130
772 789 112
778 796 65
799 832 296
825 850 219
853 883 204
873 891 238
883 931 47
893 911 102
903 905 53
912 941 233
936 946 242
965 994 140
974 982 175
983 1008 42
988 989 71
991 1021 44
1013 1038 11
1040 1077 11
1052 1068 219
1081 1092 133
1106 1125 25
1108 1118 157
1138 1176 265
1146 1161 292
1175 1188 243
1196 1205 289
1197 1223 219
1220 1253 1
1249 1281 89
1278 1326 208
1282 1319 88
1309 1350 184
1316 1365 69
1316 1354 107
1318 1368 198
1329 1357 296
1348 1378 18
1356 1377 186
1356 1373 214
1367 1376 172
1389 1401 59
1405 1427 93
1425 1433 40
1429 1449 231
1445 1486 139
1454 1497 285
1470 1474 268
1470 1505 60
1485 1526 238
1491 1511 275
1511 1539 220
1523 1546 38
1547 1557 195
1574 1584 105
1595 1614 206
1622 1633 212
1638 1659 300
1640 1652 36
1660 1710 150
1676 1724 97
1680 1721 196
1692 1701 235
1714 1733 159
1730 1779 11
1734 1754 171
1737 1776 23
1743 1778 289
1743 1754 142
1763 1811 115
1763 1782 26
1774 1796 294
1777 1788 20
1788 1830 257
1807 1828 154
1810 1823 274
1811 1824 81
1838 1878 188
1838 1884 150
1866 1904 253
1866 1867 131
1878 1910 297
1882 1897 96
1899 1926 25
1899 1907 178
1926 1934 171
1946 1952 286
1970 1996 249
1971 2013 270
1987 2023 281
1990 2014 150
2012 2026 131
2023 2070 78
2042 2058 151
2046 2065 32
2052 2076 150
2077 2084 77
2086 2134 40
2093 2130 133
2103 2135 295
2119 2137 88
2146 2168 195
2161 2171 175
2190 2237 91
2214 2249 118
2236 2238 139
2246 2251 191
2259 2281 20
2289 2307 199
2290 2324 284
2303 2312 22
2306 2349 145
2320 2357 91
2344 2383 87
2357 2406 184
2380 2423 263
2385 2414 200
2402 2432 141
2417 2436 249
2433 2447 265
2433 2448 183
2435 2451 270
2437 2451 239
2464 2505 231
2479 2502 250
2482 2512 8
2512 2548 18
2522 2571 231
2539 2572 266
2555 2562 49
2583 2625 168
2597 2643 199
2613 2636 100
2624 2647 118
2632 2645 148
2644 2666 32
2663 2669 26
2681 2731 65
2698 2746 219
2724 2768 78
2737 2772 107
2756 2786 272
2784 2807 62
2789 2838 263
2809 2840 4
2836 2853 158
2839 2844 295
2858 2900 28
2870 2912 166
2889 2906 285
2916 2955 49
2937 2957 273
2959 2965 150
2989 3009 219
2992 3003 36
2998 3042 128
3015 3024 101
3020 3024 160
3048 3065 156
3077 3119 136
3098 3133 274
3105 3116 149
3122 3127 53
3150 3197 198
3156 3199 231
3173 3223 200
3193 3228 146
3223 3237 285
3235 3236 62
3255 3287 105
3272 3284 207
3272 3289 133
3285 3287 205
3285 3319 88
3291 3334 295
3313 3327 71
3313 3329 188
3319 3342 98
3324 3370 265
3324 3340 51
3346 3366 98
3375 3409 200
3384 3404 247
3386 3392 132
3408 3426 90
3421 3434 178
3430 3468 64
3445 3478 232
3458 3487 9
3461 3486 222
3484 3533 65
3489 3537 228
3512 3515 22
3538 3569 30
3566 3591 118
3574 3576 238
3582 3607 199
3595 3629 87
3602 3632 59
3624 3656 157
3629 3643 29
3656 3667 130
3684 3715 93
3696 3731 92
3725 3769 170
3744 3785 199
3747 3770 95
3751 3793 30
3776 3795 235
3784 3798 8
3790 3814 47
3807 3855 80
3818 3861 275
3828 3834 237
3856 3900 17
3860 3904 225
3863 3899 140
3863 3894 236
3875 3877 276
3888 3896 25
3914 3921 203
3941 3961 293
3943 3947 196
3955 3972 244
3985 4028 1
4010 4027 202
4026 4046 87
4054 4076 83
4081 4094 88
4110 4131 300
4132 4167 243
4143 4145 270
4154 4194 46
4159 4184 230
4181 4215 240
4183 4205 36
4212 4256 65
4229 4269 53
4235 4255 162
4251 4275 162
4271 4307 72
4289 4313 190
4306 4335 292
4327 4372 56
4351 4388 286
4366 4399 296
4373 4379 130
4394 4416 111
4419 4433 17
4420 4462 37
4430 4440 241
4449 4473 190
4476 4513 31
4476 4479 160
4483 4497 84
4489 4532 53
4519 4564 5
4529 4533 207
4535 4555 239
4548 4549 64
4552 4563 5
4554 4570 222
4582 4588 221
4590 4621 50
4606 4641 122
4613 4645 15
4637 4679 214
4659 4660 293
4671 4672 164
4686 4703 174
4713 4745 270
4735 4746 20
4758 4796 243
4761 4782 81
4782 4783 26
4788 4833 271
4810 4859 130
4828 4853 17
4856 4887 185
4875 4883 134
4899 4915 71
4907 4951 237
4932 4939 262
4944 4946 162
4951 4983 242
4956 5004 146
4967 4986 24
4988 5020 91
5013 5020 74
5033 5046 172
5055 5059 220
5081 5116 264
5094 5111 238
5118 5165 183
5120 5162 158
5128 5145 91
5138 5174 138
5143 5164 167
5169 5171 224
5176 5189 264
5183 5207 30
5200 5224 140
5204 5230 46
5223 5249 183
5239 5267 262
5256 5265 286
5273 5275 107
5281 5328 173
5291 5312 280
5311 5352 183
5335 5340 139
5361 5379 248
5370 5396 121
5387 5424 269
5391 5435 146
5398 5415 127
5413 5461 24
5432 5464 255
5450 5463 239
5476 5500 94
5480 5517 140
5502 5510 52
5527 5573 214
5538 5551 252
5562 5609 283
5592 5615 2
5599 5640 64
5606 5628 220
5607 5651 192
5635 5639 152
5662 5698 298
5673 5701 124
5702 5705 219
5703 5716 34
5730 5772 39
5732 5734 6
5741 5765 109
5770 5817 15
5785 5833 271
5788 5815 63
5812 5826 196
5840 5869 124
5865 5873 139
5875 5918 37
5876 5924 160
5901 5903 272
5902 5916 158
5926 5952 54
5930 5950 48
5957 5976 261
5971 5989 46
6001 6035 218
6004 6030 1
6007 6053 8
6027 6029 6
6056 6097 269
6063 6090 59
6077 6109 16
6091 6111 156
6120 6159 278
6139 6148 136
6150 6186 73
6150 6170 200
6157 6187 159
6185 6206 231
6212 6241 144
6215 6247 11
6242 6285 290
6246 6276 202
6265 6306 21
6295 6328 40
6318 6320 187
6322 6359 27
6329 6368 286
6347 6352 128
6357 6398 76
6374 6405 241
6385 6429 75
6396 6428 203
6423 6466 68
6427 6475 47
6452 6502 207
6478 6493 289
6480 6496 274
6489 6493 95
6516 6545 265
6519 6526 3
6530 6545 145
6547 6581 293
6569 6571 151
6587 6616 74
6611 6646 155
6625 6644 195
6632 6642 235
6651 6658 51
6666 6673 236
6683 6693 128
6693 6732 236
6698 6703 223
6711 6756 61
6731 6777 124
6733 6768 286
6744 6778 166
6771 6775 264
6785 6791 282
6810 6848 172
6819 6841 144
6842 6868 146
6856 6864 215
6865 6914 206
6873 6905 88
6892 6912 124
6906 6912 64
6917 6959 202
6937 6970 66
6938 6974 141
6945 6981 61
6953 6994 197
6967 7001 150
6975 7015 156
6992 7018 86
7002 7049 259
7030 7048 161
7046 7076 94
7056 7070 81
7083 7116 111
7086 7101 280
7104 7137 162
7117 7118 282
7133 7170 202
7145 7149 38
7169 7201 103
7189 7225 148
7215 7235 167
7234 7282 160
7239 7262 82
7259 7282 191
7270 7279 251
7285 7304 167
7292 7315 110
7296 7312 168
7310 7318 214
7327 7371 21
7334 7351 43
7356 7368 33
7385 7433 160
7385 7417 113
7392 7414 222
7416 7463 270
7437 7486 245
7440 7470 189
7453 7484 37
7483 7488 243
7497 7516 167
7506 7522 109
7525 7565 7
7548 7565 19
7578 7612 111
7590 7595 199
7597 7604 297
7603 7608 25
7604 7651 124
7622 7633 52
7646 7649 80
7651 7677 103
7671 7720 206
7678 7702 276
7704 7708 179
7731 7746 50
7741 7786 279
7744 7761 228
7767 7797 196
7783 7819 32
7792 7797 3
7815 7833 178
7829 7869 140
7844 7874 297
7874 7875 144
7881 7883 142
7895 7904 258
7899 7940 23
7924 7968 210
7932 7973 116
7941 7973 43
7959 7969 78
7976 7990 298
7989 8007 85
8017 8055 80
8019 8060 81
8034 8080 266
8057 8069 114
8087 8090 77
8089 8122 49
8107 8130 45
8121 8165 148
8127 8142 15
8132 8182 81
8161 8185 202
8184 8207 160
8184 8197 204
8194 8201 73
8205 8254 89
8215 8217 92
8241 8271 292
8250 8297 20
8265 8282 24
8291 8340 9
8301 8326 35
8302 8314 205
8313 8330 264
8343 8376 228
8371 8397 29
8389 8432 111
8412 8426 26
8442 8469 243
8446 8450 12
8463 8497 107
8476 8505 190
8480 8484 204
8508 8551 266
8509 8535 73
8529 8546 124
8549 8559 274
8568 8616 44
8574 8583 153
8604 8631 163
8623 8664 265
8630 8636 54
8658 8685 75
8659 8699 234
8662 8685 18
8687 8700 242
8691 8702 249
8711 8748 248
8716 8718 50
8725 8748 122
8737 8758 61
8745 8774 106
8754 8766 189
8762 8778 132
8789 8822 132
8798 8826 59
8828 8841 112
8842 8870 52
8852 8864 45
8869 8876 237
8877 8926 264
8878 8911 166
8885 8919 95
8908 8952 155
8937 8959 88
8966 8976 158
8993 9029 261
9015 9021 38
9043 9075 291
9064 9101 100
9075 9078 217
9083 9104 230
9104 9151 250
9132 9159 53
9146 9170 173
9153 9196 83
9156 9164 287
9158 9171 146
9180 9206 207
9205 9223 201
9233 9242 163
9234 9259 265
9242 9266 179
9268 9302 87
9283 9317 216
9309 9351 191
9325 9355 250
9354 9392 118
9358 9362 93
9382 9385 69
9401 9433 159
9404 9453 248
9424 9450 225
9433 9436 193
9461 9469 275
9470 9504 208
9483 9484 209
9508 9528 154
9527 9542 145
9552 9575 118
9574 9609 26
9578 9593 229
9604 9640 264
9621 9641 60
9640 9685 133
9669 9707 161
9672 9716 183
9701 9709 174
9702 9725 169
9713 9740 56
9742 9777 208
9771 9784 123
9784 9834 78
9794 9841 78
9812 9825 224
9819 9826 43
9841 9842 161
9846 9868 141
9861 9887 110
9874 9906 237
9877 9892 219
9880 9902 211
9902 9916 255
9903 9930 217
9919 9934 37
9947 9967 11
9962 9997 75
9964 10002 29
9981 10006 163
10011 10052 68
10039 10075 225
10062 10111 215
10088 10120 149
10093 10101 277
10102 10142 264
10118 10120 50
10120 10151 40
10131 10165 145
10157 10189 43
10160 10174 92
10173 10195 98
10177 10202 170
10199 10206 105
10199 10238 70
10219 10268 123
10219 10234 257
10241 10269 62
10257 10297 76
10267 10289 291
10290 10338 174
10320 10349 228
10339 10357 294
10342 10363 18
10358 10384 59
10381 10410 108
10394 10443 142
10403 10409 114
10423 10448 262
10427 10437 60
10445 10454 96
10460 10510 99
10480 10494 116
10483 10488 200
10483 10487 240
10505 10508 267
10512 10554 174
10521 10562 201
10542 10559 87
10563 10575 237
10588 10593 163
10604 10628 54
10631 10677 58
10654 10669 254
10670 10687 25
10677 10712 184
10705 10736 298
10707 10749 109
10710 10737 80
10730 10780 176
10746 10795 134
10760 10774 83
10776 10808 186
10798 10811 150
10807 10847 96
10815 10848 233
10832 10865 190
10856 10904 68
10874 10888 298
10876 10923 236
10877 10902 288
10881 10887 63
10905 10928 289
10906 10942 70
10935 10952 181
10939 10953 152
10942 10978 161
10955 11001 280
10984 11027 64
10985 11001 135
11011 11041 254
11025 11072 111
11027 11070 88
11055 11067 238
11061 11081 274
11078 11122 172
11096 11108 145
11108 11135 180
11121 11147 255
11127 11170 75
11133 11160 141
11154 11198 24
11178 11184 219
11182 11195 220
11187 11215 34
11198 11202 241
11206 11217 13
11227 11277 173
11256 11298 144
11264 11300 41
11291 11329 248
11299 11311 162
11320 11351 134
11325 11368 248
11332 11352 54
11360 11375 216
11367 11376 111
11395 11414 110
11421 11422 120
11431 11468 74
11453 11495 90
11465 11475 102
11494 11543 241
11505 11526 198
11525 11548 46
11538 11566 284
11560 11602 74
11582 11627 102
11596 11613 55
11597 11642 282
11599 11611 224
11608 11638 64
11627 11655 195
11643 11682 189
11665 11701 36
11688 11696 48
11708 11755 18
11715 11758 71
11718 11740 136
11740 11769 168
11749 11772 91
11754 11755 92
11779 11807 79
11784 11805 293
11786 11818 141
11792 11840 32
11820 11824 29
11824 11863 264
11850 11893 254
11871 11903 4
11881 11908 101
11881 11929 116
11909 11927 260
11910 11911 289
11913 11926 199
11924 11964 118
11939 11987 252
11963 11999 254
11971 11991 296
11994 12018 68
12005 12026 209
12009 12043 180
12032 12060 190
12054 12090 128
12056 12064 108
12060 12089 160
12079 12118 204
12101 12118 166
12103 12148 230
12119 12137 11
12141 12166 52
12144 12154 74
12165 12177 141
12184 12234 233
12196 12197 164
12205 12246 53
12219 12245 227
12234 12244 14
12256 12276 132
12266 12284 148
12291 12309 173
12294 12302 245
12299 12342 93
12318 12366 202
12342 12351 143
12355 12379 229
12375 12380 59
12378 12413 11
12399 12445 300
12412 12414 209
12419 12451 204
12429 12436 173
12431 12441 220
12447 12491 269
12474 12505 287
12504 12521 154
12504 12521 125
12525 12547 133
12553 12587 132
12575 12624 155
12582 12603 112
12609 12616 222
12620 12649 38
12634 12675 258
12658 12698 238
12665 12680 134
12683 12718 148
12697 12710 6
12698 12717 135
12706 12753 154
12710 12717 64
12719 12763 264
12727 12766 102
12756 12792 148
12759 12776 223
12781 12831 63
12805 12855 271
12808 12836 199
12830 12841 88
12850 12888 183
12860 12910 128
12889 12938 94
12916 12924 37
12924 12971 238
12939 12956 155
12953 12980 107
12982 13018 118
12994 13016 56
13009 13030 157
13027 13063 224
13036 13084 110
13049 13071 249
13051 13083 73
13072 13099 37
13096 13111 20
13098 13128 157
13114 13116 243
13133 13156 68
13147 13182 203
13166 13194 175
13183 13193 20
13205 13255 208
13231 13235 77
13242 13292 276
13250 13282 276
13264 13305 214
13264 13265 167
13271 13287 153
13272 13299 69
13272 13315 232
13280 13289 81
13286 13335 212
13302 13347 116
13325 13351 137
13348 13368 283
13348 13354 234
13371 13378 225
13386 13405 243
13387 13423 300
13397 13445 107
13419 13440 186
13439 13482 295
13446 13448 17
13476 13510 82
13480 13514 135
13506 13524 126
13532 13571 35
13549 13559 151
13558 13562 22
13585 13634 225
13611 13654 207
13628 13663 36
13629 13640 56
13646 13676 155
13646 13678 60
13651 13697 68
13656 13683 31
13667 13692 46
13668 13692 279
13697 13705 13
13715 13737 35
13720 13754 10
13737 13746 35
13752 13771 131
13778 13797 274
13784 13793 119
13805 13842 23
13806 13813 102
13807 13814 298
13820 13858 193
13850 13862 236
13853 13896 271
13866 13882 22
13867 13906 27
13897 13913 160
13902 13922 226
13916 13952 255
13939 13952 36
13968 14005 108
13977 13978 14
13983 13992 143
14011 14036 203
14021 14034 13
14051 14058 300
14066 14081 83
14089 14092 82
14092 14094 35
14099 14138 177
14128 14149 22
14150 14188 298
14169 14212 251
14192 14214 227
14214 14255 142
14217 14232 18
14245 14278 31
14261 14264 172
14286 14320 284
14306 14324 270
14323 14337 299
14329 14371 47
14343 14374 6
14355 14356 186
14374 14397 204
14383 14407 293
14390 14410 220
14390 14428 158
14418 14447 9
14427 14444 244
14427 14471 277
14428 14435 129
14444 14464 121
14456 14492 248
14459 14509 168
14481 14509 60
14504 14543 193
14517 14560 215
14525 14540 101
14531 14534 283
14545 14588 119
14554 14571 119
14562 14591 38
14575 14583 205
14584 14590 172
14608 14610 243
14608 14653 2
14623 14653 119
14643 14677 169
14651 14659 105
14669 14693 84
14686 14708 62
14701 14729 177
14725 14775 215
14728 14750 4
14734 14736 194
14750 14761 165
14753 14789 285
