1000
19 65 275
45 46 155
53 68 256
58 69 268
68 105 111
83 130 176
87 104 252
109 159 262
110 115 74
136 180 64
152 173 232
182 224 161
182 218 34
206 235 23
206 254 132
212 220 66
226 239 124
235 254 287
262 304 94
263 282 238
282 292 197
291 327 115
311 341 58
313 335 184
321 351 78
347 370 94
370 414 122
375 376 174
395 398 153
407 457 2
434 455 271
439 443 243
462 505 93
481 489 172
481 493 37
507 557 226
512 521 84
522 557 82
548 555 250
556 606 54
556 561 198
566 606 67
586 587 130
599 626 234
605 655 10
607 615 99
635 660 95
658 698 37
664 693 141
667 674 60
685 696 276
697 739 186
710 730 19
717 726 178
746 768 223
755 780 67
771 821 86
772 809 170
775 780 169
775 788 231
787 790 69
805 836 140
818 823 248
827 873 187
848 889 19
865 875 39
892 924 136
913 955 267
940 961 104
965 996 233
969 1002 89
980 1002 276
993 999 141
1012 1019 246
1015 1036 296
1040 1053 250
1069 1112 154
1084 1113 66
1089 1098 223
1114 1162 61
1135 1166 227
1142 1178 203
1159 1164 5
1166 1184 64
1186 1206 10
1187 1190 200
1199 1207 203
1200 1241 40
1209 1258 197
1210 1213 52
1237 1256 208
1245 1250 146
1258 1303 44
1261 1265 79
1281 1323 36
1292 1330 220
1318 1342 159
1319 1363 197
1348 1356 135
1364 1410 96
1387 1428 77
1402 1449 264
1414 1421 38
1415 1422 98
1439 1452 163
1450 1500 22
1467 1494 56
1487 1534 251
1502 1518 275
1505 1547 160
1532 1540 167
1562 1586 272
1584 1613 291
1603 1607 223
1626 1636 168
1626 1637 33
1646 1669 268
1670 1705 135
1687 1710 134
1697 1732 25
1703 1708 260
1723 1747 247
1738 1772 16
1750 1793 221
1761 1764 69
1791 1823 266
1800 1818 70
1809 1824 241
1820 1822 103
1845 1861 25
1865 1898 50
1884 1906 134
1911 1920 243
1912 1958 72
1941 1961 54
1967 1975 29
1980 1994 50
1995 2010 7
2014 2040 281
2037 2041 57
2046 2058 40
2058 2067 178
2071 2117 124
2096 2145 128
2103 2147 11
2119 2142 206
2124 2140 291
2148 2195 63
2152 2158 76
2152 2165 36
2171 2203 27
2195 2224 45
2215 2245 36
2237 2245 158
2267 2305 270
2287 2318 43
2311 2326 274
2313 2328 54
2324 2332 225
2337 2341 103
2355 2404 165
2382 2422 35
2394 2430 221
2403 2428 274
2424 2443 293
2425 2452 28
2452 2463 40
2475 2503 126
2478 2528 213
2497 2505 168
2513 2549 281
2540 2576 195
2568 2585 17
2576 2613 194
2600 2644 283
2611 2636 33
2632 2659 266
2635 2679 98
2655 2672 196
2683 2696 34
2708 2754 18
2730 2772 196
2745 2785 291
2748 2751 203
2772 2788 135
2774 2795 93
2792 2818 129
2808 2852 166
2823 2873 177
2838 2888 150
2866 2881 273
2895 2934 124
2905 2941 232
2923 2949 59
2927 2951 284
2956 3005 84
2968 2975 152
2994 3013 288
3022 3069 181
3039 3058 240
3042 3088 126
3059 3079 10
3073 3079 26
3075 3095 3
3080 3087 109
3087 3096 218
3087 3089 234
3109 3136 246
3117 3128 80
3119 3143 139
3141 3148 217
3146 3178 49
3147 3192 273
3164 3178 98
3189 3196 296
3197 3220 22
3220 3255 69
3221 3242 280
3233 3237 257
3247 3268 71
3250 3296 224
3265 3269 122
3282 3313 118
3305 3314 8
3319 3347 271
3344 3359 69
3364 3409 295
3375 3377 291
3386 3401 64
3389 3414 186
3390 3438 171
3405 3428 264
3428 3469 34
3443 3481 50
3466 3498 62
3484 3499 116
3502 3523 119
3507 3546 179
3522 3569 32
3549 3568 168
3570 3617 242
3589 3625 126
3600 3616 186
3626 3667 136
3630 3652 194
3643 3670 196
3653 3655 148
3682 3726 7
3696 3703 113
3704 3723 252
3730 3767 3
3741 3788 172
3748 3759 247
3778 3804 67
3800 3825 8
3823 3834 176
3823 3847 273
3845 3865 43
3856 3872 203
3871 3900 297
3880 3882 259
3885 3923 43
3903 3947 214
3926 3927 86
3926 3956 169
3954 4001 38
3968 3997 149
3990 4022 216
3994 4012 59
3997 4025 10
4002 4021 256
4007 4043 93
4010 4036 258
4040 4050 143
4040 4066 106
4057 4063 113
4060 4089 16
4077 4088 134
4096 4127 254
4118 4147 292
4134 4170 103
4139 4183 89
4146 4162 133
4169 4170 14
4180 4198 199
4207 4217 285
4214 4237 243
4216 4252 97
4217 4240 213
4230 4253 248
4232 4256 229
4238 4274 73
4267 4287 141
4272 4310 22
4285 4294 130
4293 4311 37
4318 4334 65
4331 4371 126
4338 4388 57
4348 4370 39
4357 4382 155
4366 4401 31
4370 4390 29
4399 4419 32
4409 4415 186
4419 4428 290
4430 4443 282
4443 4453 200
4466 4503 103
4470 4510 207
4484 4500 89
4488 4491 35
4515 4517 158
4516 4544 245
4524 4547 186
4550 4562 42
4560 4590 286
4578 4608 249
4589 4608 189
4593 4633 131
4621 4622 277
4634 4658 111
4652 4702 126
4659 4707 127
4689 4704 27
4694 4739 245
4698 4730 147
4722 4772 73
4752 4762 38
4780 4793 266
4793 4825 220
4811 4833 291
4814 4846 73
4825 4826 242
4843 4881 94
4846 4885 240
4876 4919 225
4887 4926 275
4892 4913 183
4892 4906 207
4899 4934 81
4900 4944 143
4915 4934 266
4940 4954 260
4958 4969 255
4963 4969 140
4972 4987 88
4974 5018 275
4981 5008 144
4998 5033 192
5022 5059 79
5037 5050 29
5060 5098 177
5071 5121 280
5073 5094 238
5076 5078 1
5093 5116 157
5103 5122 14
5104 5143 33
5128 5161 94
5140 5164 254
5170 5172 290
5200 5215 45
5223 5224 9
5245 5272 278
5271 5307 142
5271 5292 178
5285 5335 116
5297 5345 67
5318 5363 291
5326 5336 183
5334 5384 16
5350 5370 219
5380 5398 289
5387 5390 86
5417 5449 31
5438 5484 219
5450 5490 16
5464 5504 179
5493 5533 258
5494 5506 44
5512 5523 247
5538 5578 43
5556 5563 236
5578 5606 111
5607 5620 15
5613 5642 281
5631 5678 162
5642 5651 89
5658 5708 252
5660 5709 28
5676 5681 141
5691 5740 224
5702 5723 46
5711 5759 235
5729 5742 20
5743 5747 153
5751 5758 191
5781 5803 54
5804 5831 67
5805 5840 179
5818 5867 124
5845 5871 198
5855 5862 100
5879 5913 6
5898 5913 125
5901 5904 163
5919 5932 151
5941 5959 62
5953 5986 196
5955 5977 232
5979 5993 225
5993 6023 160
6014 6052 74
6029 6030 159
6039 6086 116
6053 6074 192
6082 6090 20
6089 6133 86
6104 6144 92
6128 6160 147
6133 6148 270
6136 6139 94
6158 6206 210
6169 6215 236
6185 6214 195
6191 6221 40
6194 6229 151
6206 6229 121
6212 6257 145
6232 6250 68
6232 6242 204
6244 6256 269
6268 6288 139
6298 6315 107
6312 6344 8
6338 6367 27
6361 6367 136
6365 6374 270
6376 6426 181
6376 6411 127
6380 6423 76
6391 6424 180
6404 6436 203
6423 6446 147
6426 6455 87
6442 6488 295
6470 6481 204
6490 6540 283
6501 6537 65
6531 6551 205
6554 6604 283
6569 6614 278
6588 6617 274
6601 6642 60
6625 6670 30
6641 6667 46
6669 6670 186
6676 6696 211
6689 6719 239
6711 6729 120
6733 6752 106
6741 6743 55
6745 6782 91
6771 6800 61
6772 6785 135
6796 6832 159
6815 6843 81
6829 6843 108
6844 6871 216
6874 6892 240
6878 6888 90
6904 6944 261
6911 6936 169
6923 6962 185
6939 6976 249
6955 6991 8
6976 6997 286
7004 7027 235
7008 7010 298
7010 7057 237
7013 7017 102
7018 7029 186
7031 7047 281
7035 7062 279
7047 7088 112
7071 7114 245
7097 7136 51
7122 7130 48
7128 7147 190
7144 7171 31
7170 7215 284
7186 7195 228
7204 7240 118
7206 7221 215
7218 7238 135
7246 7256 82
7251 7293 295
7259 7276 246
7273 7311 78
7301 7340 283
7303 7326 9
7327 7330 56
7340 7371 252
7357 7386 160
7374 7405 29
7397 7441 256
7403 7412 55
7423 7430 259
7447 7470 251
7474 7520 119
7485 7487 68
7501 7511 3
7516 7553 117
7523 7537 163
7531 7563 3
7532 7578 102
7553 7597 162
7571 7602 63
7599 7649 130
7626 7644 55
7648 7679 133
7677 7702 88
7699 7722 297
7720 7760 112
7750 7791 231
7750 7781 63
7750 7769 256
7752 7774 39
7780 7808 144
7791 7824 220
7798 7822 280
7813 7856 216
7827 7870 68
7832 7849 226
7852 7874 132
7864 7865 269
7881 7893 161
7893 7924 81
7923 7940 220
7923 7973 211
7953 7962 38
7963 7988 283
7973 7998 23
7990 8001 255
8012 8056 57
8032 8048 149
8045 8067 54
8060 8070 36
8073 8096 273
8090 8092 98
8117 8138 11
8132 8154 296
8134 8176 166
8144 8154 288
8155 8174 173
8178 8183 216
8195 8232 247
8203 8250 274
8222 8254 243
8235 8247 123
8257 8271 47
8271 8283 148
8286 8326 166
8299 8340 256
8303 8346 294
8325 8350 45
8334 8363 202
8358 8393 104
8387 8414 35
8389 8420 28
8400 8450 220
8430 8458 107
8453 8493 33
8456 8468 292
8464 8472 226
8469 8487 255
8476 8511 82
8498 8507 7
8506 8555 212
8533 8539 227
8560 8582 212
8578 8597 228
8580 8626 142
8592 8622 35
8616 8647 54
8634 8662 90
8661 8677 130
8663 8676 198
8689 8722 240
8690 8718 259
8693 8721 297
8698 8703 85
8718 8734 264
8732 8733 286
8753 8791 225
8779 8820 160
8804 8838 248
8819 8852 208
8846 8874 44
8852 8857 150
8872 8880 256
8877 8887 228
8890 8910 34
8892 8901 163
8907 8933 287
8929 8955 54
8955 8961 238
8965 9014 242
8989 9028 28
8994 9028 236
9007 9013 3
9029 9054 250
9030 9043 203
9045 9062 28
9057 9104 75
9069 9083 281
9081 9089 296
9094 9143 39
9099 9147 131
9113 9115 245
9113 9143 150
9135 9173 42
9147 9194 20
9173 9182 157
9188 9238 180
9190 9219 17
9215 9242 187
9224 9241 184
9253 9256 94
9279 9289 49
9301 9348 59
9312 9319 132
9330 9349 95
9337 9380 209
9352 9378 206
9357 9395 240
9366 9369 144
9390 9439 98
9395 9441 237
9420 9462 161
9433 9448 5
9457 9492 118
9459 9476 239
9466 9487 133
9496 9500 120
9503 9540 129
9526 9542 219
9555 9588 5
9577 9590 54
9605 9632 17
9614 9649 186
9624 9658 276
9627 9676 207
9637 9682 288
9665 9676 103
9671 9677 265
9687 9710 19
9694 9739 191
9719 9752 263
9723 9753 176
9732 9766 30
9741 9761 3
9761 9801 104
9785 9831 156
9794 9817 89
9822 9846 160
9826 9861 291
9844 9892 180
9848 9856 245
9868 9896 131
9889 9918 43
9907 9920 100
9920 9948 274
9938 9983 175
9948 9963 68
9950 9989 174
9969 9975 49
9996 10045 32
10021 10070 247
10040 10060 219
10040 10059 149
10065 10075 79
10089 10122 249
10091 10102 218
10092 10134 192
10121 10138 230
10131 10133 36
10156 10170 73
10169 10214 199
10181 10202 18
10191 10201 287
10214 10248 179
10233 10237 272
10233 10264 238
10246 10257 20
10266 10296 132
10286 10292 156
10309 10345 62
10316 10334 202
10317 10329 68
10347 10371 291
10365 10394 117
10371 10412 106
10394 10435 271
10419 10434 244
10429 10435 167
10452 10462 204
10465 10473 1
10495 10534 155
10495 10505 138
10512 10558 163
10539 10568 278
10551 10574 170
10562 10571 180
10585 10629 106
10600 10609 41
10603 10621 87
10611 10656 111
10637 10649 181
10641 10669 5
10671 10717 134
10692 10701 74
10717 10723 33
10739 10747 61
10741 10754 96
10767 10810 157
10770 10818 95
10790 10840 247
10805 10848 84
10833 10870 176
10852 10899 95
10871 10886 51
10896 10942 211
10921 10938 256
10946 10978 227
10951 10966 173
10973 11003 125
10980 11024 263
10985 11034 41
11007 11034 121
11016 11018 138
11041 11057 81
11059 11071 120
11067 11076 90
11067 11113 152
11078 11098 174
11094 11110 70
11120 11160 209
11147 11170 118
11174 11223 145
11176 11199 228
11204 11225 178
11205 11220 187
11232 11241 9
11236 11264 111
11237 11247 260
11238 11283 175
11252 11253 67
11281 11303 218
11296 11344 22
11314 11354 173
11332 11378 152
11337 11344 121
11346 11395 258
11356 11397 129
11358 11369 134
11384 11394 211
11392 11430 213
11415 11456 15
11438 11467 39
11439 11450 181
11463 11476 176
11471 11481 57
11494 11510 134
11523 11531 30
11544 11570 254
11544 11594 235
11567 11574 281
11581 11611 23
11600 11625 83
11622 11652 209
11643 11692 90
11659 11684 254
11679 11687 188
11709 11744 242
11735 11745 129
11765 11797 179
11785 11833 248
11814 11852 216
11834 11870 48
11840 11852 171
11860 11895 211
11867 11873 9
11891 11926 192
11907 11915 52
11921 11952 44
11921 11966 195
11943 11989 144
11965 12007 132
11995 12040 159
12023 12060 45
12027 12060 105
12035 12080 167
12063 12112 193
12078 12120 196
12104 12154 127
12130 12147 90
12149 12175 80
12161 12185 62
12171 12176 138
12181 12201 6
12188 12202 77
12210 12256 201
12210 12258 14
12231 12268 61
12242 12264 119
12272 12310 255
12302 12328 22
12308 12348 191
12315 12347 295
12329 12375 273
12351 12392 273
12361 12407 145
12366 12377 211
12379 12391 21
12379 12404 101
12383 12418 109
12406 12450 94
12428 12452 266
12437 12472 190
12466 12468 217
12476 12511 112
12481 12514 51
12481 12489 21
12507 12531 262
12533 12549 283
12534 12557 70
12552 12559 286
12571 12582 28
12582 12612 198
12602 12634 160
12602 12644 170
12602 12632 46
12614 12653 261
12639 12671 200
12665 12686 12
12666 12701 74
12690 12691 77
12719 12737 288
12734 12743 90
12737 12784 294
12752 12763 299
12757 12763 101
12760 12807 298
12782 12822 137
12811 12861 142
12818 12853 119
12825 12868 53
12844 12850 250
12866 12881 260
12891 12917 113
12911 12945 236
12940 12943 168
12949 12980 255
12951 12966 231
12957 12981 216
12957 13007 134
12987 12990 111
13013 13055 109
13018 13062 285
13018 13027 154
13035 13068 76
13040 13061 291
13052 13101 26
13074 13079 194
13095 13141 113
13107 13127 81
13119 13147 147
13140 13187 38
13151 13153 197
13178 13220 175
13207 13240 75
13227 13228 82
13257 13307 158
13263 13273 39
13290 13330 216
13299 13305 218
13319 13338 140
13336 13359 68
13353 13394 50
13370 13391 294
13384 13396 246
13400 13434 243
13423 13428 274
13449 13464 40
13469 13472 254
13491 13535 197
13505 13519 42
13505 13525 296
13534 13546 60
13554 13562 229
13566 13578 162
13584 13599 82
13609 13652 82
13614 13627 26
13641 13648 246
13662 13691 119
13671 13672 160
13692 13728 254
13700 13746 4
13711 13745 58
13731 13763 122
13753 13761 165
13771 13800 273
13792 13821 244
13819 13864 183
13833 13877 122
13850 13877 254
13868 13872 249
13880 13919 161
13896 13912 92
13909 13943 45
13936 13974 198
13944 13988 156
13960 13989 9
13981 14019 219
13986 14007 291
13986 14019 276
14004 14052 28
14031 14067 62
14035 14070 172
14036 14043 55
14053 14067 11
14056 14067 144
14073 14086 19
14089 14130 221
14115 14142 204
14131 14166 154
14140 14156 270
14149 14165 214
14162 14202 95
14176 14217 256
14189 14230 167
14215 14265 72
14243 14277 210
14266 14303 279
14274 14295 153
14280 14317 204
14288 14319 15
14306 14332 248
14307 14327 216
14333 14376 29
14345 14395 110
14364 14395 3
14373 14419 221
14395 14442 179
14408 14439 241
14411 14417 291
14412 14440 163
14433 14464 71
14442 14468 295
14460 14499 121
14461 14497 86
14470 14498 249
14490 14491 266
14510 14516 262
14530 14541 15
14531 14560 173
14551 14572 227
14558 14575 224
14573 14575 41
14573 14592 249
14596 14622 293
14605 14655 16
14608 14624 204
14627 14637 39
14642 14644 227
14645 14665 5
14650 14681 125
14670 14701 157
14680 14710 297
14692 14710 152
14699 14739 159
14710 14728 71
14732 14738 296
14733 14743 239
14760 14770 38
14767 14792 153
14782 14794 185
14797 14842 79
14809 14829 156
14836 14861 180
14844 14854 205
14869 14913 194
14892 14931 215
14892 14922 125
14911 14922 153
14930 14979 18
14939 14976 95
