1000
24 56 118
26 33 10
33 66 228
37 39 47
55 85 206
70 106 270
78 98 229
91 130 133
104 130 140
129 177 47
157 188 148
165 191 199
166 169 253
171 184 155
182 201 21
199 233 121
204 229 298
207 227 71
221 259 228
227 261 133
229 262 17
253 261 129
260 287 215
273 275 149
286 307 267
314 322 1
320 327 104
347 356 177
376 409 58
381 412 152
392 418 116
409 453 7
409 458 172
424 462 178
433 460 55
451 495 60
477 478 151
480 504 240
502 522 102
532 558 201
549 562 225
559 564 229
573 578 110
573 622 258
584 600 282
591 598 118
613 628 167
641 653 100
645 648 135
653 692 144
670 689 63
696 733 292
726 755 204
727 764 96
747 752 110
765 781 93
769 775 62
796 840 223
810 850 254
810 831 194
819 856 232
843 847 116
852 888 189
874 890 66
904 927 295
928 975 217
938 970 7
963 986 250
990 1010 174
991 1000 148
1012 1037 98
1020 1038 20
1025 1071 183
1027 1038 212
1044 1049 292
1055 1105 194
1064 1089 41
1085 1093 257
1086 1121 292
1094 1135 139
1123 1161 30
1125 1152 10
1137 1187 70
1159 1179 1
1176 1211 282
1181 1230 24
1189 1209 206
1216 1258 265
1239 1256 153
1261 1266 137
1276 1308 296
1293 1336 72
1323 1366 164
1332 1336 107
1342 1383 156
1342 1373 69
1350 1385 95
1358 1371 153
1360 1369 31
1376 1388 93
1389 1395 258
1418 1441 96
1424 1443 124
1448 1486 91
1462 1509 264
1477 1486 174
1478 1528 211
1486 1521 162
1495 1502 296
1506 1548 35
1532 1559 150
1545 1583 271
1574 1618 130
1583 1616 151
1613 1622 67
1630 1636 242
1631 1652 117
1657 1680 282
1659 1693 236
1669 1674 46
1698 1743 272
1699 1727 91
1721 1754 255
1748 1790 196
1756 1763 264
1769 1787 22
1784 1797 136
1807 1844 187
1810 1818 170
1831 1837 267
1843 1866 262
1855 1863 247
1856 1881 144
1857 1883 69
1867 1874 53
1867 1876 130
1876 1884 184
1894 1927 1
1910 1949 86
1915 1916 151
1938 1973 33
1955 1970 44
1969 1990 233
1999 2025 245
2025 2067 271
2050 2083 242
2059 2093 1
2061 2089 211
2083 2130 109
2103 2151 5
2117 2137 225
2138 2162 208
2138 2145 89
2165 2209 189
2191 2231 178
2209 2257 72
2228 2234 214
2240 2262 171
2259 2266 20
2271 2276 88
2294 2329 254
2300 2348 67
2325 2336 78
2343 2386 160
2373 2399 111
2396 2408 30
2412 2414 7
2432 2447 281
2446 2488 24
2455 2499 150
2463 2465 293
2481 2513 99
2496 2498 158
2510 2527 164
2532 2549 7
2559 2603 287
2566 2590 51
2566 2576 89
2589 2610 231
2609 2648 216
2611 2639 250
2613 2615 127
2628 2653 4
2636 2649 121
2653 2683 111
2677 2715 193
2693 2713 149
2711 2726 78
2718 2752 8
2725 2742 152
2755 2786 19
2758 2776 278
2787 2795 194
2813 2818 18
2830 2859 182
2846 2892 87
2849 2896 111
2867 2903 154
2881 2889 174
2887 2928 289
2902 2929 249
2914 2961 75
2922 2946 263
2926 2954 80
2950 2991 201
2969 2987 163
2979 2982 211
2981 3005 122
3005 3039 77
3018 3024 159
3026 3043 260
3039 3066 108
3060 3110 276
3065 3105 71
3087 3096 198
3103 3118 81
3131 3138 236
3152 3171 47
3180 3209 196
3203 3239 147
3225 3273 247
3238 3279 82
3245 3283 240
3274 3283 255
3284 3304 271
3312 3318 115
3333 3360 94
3337 3357 221
3351 3368 222
3365 3413 33
3366 3378 134
3374 3393 232
3384 3415 242
3392 3404 236
3422 3469 42
3439 3487 141
3465 3470 86
3488 3528 153
3503 3537 61
3514 3522 131
3525 3552 113
3540 3556 223
3547 3585 294
3561 3610 256
3582 3584 70
3589 3634 292
3600 3604 158
3626 3646 14
3655 3673 204
3658 3677 269
3687 3731 14
3696 3724 291
3722 3753 209
3752 3791 195
3753 3754 13
3775 3781 179
3795 3825 58
3822 3865 234
3845 3882 20
3853 3856 178
3876 3894 172
3898 3910 137
3912 3949 209
3926 3928 6
3934 3946 283
3961 4009 232
3974 4003 270
3992 4033 40
3994 4011 267
4009 4055 49
4033 4055 31
4057 4097 186
4067 4082 273
4092 4140 181
4122 4137 94
4133 4141 283
4154 4162 278
4168 4209 275
4197 4215 269
4211 4245 237
4227 4256 38
4238 4259 180
4254 4258 250
4267 4292 193
4286 4336 208
4298 4337 173
4325 4337 279
4355 4383 214
4363 4366 52
4382 4431 167
4392 4428 87
4409 4452 192
4419 4464 59
4432 4439 213
4446 4467 171
4458 4502 143
4487 4530 64
4496 4529 270
4497 4537 201
4507 4517 12
4535 4542 137
4560 4593 291
4580 4624 36
4608 4628 94
4638 4688 261
4646 4679 121
4665 4699 266
4689 4730 182
4700 4727 76
4715 4720 298
4724 4733 251
4736 4745 97
4766 4802 149
4785 4798 278
4805 4829 73
4812 4838 55
4835 4877 75
4835 4871 285
4840 4856 90
4861 4906 222
4882 4901 270
4894 4905 159
4906 4926 81
4927 4939 233
4952 4982 212
4980 5023 134
4991 5036 233
4996 5027 250
5016 5060 173
5019 5051 164
5024 5043 164
5036 5052 26
5065 5077 223
5072 5097 167
5081 5092 20
5098 5146 62
5109 5115 285
5118 5120 242
5119 5124 39
5124 5126 174
5148 5180 89
5157 5205 208
5180 5205 131
5197 5220 87
5215 5244 258
5219 5265 291
5242 5274 91
5266 5284 296
5280 5325 213
5297 5336 144
5320 5335 193
5347 5384 55
5367 5388 276
5372 5375 142
5377 5381 118
5404 5445 50
5406 5409 246
5406 5449 183
5406 5442 18
5413 5427 45
5439 5467 115
5457 5476 163
5471 5481 100
5486 5533 62
5488 5515 246
5502 5536 87
5530 5549 65
5538 5577 131
5567 5594 284
5567 5577 194
5568 5617 206
5582 5601 289
5607 5638 257
5630 5650 240
5646 5686 146
5651 5692 40
5679 5688 258
5698 5725 142
5724 5771 287
5734 5761 57
5740 5745 257
5763 5784 57
5775 5798 275
5783 5796 36
5790 5808 146
5816 5830 1
5830 5836 247
5860 5891 226
5870 5902 57
5900 5941 32
5901 5930 290
5912 5923 219
5925 5955 80
5954 5957 232
5975 6015 163
5998 6010 125
6024 6070 256
6035 6052 100
6063 6068 282
6076 6121 17
6083 6132 155
6091 6107 203
6094 6138 131
6121 6170 279
6146 6168 261
6172 6197 220
6202 6248 171
6230 6276 211
6250 6276 234
6258 6287 141
6270 6312 9
6298 6331 196
6318 6366 169
6328 6354 178
6328 6356 68
6334 6377 104
6341 6382 143
6369 6390 184
6369 6388 74
6380 6398 244
6403 6412 17
6413 6449 79
6423 6463 222
6427 6437 114
6435 6471 79
6435 6443 220
6463 6478 300
6475 6489 259
6495 6508 134
6519 6522 97
6547 6590 150
6555 6576 239
6559 6600 220
6588 6600 104
6608 6635 56
6627 6647 223
6634 6647 14
6663 6676 46
6681 6683 210
6702 6741 4
6702 6729 240
6718 6726 97
6719 6732 189
6737 6771 119
6742 6782 103
6744 6752 238
6746 6761 198
6746 6774 40
6768 6801 5
6786 6819 90
6803 6813 178
6812 6841 235
6824 6839 253
6829 6859 153
6836 6875 177
6857 6871 120
6865 6885 203
6889 6893 12
6913 6944 34
6929 6969 273
6936 6942 40
6940 6976 91
6945 6981 135
6967 7009 274
6994 7044 148
7009 7025 157
7031 7079 40
7061 7069 51
7075 7110 266
7081 7104 50
7099 7104 192
7117 7134 263
7143 7169 226
7149 7170 24
7166 7216 67
7196 7199 197
7226 7258 56
7233 7278 141
7240 7275 155
7254 7281 293
7268 7283 36
7276 7320 167
7298 7330 40
7310 7321 209
7328 7330 200
7347 7397 95
7351 7379 282
7377 7400 71
7406 7418 286
7406 7447 41
7415 7452 93
7438 7439 77
7438 7463 79
7439 7463 209
7440 7455 112
7442 7491 167
7448 7470 263
7459 7472 70
7478 7497 46
7481 7515 180
7497 7501 124
7509 7555 148
7537 7581 282
7560 7575 74
7576 7593 243
7589 7619 38
7604 7610 215
7606 7641 95
7615 7646 185
7636 7676 7
7639 7641 248
7658 7696 288
7666 7683 21
7684 7690 45
7707 7720 195
7719 7733 179
7734 7778 172
7755 7780 98
7768 7792 269
7773 7776 132
7800 7831 203
7808 7838 297
7824 7870 47
7852 7898 147
7860 7879 61
7869 7870 24
7890 7914 6
7893 7919 47
7909 7939 184
7922 7944 225
7942 7963 89
7965 8006 64
7972 8016 199
7977 7987 85
7995 8021 19
8023 8030 185
8034 8071 60
8055 8075 125
8055 8090 136
8072 8073 23
8092 8130 152
8109 8143 170
8124 8136 136
8143 8158 237
8172 8220 137
8187 8237 78
8214 8217 263
8226 8260 206
8239 8279 239
8263 8292 78
8279 8292 132
8303 8329 1
8318 8337 71
8339 8380 75
8348 8392 249
8357 8390 226
8371 8376 4
8371 8392 186
8397 8437 98
8421 8450 32
8448 8467 282
8461 8480 230
8480 8490 40
8506 8534 69
8530 8557 39
8553 8567 259
8558 8583 103
8587 8614 136
8589 8631 174
8617 8655 227
8646 8668 177
8656 8680 76
8665 8681 191
8686 8708 280
8709 8752 90
8736 8755 228
8756 8772 79
8769 8775 114
8778 8798 254
8800 8819 67
8824 8848 222
8846 8850 193
8857 8888 117
8860 8879 221
8871 8891 64
8886 8897 203
8902 8935 201
8931 8969 39
8942 8992 173
8949 8973 97
8963 8972 103
8974 9017 18
8982 8995 21
9007 9046 17
9022 9043 31
9043 9058 97
9048 9060 173
9063 9110 183
9088 9099 222
9111 9159 82
9133 9148 203
9135 9167 38
9157 9185 80
9173 9180 75
9180 9185 59
9180 9212 163
9202 9205 181
9216 9240 274
9223 9269 154
9230 9232 192
9239 9243 64
9262 9288 230
9263 9286 187
9293 9342 212
9317 9340 75
9344 9373 167
9349 9355 43
9358 9397 155
9380 9389 41
9409 9457 136
9415 9423 209
9430 9450 92
9453 9489 224
9478 9521 102
9501 9514 184
9510 9542 41
9529 9548 208
9548 9582 76
9578 9607 102
9607 9646 208
9615 9639 258
9618 9650 23
9645 9690 178
9666 9707 263
9684 9690 74
9691 9731 105
9711 9722 51
9714 9719 156
9714 9751 278
9718 9755 292
9721 9740 77
9740 9779 211
9752 9786 209
9762 9804 23
9785 9800 42
9809 9830 13
9829 9864 50
9829 9861 109
9829 9848 153
9853 9883 101
9858 9885 91
9865 9889 281
9881 9930 125
9892 9923 178
9896 9911 296
9917 9935 144
9923 9966 258
9951 9969 32
9953 9954 39
9982 9985 257
10001 10050 294
10015 10048 273
10035 10084 3
10055 10104 146
10068 10118 80
10068 10115 272
10070 10102 4
10072 10119 86
10093 10124 209
10112 10155 60
10126 10167 78
10131 10132 146
10141 10157 18
10167 10169 158
10170 10200 295
10198 10202 237
10201 10231 192
10217 10248 6
10238 10255 26
10242 10260 34
10252 10278 148
10273 10303 156
10300 10344 79
10300 10315 258
10314 10352 172
10336 10382 138
10355 10379 85
10367 10385 54
10394 10421 134
10418 10467 279
10446 10461 109
10450 10465 30
10467 10517 275
10477 10494 244
10505 10508 38
10532 10544 156
10540 10590 161
10569 10585 140
10571 10580 41
10571 10587 269
10571 10614 180
10581 10604 166
10610 10646 233
10639 10687 278
10665 10701 19
10667 10702 261
10681 10717 154
10682 10693 185
10705 10723 203
10716 10735 18
10731 10771 152
10746 10758 111
10770 10772 87
10771 10797 122
10778 10816 265
10781 10794 262
10798 10828 283
10821 10822 64
10832 10840 275
10857 10862 183
10870 10887 262
10900 10949 82
10905 10914 88
10910 10959 94
10937 10983 18
10951 11001 247
10978 11019 99
11003 11047 238
11027 11036 145
11051 11079 50
11080 11092 153
11084 11107 42
11085 11099 2
11103 11118 1
11118 11155 295
11133 11148 46
11143 11153 160
11168 11210 253
11190 11228 215
11218 11252 70
11228 11268 137
11254 11279 214
11284 11324 85
11299 11321 147
11328 11365 272
11349 11361 104
11361 11394 251
11365 11377 227
11372 11380 62
11374 11386 300
11387 11394 144
11416 11433 259
11432 11438 165
11455 11483 79
11479 11520 197
11479 11503 165
11480 11518 221
11485 11527 109
11511 11517 4
11513 11530 81
11523 11536 155
11551 11552 198
11559 11576 192
11587 11634 181
11596 11624 90
11621 11647 158
11637 11646 200
11655 11661 278
11684 11686 155
11688 11734 67
11698 11740 182
11728 11738 180
11738 11754 156
11755 11760 189
11781 11808 138
11785 11835 111
11811 11855 234
11812 11853 113
11840 11865 1
11846 11853 195
11847 11880 236
11876 11916 121
11881 11891 156
11886 11927 158
11889 11905 114
11909 11933 236
11924 11957 30
11934 11941 8
11954 11974 297
11979 12002 241
11988 11995 248
11992 11995 103
12002 12004 207
12002 12028 286
12020 12062 214
12031 12078 214
12052 12102 173
12080 12089 102
12108 12157 115
12108 12136 227
12134 12158 148
12139 12163 274
12139 12162 214
12148 12181 110
12168 12208 27
12171 12184 268
12178 12203 274
12191 12215 22
12207 12256 198
12207 12229 152
12209 12244 6
12236 12251 51
12239 12269 24
12244 12270 272
12274 12296 30
12290 12292 276
12290 12320 185
12294 12331 90
12313 12337 12
12321 12353 58
12338 12373 186
12351 12353 246
12360 12399 156
12387 12401 183
12398 12404 47
12425 12475 185
12443 12456 240
12443 12466 105
12470 12479 217
12493 12520 238
12519 12542 133
12540 12557 225
12562 12588 145
12564 12571 41
12572 12592 52
12590 12601 287
12618 12631 276
12631 12647 222
12653 12685 297
12665 12675 32
12685 12693 113
12703 12739 237
12713 12746 59
12718 12752 94
12746 12751 154
12765 12770 27
12772 12804 280
12783 12796 237
12798 12804 29
12802 12826 18
12819 12851 60
12840 12878 7
12863 12900 127
12866 12903 278
12890 12910 139
12908 12921 50
12933 12935 187
12948 12957 65
12974 12993 167
12974 12999 107
12991 13011 127
12991 13019 221
12992 12999 41
12999 13021 208
13025 13065 96
13049 13063 149
13051 13058 281
13077 13096 20
13103 13142 87
13127 13173 81
13144 13158 40
13167 13201 182
13172 13199 184
13195 13224 216
13216 13257 120
13218 13247 239
13222 13224 65
13223 13240 227
13243 13261 138
13245 13291 8
13274 13302 165
13287 13337 166
13315 13332 109
13334 13383 57
13355 13391 263
13366 13369 15
13372 13377 97
13377 13418 71
13382 13416 300
13394 13400 119
13395 13415 88
13419 13468 156
13441 13462 242
13457 13473 208
13467 13511 287
13478 13487 93
13489 13491 146
13518 13547 275
13541 13554 188
13543 13577 2
13555 13579 219
13579 13596 276
13595 13635 96
13612 13641 161
13621 13631 254
13634 13665 160
13642 13678 102
13649 13668 127
13664 13666 172
13689 13714 295
13717 13757 173
13747 13782 182
13769 13812 32
13770 13782 132
13775 13823 222
13799 13811 200
13809 13838 184
13812 13846 136
13823 13848 46
13823 13861 7
13839 13887 240
13863 13890 142
13891 13901 217
13901 13941 246
13917 13950 2
13931 13933 250
13948 13997 7
13974 13987 230
14003 14026 165
14029 14075 300
14036 14064 121
14054 14080 20
14063 14082 111
14076 14121 127
14085 14134 187
14099 14101 126
14119 14157 234
14139 14152 192
14146 14170 190
14170 14182 142
14176 14177 290
14185 14225 73
14185 14220 273
14197 14227 203
14213 14250 163
14242 14292 273
14254 14291 232
14257 14292 231
14282 14295 205
14302 14346 99
14310 14350 95
14329 14330 112
14333 14340 34
14353 14378 46
14368 14410 142
14379 14405 73
14398 14433 64
14415 14456 3
14429 14463 221
14453 14470 61
14471 14516 212
14497 14531 220
14518 14561 170
14525 14539 44
14535 14562 116
14536 14580 278
14561 14580 111
14577 14605 249
14588 14635 17
14603 14621 247
14628 14661 75
14639 14671 87
14656 14659 161
14661 14663 232
14681 14706 50
14690 14720 134
14700 14735 117
14721 14752 131
14741 14763 153
14762 14804 216
14783 14792 9
14804 14828 165
14832 14860 45
14851 14891 49
14864 14912 59
14888 14909 49
14895 14904 32
14924 14972 115
14936 14984 93
14946 14985 34
14952 14966 92
14977 15005 152
14984 14992 5
14988 15034 210
15009 15013 283
15015 15043 131
15030 15078 6
15042 15046 295
15053 15068 70
15062 15063 74
