5000
17 53 201
45 48 242
69 115 128
84 92 114
87 89 226
112 139 191
124 131 183
151 174 70
170 219 156
182 225 30
187 200 112
203 223 40
231 237 227
235 278 116
246 287 272
252 275 221
264 311 194
288 299 55
308 323 121
323 369 273
347 386 124
358 398 146
386 435 25
402 405 12
430 453 66
435 448 268
451 478 71
457 483 83
486 499 179
486 503 90
501 534 223
521 567 84
525 562 105
552 578 218
574 602 210
600 637 206
620 663 27
633 668 286
638 656 63
653 690 251
682 724 121
710 719 105
733 755 87
740 755 283
746 763 187
764 813 56
793 811 149
809 829 212
812 839 183
817 860 265
844 884 219
857 888 270
860 881 33
882 932 143
882 930 36
892 938 57
912 943 212
924 970 297
952 968 42
974 986 83
993 1029 64
1020 1030 143
1050 1088 96
1051 1065 4
1070 1085 273
1084 1102 24
1112 1126 258
1137 1157 37
1156 1179 204
1173 1218 49
1185 1206 258
1214 1226 277
1229 1260 261
1256 1285 81
1276 1302 268
1304 1352 139
1326 1367 244
1353 1397 33
1363 1376 131
1368 1378 296
1370 1376 15
1390 1433 2
1410 1443 149
1429 1435 41
1432 1439 95
1454 1501 216
1463 1496 87
1470 1491 85
1500 1550 294
1521 1565 91
1544 1566 277
1563 1595 271
1576 1582 234
1600 1621 275
1626 1661 88
1630 1672 156
1644 1663 239
1665 1684 125
1668 1683 204
1679 1691 151
1690 1714 247
1699 1706 241
1727 1767 222
1729 1753 124
1741 1778 70
1751 1762 86
1759 1792 217
1788 1819 30
1806 1829 98
1808 1838 197
1809 1818 208
1824 1850 75
1835 1853 281
1842 1877 27
1868 1884 291
1869 1915 203
1897 1934 210
1927 1933 4
1944 1994 213
1963 1986 37
1980 2003 46
2000 2004 75
2010 2037 39
2015 2028 101
2035 2036 206
2060 2109 48
2064 2093 157
2077 2097 117
2101 2118 295
2122 2131 15
2130 2157 132
2131 2181 178
2159 2175 131
2176 2198 156
2189 2236 250
2215 2239 44
2215 2227 152
2233 2279 63
2251 2292 183
2260 2289 220
2281 2310 162
2281 2330 117
2288 2307 161
2289 2297 144
2292 2298 145
2305 2323 33
2323 2358 80
2347 2353 60
2355 2385 144
2369 2390 138
2380 2388 128
2393 2419 230
2400 2424 177
2424 2468 199
2427 2435 178
2438 2443 249
2460 2500 203
2476 2496 162
2490 2521 69
2503 2543 21
2510 2523 36
2530 2579 265
2531 2544 122
2548 2553 262
2577 2592 104
2595 2608 148
2616 2623 107
2624 2666 77
2649 2674 249
2650 2685 28
2676 2695 164
2694 2718 173
2699 2730 13
2704 2730 295
2731 2755 135
2741 2790 74
2744 2747 296
2758 2776 129
2770 2773 91
2793 2831 147
2804 2819 267
2810 2850 77
2821 2841 280
2837 2840 61
2863 2878 282
2867 2913 174
2890 2896 123
2901 2932 205
2927 2971 44
2949 2990 281
2958 2979 251
2971 2980 244
2990 2994 25
3012 3018 42
3033 3067 293
3056 3058 192
3081 3106 228
3099 3148 43
3123 3169 182
3148 3172 190
3157 3169 191
3179 3192 237
3197 3218 13
3205 3238 77
3232 3272 28
3249 3275 62
3261 3268 246
3263 3304 69
3278 3280 68
3280 3312 131
3287 3331 94
3300 3331 151
3302 3339 64
3325 3330 8
3345 3373 246
3346 3357 120
3352 3365 163
3364 3370 116
3380 3396 232
3390 3409 164
3401 3420 117
3410 3455 56
3434 3481 256
3442 3446 174
3465 3494 202
3488 3515 67
3509 3546 285
3532 3536 76
3549 3558 253
3559 3568 145
3561 3596 76
3580 3591 80
3597 3627 161
3604 3645 152
3628 3660 251
3634 3674 250
3655 3681 288
3655 3696 289
3683 3714 8
3700 3710 233
3712 3715 65
3735 3770 247
3762 3796 225
3779 3792 149
3790 3802 6
3820 3832 185
3847 3880 243
3877 3912 188
3889 3925 223
3908 3914 66
3918 3924 191
3932 3970 229
3960 3998 200
3970 4020 57
4000 4025 213
4014 4064 155
4036 4054 11
4048 4083 222
4048 4062 222
4048 4070 270
4057 4089 205
4071 4078 21
4073 4081 266
4091 4128 235
4103 4120 84
4119 4144 27
4141 4180 66
4148 4153 49
4150 4180 37
4170 4211 230
4195 4215 266
4202 4209 98
4232 4234 118
4232 4237 220
4237 4243 113
4242 4287 43
4242 4288 134
4260 4289 274
4290 4337 243
4304 4318 294
4331 4365 194
4345 4349 159
4364 4385 190
4364 4376 102
4371 4407 154
4376 4380 105
4387 4408 38
4413 4450 242
4418 4466 105
4422 4447 261
4443 4453 47
4460 4471 113
4467 4469 137
4487 4527 298
4506 4530 269
4509 4511 265
4509 4525 122
4536 4565 110
4555 4598 100
4585 4610 299
4613 4663 261
4638 4653 205
4643 4663 42
4643 4678 126
4654 4686 200
4670 4712 223
4688 4705 78
4690 4717 60
4706 4731 248
4710 4753 20
4711 4749 12
4729 4731 288
4749 4758 161
4772 4793 131
4795 4836 220
4801 4833 149
4819 4866 35
4848 4894 194
4850 4867 75
4854 4870 98
4874 4912 261
4898 4900 261
4924 4968 285
4942 4971 176
4971 4987 198
4984 5027 247
5007 5044 231
5020 5067 62
5021 5033 217
5031 5051 275
5035 5063 80
5057 5064 8
5063 5076 130
5067 5106 92
5088 5089 227
5105 5116 219
5116 5136 154
5116 5148 95
5142 5163 6
5145 5147 77
5153 5175 63
5155 5177 251
5162 5201 204
5174 5223 17
5192 5212 118
5206 5231 296
5220 5259 299
5244 5286 253
5259 5289 126
5267 5278 129
5273 5314 180
5303 5347 58
5308 5340 140
5314 5323 13
5344 5393 278
5355 5359 260
5370 5403 213
5397 5431 274
5422 5461 98
5442 5468 110
5451 5472 236
5457 5490 68
5487 5505 129
5501 5534 67
5531 5568 281
5537 5565 19
5563 5608 57
5570 5595 66
5572 5590 9
5576 5592 131
5578 5600 43
5583 5613 166
5606 5632 249
5627 5673 157
5648 5669 214
5660 5700 281
5685 5719 297
5692 5733 131
5717 5735 12
5746 5752 25
5756 5773 281
5786 5790 153
5800 5815 185
5816 5862 217
5836 5844 253
5845 5871 75
5847 5875 294
5847 5882 228
5872 5878 137
5899 5924 147
5907 5941 226
5935 5955 49
5938 5954 218
5950 5992 101
5950 5970 85
5968 6001 138
5981 6023 222
5985 6022 283
6008 6048 288
6033 6037 78
6063 6093 216
6086 6092 135
6111 6148 189
6126 6171 85
6149 6169 120
6152 6196 259
6155 6205 254
6161 6162 251
6176 6193 292
6205 6227 260
6206 6211 275
6234 6279 27
6246 6293 25
6257 6258 69
6279 6317 273
6303 6309 66
6320 6360 159
6340 6353 30
6352 6364 64
6358 6363 159
6364 6372 42
6374 6411 290
6391 6435 58
6395 6421 218
6414 6455 230
6417 6422 24
6430 6472 250
6438 6443 117
6463 6485 19
6466 6467 43
6476 6526 155
6477 6503 102
6506 6538 6
6535 6543 258
6557 6593 56
6560 6594 46
6577 6603 63
6595 6627 36
6620 6670 117
6646 6691 252
6669 6690 223
6671 6691 252
6696 6738 103
6717 6752 272
6723 6735 67
6751 6783 111
6754 6787 173
6784 6796 21
6800 6839 37
6828 6868 137
6847 6855 216
6863 6893 255
6874 6910 92
6874 6882 117
6895 6906 118
6916 6930 90
6928 6956 277
6935 6984 68
6965 7008 102
6988 7006 211
7001 7043 89
7011 7054 235
7032 7050 18
7055 7058 260
7070 7082 201
7080 7107 49
7087 7124 262
7107 7149 248
7132 7176 38
7134 7163 256
7142 7164 296
7163 7180 179
7190 7199 62
7191 7239 70
7192 7202 284
7214 7259 169
7228 7237 178
7235 7260 156
7242 7272 100
7272 7298 78
7290 7314 202
7304 7329 279
7329 7358 92
7349 7384 106
7357 7366 136
7368 7403 186
7396 7425 229
7412 7425 280
7440 7490 15
7443 7445 79
7471 7488 204
7498 7510 289
7503 7521 275
7509 7521 241
7529 7568 121
7538 7581 16
7550 7551 86
7552 7587 245
7571 7574 70
7594 7626 31
7612 7653 174
7642 7664 1
7666 7672 281
7667 7673 36
7685 7691 200
7712 7759 269
7738 7779 225
7749 7787 5
7756 7786 67
7775 7812 47
7795 7828 175
7818 7831 135
7834 7877 237
7858 7896 228
7867 7883 172
7873 7882 250
7877 7894 217
7892 7918 258
7922 7925 163
7944 7957 17
7974 8009 214
8003 8029 81
8018 8054 81
8045 8069 200
8055 8080 79
8069 8110 199
8078 8104 140
8084 8132 114
8087 8110 230
8111 8132 94
8120 8148 147
8136 8138 289
8136 8149 162
8158 8161 100
8179 8204 299
8184 8191 48
8205 8215 81
8216 8249 38
8231 8251 230
8250 8272 197
8265 8293 244
8286 8321 22
8286 8305 159
8302 8327 240
8316 8351 178
8342 8350 171
8350 8352 223
8357 8389 264
8378 8400 261
8397 8422 271
8406 8450 27
8408 8414 107
8411 8430 28
8415 8448 137
8416 8449 261
8420 8430 103
8439 8452 165
8467 8495 17
8471 8472 119
8486 8532 142
8516 8556 264
8540 8563 182
8567 8604 77
8576 8623 144
8590 8607 156
8594 8615 41
8614 8634 273
8620 8655 88
8634 8674 39
8644 8657 71
8671 8716 96
8678 8721 190
8694 8733 15
8719 8729 223
8746 8783 259
8746 8792 164
8776 8806 140
8796 8805 260
8804 8844 154
8818 8860 184
8830 8842 83
8838 8869 6
8843 8862 291
8845 8864 128
8860 8899 62
8881 8923 21
8881 8891 286
8904 8916 219
8908 8953 245
8936 8969 55
8944 8971 157
8970 8979 211
8987 9014 105
8993 9039 203
9012 9054 300
9015 9041 249
9043 9086 20
9044 9077 25
9073 9106 281
9094 9107 114
9114 9146 205
9116 9155 90
9142 9184 267
9150 9181 1
9158 9172 161
9169 9175 113
9177 9217 52
9187 9209 89
9193 9223 137
9197 9226 255
9209 9259 299
9219 9221 198
9223 9260 209
9228 9244 113
9248 9279 119
9253 9261 181
9260 9296 289
9285 9334 23
9298 9318 26
9328 9373 47
9340 9372 137
9360 9372 57
9390 9424 144
9395 9407 249
9419 9467 101
9429 9467 210
9446 9465 288
9451 9500 212
9463 9507 127
9482 9522 143
9495 9545 261
9518 9556 270
9523 9571 161
9533 9561 256
9539 9584 294
9551 9552 116
9563 9565 145
9579 9591 181
9582 9628 7
9595 9608 267
9619 9638 294
9644 9658 75
9660 9700 12
9683 9725 122
9685 9690 286
9714 9755 170
9723 9733 194
9743 9776 17
9751 9763 184
9777 9794 175
9801 9814 128
9802 9847 62
9812 9847 40
9838 9874 245
9867 9890 163
9888 9932 113
9900 9938 104
9918 9961 96
9943 9970 26
9950 9985 1
9953 9959 173
9966 10009 204
9986 10024 241
10001 10012 177
10011 10049 286
10041 10074 11
10048 10088 204
10048 10055 281
10060 10092 74
10089 10105 149
10114 10118 235
10116 10144 66
10140 10177 38
10153 10186 19
10174 10197 149
10197 10206 1
10220 10245 146
10228 10235 104
10236 10273 219
10243 10280 241
10260 10306 263
10286 10335 93
10287 10319 249
10303 10304 274
10313 10328 33
10340 10378 82
10370 10414 7
10377 10415 210
10398 10416 268
10415 10416 255
10435 10483 258
10447 10493 147
10452 10482 25
10473 10510 258
10488 10499 242
10517 10538 222
10532 10576 105
10539 10545 62
10553 10558 226
10582 10611 161
10594 10619 271
10616 10644 214
10630 10648 57
10656 10667 253
10683 10693 264
10694 10712 260
10715 10733 13
10737 10769 74
10755 10757 154
10782 10792 276
10795 10825 194
10808 10817 184
10818 10825 17
10821 10833 233
10836 10873 265
10852 10884 51
10878 10919 6
10894 10908 8
10917 10924 170
10932 10940 79
10957 10994 109
10973 11015 257
10995 11021 52
11009 11046 264
11009 11043 269
11022 11023 53
11036 11039 142
11037 11076 188
11053 11101 260
11053 11076 226
11069 11078 103
11087 11108 201
11092 11098 101
11104 11145 108
11114 11123 81
11122 11130 251
11122 11168 46
11139 11146 188
11145 11186 254
11172 11212 191
11173 11203 138
11181 11201 297
11197 11203 55
11212 11256 293
11239 11267 30
11243 11288 10
11260 11295 72
11288 11308 64
11309 11330 43
11335 11380 159
11338 11377 280
11363 11385 72
11367 11385 157
11372 11406 145
11374 11423 292
11382 11407 125
11389 11432 114
11395 11425 291
11425 11441 167
11428 11465 220
11435 11450 192
11440 11454 6
11464 11480 256
11472 11507 73
11474 11520 215
11475 11520 155
11488 11511 121
11518 11550 185
11528 11571 72
11545 11584 151
11553 11564 291
11583 11589 155
11592 11621 190
11620 11667 5
11648 11693 70
11678 11716 233
11704 11707 142
11732 11782 256
11740 11753 6
11762 11781 133
11764 11766 151
11774 11799 129
11778 11779 36
11806 11842 166
11821 11833 105
11826 11872 64
11834 11872 296
11836 11847 43
11849 11876 268
11854 11894 80
11869 11914 194
11879 11921 103
11888 11908 66
11916 11931 164
11944 11963 10
11973 12017 54
11981 11986 231
12008 12047 12
12020 12050 115
12021 12045 224
12025 12037 173
12028 12078 15
12030 12058 137
12040 12074 39
12064 12080 283
12071 12121 137
12088 12107 294
12110 12116 171
12136 12141 121
12151 12160 35
12168 12205 121
12168 12208 178
12193 12228 249
12212 12244 51
12229 12279 103
12243 12278 102
12255 12257 186
12275 12292 243
12283 12293 226
12304 12333 64
12320 12330 236
12348 12385 111
12352 12362 175
12356 12357 179
12367 12393 43
12378 12405 192
12385 12388 165
12415 12454 234
12422 12456 34
12432 12476 223
12433 12445 149
12436 12457 123
12459 12463 54
12464 12470 114
12481 12514 128
12509 12541 117
12509 12522 291
12533 12546 274
12545 12576 116
12558 12560 273
12562 12603 198
12584 12595 287
12588 12627 275
12601 12610 6
12626 12669 206
12638 12683 236
12638 12642 45
12667 12674 61
12694 12731 181
12705 12706 215
12730 12772 75
12746 12747 43
12763 12775 215
12772 12783 129
12788 12799 204
12806 12843 229
12826 12847 268
12835 12840 186
12853 12900 216
12865 12876 19
12865 12884 8
12889 12904 47
12919 12942 31
12944 12977 146
12953 12966 208
12966 12977 2
12971 13002 229
12998 13014 126
13003 13040 86
13022 13063 221
13040 13051 40
13065 13077 171
13089 13132 219
13095 13112 258
13099 13120 173
13121 13161 156
13131 13133 221
13141 13157 259
13144 13189 61
13145 13150 34
13168 13179 175
13175 13210 157
13199 13242 43
13217 13255 224
13237 13239 128
13239 13267 268
13253 13267 237
13261 13300 115
13287 13290 89
13314 13346 182
13338 13353 168
13362 13407 228
13363 13383 15
13387 13391 211
13410 13459 144
13427 13453 197
13444 13454 52
13452 13482 282
13472 13482 46
13474 13481 60
13481 13526 295
13502 13543 182
13506 13547 211
13526 13535 172
13545 13570 90
13554 13603 270
13575 13580 146
13588 13602 114
13602 13619 102
13628 13668 128
13646 13674 255
13675 13700 27
13696 13736 229
13708 13721 66
13729 13753 102
13731 13763 76
13733 13780 79
13763 13773 252
13791 13797 15
13812 13856 56
13812 13857 153
13842 13845 128
13849 13861 167
13864 13865 53
13885 13929 94
13887 13923 35
13908 13948 230
13920 13962 147
13948 13975 93
13978 14022 34
13980 14003 74
13994 14020 115
14009 14033 248
14021 14046 101
14034 14066 99
14047 14086 262
14060 14080 8
14065 14086 292
14081 14104 38
14099 14146 181
14119 14120 139
14132 14157 146
14141 14173 87
14165 14190 236
14175 14200 45
14175 14181 255
14197 14233 108
14227 14244 250
14246 14252 105
14246 14263 101
14261 14293 111
14267 14303 70
14275 14324 113
14305 14351 243
14335 14374 55
14339 14382 289
14342 14376 50
14368 14389 12
14373 14383 139
14379 14422 3
14381 14408 239
14396 14414 68
14426 14457 152
14452 14472 177
14477 14487 244
14483 14509 247
14503 14544 29
14525 14557 177
14529 14537 67
14540 14550 17
14562 14571 56
14572 14593 204
14581 14583 77
14585 14611 138
14588 14600 254
14611 14622 87
14623 14624 51
14638 14654 25
14668 14670 284
14694 14735 170
14721 14741 68
14724 14757 168
14746 14786 270
14761 14786 214
14774 14817 287
14796 14797 4
14821 14871 231
14829 14877 30
14836 14885 108
14838 14887 6
14864 14882 282
14883 14895 159
14893 14894 261
14917 14956 124
14946 14993 192
14969 14994 295
14975 15023 133
15004 15008 19
15016 15031 153
15030 15072 3
15054 15102 94
15071 15097 293
15098 15112 197
15117 15124 166
15138 15144 185
15151 15199 141
15163 15174 285
15185 15203 169
15199 15232 16
15215 15226 105
15240 15259 79
15247 15269 200
15267 15291 85
15274 15296 31
15279 15298 134
15309 15344 28
15319 15351 228
15329 15351 131
15339 15358 64
15340 15365 280
15370 15419 177
15392 15409 109
15395 15430 292
15422 15446 92
15442 15469 72
15448 15463 124
15452 15494 151
15468 15492 9
15489 15521 144
15498 15539 276
15509 15543 181
15519 15529 160
15538 15580 68
15565 15571 81
15567 15585 280
15593 15613 277
15611 15612 264
15620 15637 48
15629 15633 191
15643 15676 235
15656 15667 164
15684 15696 5
15710 15755 158
15738 15788 229
15752 15794 89
15777 15800 150
15778 15826 200
15805 15833 142
15808 15845 28
15815 15833 251
15842 15845 248
15853 15898 135
15882 15921 21
15907 15929 79
15915 15928 37
15935 15939 22
15943 15955 32
15969 16005 35
15983 16000 250
15992 16001 250
16021 16030 168
16049 16086 288
16070 16099 163
16087 16116 60
16090 16107 133
16110 16139 238
16110 16118 83
16125 16174 79
16129 16178 258
16138 16171 214
16154 16196 94
16154 16173 112
16174 16191 272
16193 16243 206
16211 16234 122
16238 16288 26
16248 16287 183
16276 16323 117
16304 16347 19
16312 16333 120
16334 16373 120
16336 16337 154
16356 16358 2
16369 16407 10
16369 16396 104
16396 16438 33
16417 16434 272
16417 16454 220
16418 16457 160
16439 16469 139
16451 16483 260
16473 16478 107
16485 16528 244
16501 16547 188
16511 16552 108
16520 16549 47
16539 16575 20
16556 16589 172
16556 16562 64
16578 16605 212
16582 16625 248
16584 16620 148
16594 16595 279
16618 16654 153
16640 16650 235
16651 16681 56
16664 16707 85
16686 16720 229
16716 16723 13
16716 16766 101
16734 16775 226
16739 16770 118
16747 16758 298
16769 16773 39
16796 16816 233
16800 16827 97
16818 16862 203
16836 16871 153
16854 16858 255
16883 16895 288
16892 16909 82
16896 16939 246
16903 16925 16
16923 16948 217
16928 16929 196
16956 16975 273
16972 17008 242
16972 16973 31
16978 17016 157
16995 17006 236
17011 17015 134
17030 17069 117
17042 17051 18
17068 17104 129
17085 17110 19
17098 17137 156
17124 17138 85
17140 17150 147
17154 17202 177
17161 17187 44
17169 17203 129
17199 17230 19
17215 17255 193
17228 17246 240
17235 17277 102
17251 17290 180
17273 17308 22
17288 17332 215
17312 17362 186
17325 17362 218
17353 17392 117
17367 17386 57
17389 17434 174
17409 17442 257
17427 17477 229
17456 17494 86
17471 17491 37
17480 17488 86
17494 17538 10
17496 17515 26
17520 17563 89
17525 17560 256
17537 17542 134
17540 17546 151
17563 17600 279
17584 17605 210
17593 17597 122
17617 17624 48
17617 17633 122
17634 17672 68
17635 17670 38
17644 17653 106
17671 17686 233
17698 17716 86
17710 17748 23
17716 17726 294
17740 17754 271
17752 17802 240
17777 17786 9
17792 17819 79
17819 17839 263
17828 17868 223
17843 17881 277
17857 17901 58
17877 17914 62
17895 17925 180
17896 17920 216
17918 17937 274
17930 17941 216
17955 17990 137
17963 17995 163
17981 18030 64
18007 18048 189
18008 18038 20
18029 18076 183
18041 18042 45
18044 18066 40
18062 18091 87
18082 18091 175
18104 18151 210
18115 18160 88
18137 18146 154
18156 18161 177
18163 18185 272
18186 18196 43
18191 18238 85
18217 18245 132
18242 18264 282
18245 18277 220
18274 18304 70
18288 18329 110
18312 18318 259
18333 18378 167
18341 18351 150
18351 18386 28
18377 18403 210
18379 18388 116
18388 18418 80
18406 18439 81
18433 18435 98
18442 18483 169
18465 18508 148
18491 18511 273
18500 18541 187
18522 18557 289
18539 18542 114
18569 18598 221
18595 18644 181
18596 18601 34
18602 18608 243
18631 18659 233
18656 18695 168
18681 18708 238
18683 18726 199
18707 18745 134
18720 18723 80
18747 18749 54
18766 18801 186
18796 18817 296
18797 18834 102
18816 18847 169
18825 18867 101
18848 18850 189
18864 18894 45
18888 18889 253
18892 18937 83
18911 18929 118
18917 18924 27
18940 18956 137
18959 18992 142
18975 18976 18
19000 19022 240
19000 19007 284
19011 19013 138
19026 19028 106
19056 19094 277
19079 19096 168
19080 19106 97
19096 19133 122
19114 19116 196
19128 19172 159
19152 19201 133
19153 19180 90
19172 19202 31
19202 19231 167
19227 19273 10
19247 19280 193
19250 19258 300
19260 19282 4
19260 19297 134
19289 19339 166
19317 19358 208
19340 19357 93
19343 19384 255
19370 19410 277
19370 19407 26
19400 19439 295
19415 19442 34
19419 19467 100
19433 19450 149
19459 19493 143
19481 19501 140
19494 19534 277
19509 19515 102
19525 19573 89
19540 19569 290
19561 19580 20
19587 19608 46
19610 19632 45
19627 19676 178
19647 19658 32
19669 19709 121
19675 19717 296
19701 19726 1
19721 19754 300
19749 19788 85
19752 19773 13
19753 19776 84
19769 19812 214
19784 19802 222
19787 19805 29
19796 19809 7
19803 19834 296
19829 19838 189
19852 19887 39
19867 19875 234
19867 19910 95
19882 19920 10
19907 19933 230
19918 19935 285
19924 19963 193
19924 19933 177
19945 19961 190
19973 20017 114
19984 19990 92
19994 20015 115
20010 20029 240
20034 20041 166
20063 20107 115
20086 20105 248
20102 20119 12
20109 20132 284
20111 20130 101
20141 20184 253
20165 20204 251
20190 20191 85
20205 20225 285
20219 20248 231
20248 20279 48
20262 20284 165
20282 20301 53
20301 20346 276
20304 20305 226
20321 20365 35
20327 20374 125
20350 20389 109
20356 20382 279
20382 20407 185
20401 20431 56
20419 20427 274
20435 20437 51
20452 20474 5
20463 20480 143
20472 20486 47
20485 20528 90
20492 20523 267
20510 20516 214
20533 20555 76
20560 20568 122
20561 20610 208
20569 20611 174
20592 20638 175
20605 20655 141
20622 20636 54
20648 20676 138
20665 20673 148
20681 20695 46
20710 20733 29
20715 20729 7
20733 20758 246
20753 20794 125
20783 20800 111
20801 20844 125
20808 20858 263
20834 20884 122
20838 20875 11
20850 20886 204
20879 20892 261
20898 20948 297
20918 20940 275
20935 20945 45
20954 20969 122
20978 21014 34
21001 21003 243
21011 21035 76
21028 21061 66
21040 21061 15
21054 21095 261
21055 21105 62
21077 21080 237
21093 21118 151
21095 21109 93
21120 21126 110
21150 21157 3
21164 21206 109
21188 21223 217
21197 21245 18
21209 21252 90
21213 21216 73
21219 21259 173
21231 21265 169
21256 21278 78
21272 21302 32
21288 21295 158
21317 21329 116
21326 21349 260
21354 21371 152
21381 21428 194
21393 21425 154
21398 21440 14
21419 21429 230
21419 21445 105
21435 21468 197
21448 21481 285
21468 21483 14
21471 21495 216
21476 21511 12
21490 21508 69
21503 21524 219
21517 21546 295
21522 21527 231
21537 21545 244
21544 21580 41
21544 21593 177
21571 21586 74
21591 21637 180
21621 21628 46
21628 21657 236
21650 21693 206
21661 21705 24
21687 21701 176
21703 21725 172
21730 21736 189
21760 21787 273
21774 21781 85
21803 21820 173
21827 21835 178
21857 21887 4
21875 21876 24
21876 21901 287
21876 21918 151
21888 21894 96
21892 21896 266
21901 21934 282
21926 21960 296
21933 21958 114
21933 21971 33
21942 21958 291
21964 21987 288
21989 21990 18
21999 22016 300
22029 22056 34
22057 22106 94
22079 22115 189
22081 22097 300
22084 22116 27
22103 22106 42
22132 22139 293
22136 22179 28
22162 22194 5
22169 22209 119
22189 22235 239
22190 22197 212
22215 22245 231
22221 22263 196
22245 22256 53
22272 22315 74
22294 22311 76
22324 22335 10
22350 22393 278
22376 22426 279
22404 22411 278
22404 22453 199
22404 22442 8
22417 22434 100
22429 22470 108
22453 22464 62
22462 22474 168
22477 22493 108
22497 22536 64
22520 22568 175
22548 22580 268
22554 22603 74
22572 22596 6
22590 22629 281
22603 22621 20
22631 22672 158
22643 22647 284
22668 22699 79
22670 22713 121
22692 22742 227
22718 22741 101
22741 22760 64
22768 22807 5
22780 22814 274
22789 22829 207
22793 22814 23
22803 22823 110
22827 22860 16
22841 22873 110
22849 22872 33
22868 22909 37
22891 22894 253
22910 22930 201
22919 22929 144
22943 22977 277
22970 22988 42
22991 23000 3
23007 23018 122
23034 23079 209
23044 23090 222
23054 23101 1
23068 23118 298
23085 23103 227
23112 23114 266
23127 23172 102
23154 23200 268
23173 23223 132
23182 23232 106
23205 23248 195
23209 23259 184
23236 23266 207
23239 23284 114
23268 23293 82
23269 23293 225
23287 23318 201
23296 23305 217
23309 23330 112
23338 23355 274
23347 23361 3
23354 23376 200
23364 23367 226
23386 23400 66
23389 23418 39
23416 23423 198
23437 23457 80
23455 23503 155
23465 23501 176
23475 23496 182
23489 23505 32
23518 23546 15
23529 23549 105
23545 23571 110
23573 23608 54
23598 23633 213
23622 23645 226
23625 23669 203
23625 23633 40
23626 23634 184
23647 23654 278
23654 23684 246
23657 23705 242
23665 23699 98
23669 23709 296
23672 23706 14
23697 23702 122
23714 23734 82
23742 23753 6
23744 23745 248
23759 23807 205
23759 23798 245
23783 23833 26
23806 23833 253
23836 23873 101
23845 23894 253
23872 23897 3
23879 23928 221
23903 23932 187
23923 23953 168
23953 23995 77
23962 24008 163
23967 24004 293
23987 24020 130
24003 24008 263
24011 24022 170
24017 24058 57
24045 24048 146
24054 24084 163
24078 24082 57
24095 24115 69
24102 24139 139
24102 24152 271
24117 24122 68
24136 24166 21
24154 24178 171
24173 24206 289
24176 24202 126
24203 24231 32
24221 24264 61
24247 24260 9
24252 24278 130
24274 24275 82
24301 24333 299
24308 24326 18
24338 24378 20
24366 24404 122
24376 24421 119
24380 24381 2
24398 24445 10
24411 24424 141
24420 24459 62
24443 24490 22
24460 24465 42
24489 24492 98
24500 24504 45
24500 24512 240
24514 24555 46
24540 24544 283
24548 24568 115
24577 24594 217
24591 24597 236
24613 24648 122
24638 24673 298
24644 24672 117
24654 24688 200
24654 24672 269
24666 24671 279
24682 24720 241
24709 24745 201
24714 24734 155
24744 24769 276
24758 24775 6
24769 24803 35
24797 24823 35
24806 24843 206
24834 24847 271
24863 24887 287
24884 24916 121
24901 24932 100
24905 24942 99
24911 24946 176
24925 24974 167
24953 24969 212
24982 25032 73
24988 25012 70
24997 25034 79
25016 25037 251
25041 25074 251
25068 25079 289
25068 25074 220
25084 25123 202
25101 25140 300
25117 25167 258
25130 25134 195
25149 25189 286
25157 25173 168
25163 25191 235
25164 25178 107
25183 25226 15
25185 25217 118
25185 25195 28
25200 25224 149
25228 25262 101
25246 25292 15
25268 25281 286
25294 25310 256
25306 25336 300
25325 25344 188
25339 25358 281
25359 25370 282
25364 25398 293
25380 25428 257
25408 25419 207
25431 25433 123
25448 25471 32
25466 25491 172
25480 25494 255
25481 25500 10
25507 25535 199
25513 25530 21
25538 25555 11
25550 25553 1
25557 25572 40
25581 25629 194
25607 25653 9
25608 25636 119
25621 25638 193
25639 25671 107
25643 25686 264
25667 25694 48
25680 25693 201
25687 25710 65
25712 25758 190
25739 25779 129
25752 25764 38
25763 25792 105
25793 25806 114
25810 25851 115
25832 25861 274
25856 25858 238
25868 25891 113
25872 25901 191
25887 25931 128
25902 25945 114
25931 25965 217
25939 25978 294
25967 26017 154
25993 26006 277
25999 26032 214
26021 26042 123
26032 26072 239
26046 26057 109
26065 26107 32
26086 26106 36
26093 26099 50
26097 26126 247
26109 26118 273
26131 26169 111
26151 26196 275
26175 26197 223
26180 26195 46
26210 26252 159
26232 26249 32
26241 26288 98
26254 26255 1
26275 26281 185
26283 26295 1
26293 26295 152
26311 26339 110
26320 26349 46
26328 26350 78
26341 26347 148
26347 26388 258
26357 26390 42
26376 26395 48
26402 26441 211
26427 26467 55
26452 26473 79
26474 26519 174
26493 26498 232
26519 26560 243
26537 26542 211
26550 26556 175
26573 26602 134
26582 26598 40
26587 26625 207
26598 26609 142
26598 26645 281
26601 26621 263
26625 26658 39
26643 26673 244
26665 26677 80
26691 26729 25
26712 26713 294
26719 26749 38
26730 26731 263
26737 26780 223
26758 26762 82
26764 26801 203
26787 26794 227
26799 26821 234
26799 26839 100
26809 26836 74
26828 26830 289
26851 26880 181
26863 26872 279
26866 26907 142
26892 26894 60
26892 26929 155
26909 26935 106
26909 26921 245
26910 26933 73
26929 26968 194
26958 26968 143
26972 26995 51
26992 27037 129
27019 27021 300
27020 27052 289
27049 27090 3
27079 27115 81
27101 27115 149
27131 27163 93
27150 27164 136
27179 27190 267
27183 27188 222
27211 27259 33
27239 27282 212
27239 27288 155
27265 27313 71
27282 27328 28
27306 27325 37
27321 27340 208
27341 27379 125
27359 27384 146
27372 27402 45
27400 27437 19
27427 27438 111
27431 27434 228
27450 27484 150
27477 27491 134
27500 27512 89
27523 27554 122
27551 27594 44
27567 27572 23
27591 27616 124
27596 27625 94
27604 27633 216
27623 27638 55
27643 27660 120
27665 27673 36
27691 27740 230
27696 27735 260
27711 27736 66
27713 27733 45
27726 27772 50
27742 27748 269
27767 27778 150
27767 27800 208
27794 27804 46
27816 27820 8
27845 27860 122
27858 27895 182
27862 27908 24
27867 27898 110
27897 27905 225
27926 27962 106
27927 27947 220
27949 27990 199
27962 28009 233
27974 27987 265
28002 28039 181
28027 28050 75
28054 28073 104
28058 28092 15
28066 28068 179
28080 28092 53
28082 28121 295
28086 28109 7
28096 28100 195
28123 28129 8
28151 28159 9
28181 28201 97
28196 28201 74
28216 28233 161
28231 28260 293
28239 28244 68
28245 28264 232
28275 28280 28
28279 28314 29
28305 28324 205
28331 28342 196
28337 28368 21
28354 28396 271
28375 28417 214
28396 28404 296
28405 28415 219
28424 28450 250
28428 28447 81
28438 28441 12
28442 28459 160
28458 28498 105
28460 28480 187
28463 28477 69
28470 28520 87
28491 28515 234
28519 28530 45
28543 28559 161
28565 28577 171
28591 28596 208
28592 28605 122
28608 28610 129
28621 28635 290
28649 28694 81
28655 28687 51
28673 28675 8
28688 28692 115
28706 28726 37
28708 28750 26
28738 28752 107
28742 28763 38
28742 28775 77
28764 28785 107
28771 28774 84
28788 28818 69
28814 28816 294
28823 28854 175
28851 28896 160
28881 28892 270
28905 28950 30
28915 28946 170
28939 28960 165
28940 28977 76
28953 28968 44
28967 28993 3
28978 28994 231
28995 29010 254
28995 29038 92
29008 29033 22
29033 29052 296
29051 29077 37
29078 29116 107
29091 29109 200
29119 29168 238
29126 29162 247
29135 29158 93
29162 29179 184
29182 29216 190
29204 29220 76
29206 29214 284
29223 29253 299
29231 29267 250
29250 29268 258
29259 29287 181
29285 29323 49
29287 29294 147
29287 29305 179
29290 29320 105
29299 29303 45
29305 29310 5
29314 29322 272
29344 29379 19
29373 29399 172
29393 29405 8
29406 29434 134
29431 29455 10
29459 29498 190
29476 29501 6
29490 29538 11
29500 29544 273
29513 29531 69
29515 29557 180
29539 29544 289
29548 29574 219
29568 29597 97
29570 29586 68
29598 29637 152
29605 29627 157
29627 29648 16
29646 29664 287
29655 29672 164
29670 29682 22
29674 29712 44
29678 29726 296
29706 29727 243
29710 29731 65
29740 29756 70
29764 29768 6
29784 29822 58
29784 29824 266
29793 29834 103
29822 29854 266
29830 29857 90
29844 29887 273
29864 29903 258
29866 29879 235
29893 29918 130
29899 29913 148
29901 29925 15
29907 29940 105
29919 29948 232
29924 29938 286
29942 29948 170
29963 29967 109
29973 30000 198
29993 30008 221
30015 30040 279
30017 30043 69
30034 30037 26
30054 30057 180
30076 30091 77
30102 30112 192
30117 30157 96
30124 30128 261
30131 30175 6
30157 30190 162
30158 30177 170
30179 30218 67
30190 30197 220
30212 30223 296
30228 30231 127
30247 30256 230
30273 30283 107
30303 30331 27
30311 30348 116
30330 30357 266
30336 30337 142
30359 30365 5
30371 30403 85
30394 30423 222
30418 30429 149
30418 30446 143
30425 30436 211
30455 30464 100
30455 30480 294
30479 30489 295
30502 30507 238
30527 30558 47
30548 30567 86
30574 30606 253
30595 30605 179
30609 30659 60
30610 30624 41
30627 30651 42
30643 30692 145
30659 30680 243
30668 30692 273
30690 30728 280
30708 30726 224
30715 30765 200
30745 30764 75
30764 30807 152
30784 30794 125
30809 30848 105
30816 30838 236
30816 30846 78
30838 30862 15
30867 30909 17
30876 30880 252
30892 30902 125
30896 30907 68
30920 30936 241
30926 30960 17
30931 30969 133
30954 30979 173
30959 31003 4
30980 31024 93
31001 31014 190
31019 31064 240
31031 31053 253
31044 31052 93
31063 31112 269
31075 31079 254
31104 31111 22
31122 31130 56
31132 31135 123
31138 31149 245
31166 31204 154
31195 31199 241
31199 31244 85
31212 31224 10
31233 31270 101
31241 31246 189
31263 31303 249
31267 31310 75
31286 31318 124
31295 31320 267
31298 31303 9
31326 31347 259
31349 31352 286
31350 31359 191
31374 31406 256
31390 31411 147
31392 31427 269
31400 31446 253
31418 31433 121
31442 31448 77
31466 31494 171
31470 31506 161
31480 31514 91
31487 31534 175
31499 31531 172
31518 31559 249
31523 31541 165
31545 31578 243
31561 31567 6
31573 31609 82
31588 31607 96
31614 31660 81
31626 31628 166
31646 31685 11
31674 31687 169
31699 31731 192
31722 31732 56
31737 31783 298
31758 31764 256
31783 31815 182
31802 31844 37
31828 31875 37
31852 31885 299
31859 31879 183
31889 31911 282
31906 31936 29
31922 31967 234
31939 31942 287
31965 31971 267
31984 31985 183
32002 32043 144
32023 32055 46
32041 32064 62
32061 32097 83
32066 32097 38
32071 32106 290
32095 32106 161
32103 32114 169
32107 32117 267
32109 32135 273
32113 32159 124
32113 32129 84
32123 32136 247
32127 32174 128
32129 32131 291
32135 32154 186
32156 32160 9
32172 32208 67
32202 32245 138
32217 32241 193
32240 32269 255
32259 32306 70
32271 32317 240
32282 32331 170
32303 32326 259
32309 32338 42
32316 32360 286
32320 32353 223
32348 32388 123
32360 32391 276
32390 32395 55
32409 32438 160
32412 32423 14
32434 32471 154
32436 32440 147
32454 32487 67
32470 32486 210
32498 32513 138
32514 32535 195
32519 32533 108
32520 32566 83
32532 32566 81
32541 32587 101
32549 32570 32
32553 32566 142
32577 32584 132
32605 32611 273
32629 32657 139
32629 32652 235
32657 32695 222
32671 32702 280
32677 32684 68
32681 32726 139
32704 32744 8
32718 32726 71
32731 32766 52
32747 32769 8
32777 32792 277
32787 32816 44
32795 32833 48
32825 32850 268
32848 32876 241
32861 32893 144
32861 32884 287
32866 32878 274
32892 32938 6
32912 32951 276
32928 32963 200
32937 32975 195
32957 32965 73
32974 33015 252
32991 33003 68
33020 33022 122
33034 33057 65
33036 33050 226
33045 33085 165
33048 33061 78
33052 33082 178
33060 33099 159
33069 33095 100
33081 33087 1
33092 33117 149
33095 33141 97
33095 33121 238
33106 33146 236
33127 33131 198
33141 33179 232
33159 33166 264
33188 33189 77
33204 33207 89
33230 33250 161
33230 33279 157
33230 33280 168
33234 33272 4
33240 33277 92
33262 33294 10
33278 33301 237
33286 33334 213
33309 33331 265
33313 33314 174
33317 33352 148
33346 33372 116
33355 33365 133
33357 33390 190
33369 33413 66
33389 33390 55
33401 33422 41
33418 33460 101
33447 33468 180
33463 33475 270
33479 33490 70
33481 33516 98
33510 33527 17
33510 33524 139
33516 33520 17
33522 33548 53
33538 33574 185
33562 33598 224
33569 33601 48
33583 33604 209
33602 33615 123
33626 33631 222
33637 33679 163
33642 33685 284
33670 33698 35
33670 33693 84
33689 33719 168
33690 33726 71
33701 33750 55
33709 33738 111
33712 33718 266
33729 33740 173
33741 33770 26
33764 33814 3
33788 33797 133
33793 33840 127
33796 33798 253
33801 33850 109
33811 33837 135
33830 33878 145
33852 33898 226
33852 33885 113
33860 33900 245
33861 33884 69
33885 33909 248
33907 33938 197
33928 33961 36
33938 33955 238
33946 33958 153
33969 33986 125
33973 34022 111
33981 34031 204
33987 34033 220
33999 34015 80
34024 34035 216
34034 34062 116
34041 34058 145
34047 34050 80
34059 34098 101
34071 34101 88
34090 34114 59
34111 34141 114
34129 34136 66
34151 34179 110
34174 34190 143
34200 34241 243
34211 34236 29
34215 34216 239
34232 34250 66
34240 34244 131
34252 34275 179
34280 34330 118
34285 34329 164
34313 34326 286
34316 34318 171
34332 34366 8
34355 34369 266
34374 34386 120
34388 34404 3
34404 34407 127
34432 34459 253
34450 34461 20
34467 34501 57
34483 34522 216
34490 34529 251
34519 34556 289
34542 34586 45
34569 34588 251
34579 34580 287
34609 34651 173
34626 34658 78
34637 34685 126
34638 34642 197
34656 34679 228
34662 34701 264
34684 34720 186
34703 34745 32
34725 34755 64
34738 34786 13
34749 34753 135
34758 34783 27
34768 34792 197
34780 34800 166
34809 34848 121
34816 34828 257
34819 34864 21
34839 34856 173
34847 34871 226
34848 34865 222
34860 34876 65
34885 34927 44
34890 34904 163
34909 34940 142
34931 34944 155
34958 34985 42
34975 34978 238
34982 34993 46
35011 35022 287
35013 35053 9
35023 35071 200
35053 35092 181
35079 35087 117
35084 35090 92
35093 35125 133
35119 35141 184
35132 35155 117
35137 35162 28
35155 35172 219
35178 35198 6
35187 35234 55
35213 35246 102
35215 35250 270
35218 35232 245
35241 35242 115
35259 35264 242
35287 35322 243
35292 35312 8
35309 35341 271
35326 35348 155
35332 35382 279
35355 35394 117
35355 35402 198
35358 35396 121
35382 35411 285
35397 35438 46
35404 35428 234
35406 35435 255
35424 35439 214
35434 35482 22
35447 35464 107
35470 35482 17
35487 35515 243
35513 35517 35
35541 35591 132
35548 35591 16
35577 35603 198
35607 35657 16
35630 35670 136
35647 35687 20
35665 35693 121
35693 35712 286
35718 35729 33
35740 35750 82
35745 35755 269
35750 35781 152
35766 35774 46
35791 35797 118
35804 35810 118
35808 35857 160
35812 35816 16
35829 35873 121
35830 35874 216
35852 35901 296
35861 35874 86
35865 35892 118
35870 35877 266
35898 35928 281
35910 35934 72
35921 35971 211
35936 35955 215
35945 35976 69
35951 35974 192
35973 35988 11
36003 36046 290
36004 36010 141
36017 36060 268
36022 36038 31
36023 36059 184
36044 36060 223
36070 36090 214
36086 36099 171
36088 36107 60
36108 36137 168
36126 36132 206
36153 36189 3
36161 36187 137
36177 36181 235
36199 36201 33
36217 36257 202
36242 36265 240
36266 36279 276
36292 36296 5
36321 36333 242
36347 36381 268
36369 36380 105
36397 36402 186
36399 36433 216
36424 36454 206
36445 36493 150
36457 36505 44
36463 36506 9
36491 36537 291
36492 36526 174
36501 36506 67
36529 36562 224
36555 36568 181
36572 36580 42
36587 36633 264
36607 36617 173
36623 36662 235
36636 36639 226
36659 36703 258
36673 36693 217
36684 36688 243
36712 36730 247
36731 36735 260
36747 36767 236
36775 36817 212
36781 36794 74
36781 36783 191
36802 36820 262
36802 36836 105
36812 36851 286
36817 36847 175
36825 36866 285
36843 36846 246
36872 36878 203
36901 36902 224
36926 36965 53
36938 36951 187
36964 37011 79
36974 36990 201
37003 37007 281
37004 37010 275
37032 37062 253
37040 37048 40
37050 37051 131
37063 37069 4
37064 37096 201
37085 37125 181
37100 37125 17
37114 37154 223
37140 37189 254
37153 37197 73
37181 37192 100
37199 37244 20
37216 37264 47
37228 37256 251
37229 37272 274
37249 37280 230
37263 37306 18
37287 37328 226
37301 37346 184
37310 37337 236
37338 37365 108
37352 37381 95
37360 37382 138
37369 37371 206
37398 37401 18
37401 37409 133
37403 37440 11
37405 37440 15
37431 37472 125
37436 37473 130
37443 37493 224
37444 37462 16
37467 37501 143
37495 37516 279
37499 37503 157
37524 37532 83
37545 37595 202
37552 37574 112
37561 37575 41
37576 37600 61
37595 37619 140
37600 37633 135
37609 37643 261
37613 37649 253
37630 37652 16
37641 37643 256
37660 37704 300
37661 37680 13
37675 37721 97
37703 37718 279
37711 37755 21
37732 37774 113
37743 37744 131
37743 37765 227
37753 37795 120
37761 37809 297
37787 37826 84
37811 37835 96
37835 37859 133
37865 37897 89
37886 37902 278
37895 37917 54
37917 37944 212
37947 37973 70
37950 37961 188
37975 38000 32
37983 37992 186
38007 38022 227
38019 38042 196
38046 38076 289
38074 38105 88
38094 38131 67
38116 38124 125
38122 38134 122
38139 38174 245
38155 38157 171
38179 38203 96
38205 38232 6
38207 38208 158
38214 38253 233
38236 38258 116
38243 38263 275
38270 38294 197
38277 38320 227
38280 38328 131
38284 38312 28
38289 38327 7
38311 38336 210
38318 38343 37
38323 38343 139
38336 38384 153
38342 38381 3
38364 38401 149
38389 38421 92
38406 38410 126
38436 38468 129
38443 38461 269
38465 38511 75
38483 38501 40
38491 38520 257
38491 38492 169
38509 38516 287
38537 38570 142
38543 38572 15
38557 38589 194
38561 38603 181
38575 38595 155
38587 38628 198
38607 38624 88
38630 38646 213
38642 38685 181
38652 38682 259
38680 38706 13
38696 38698 120
38716 38720 36
38739 38746 41
38748 38782 111
38753 38802 257
38771 38778 227
38790 38829 35
38790 38823 293
38813 38833 113
38815 38838 196
38844 38881 104
38868 38902 107
38885 38907 139
38915 38916 69
38921 38955 299
38932 38961 289
38953 38974 4
38959 38983 39
38972 39012 275
38981 39007 60
39005 39011 253
39035 39048 94
39045 39089 289
39060 39061 289
39066 39107 43
39085 39086 269
39090 39132 279
39107 39118 237
39116 39135 137
39126 39135 195
39127 39152 299
39127 39129 282
39147 39154 17
39158 39182 159
39184 39231 290
39188 39210 283
39218 39239 78
39223 39258 261
39245 39264 63
39258 39302 3
39286 39312 160
39316 39333 116
39327 39355 147
39354 39361 80
39364 39414 117
39376 39400 33
39402 39450 27
39411 39448 294
39428 39443 15
39452 39500 103
39468 39492 177
39468 39483 189
39476 39506 167
39492 39529 91
39514 39534 279
39516 39565 226
39520 39558 293
39522 39527 230
39542 39553 258
39564 39601 278
39579 39585 223
39582 39596 94
39588 39608 106
39615 39627 34
39624 39649 167
39630 39634 189
39639 39645 228
39640 39657 262
39656 39704 81
39656 39672 186
39660 39681 190
39690 39693 131
39696 39709 162
39706 39714 38
39720 39747 84
39723 39727 230
39739 39744 208
39742 39746 197
39744 39762 267
39758 39770 20
39783 39788 104
39785 39791 216
39790 39818 297
39808 39847 106
39835 39874 280
39856 39865 85
39886 39899 169
39910 39922 162
39912 39947 179
39930 39978 35
39953 39962 148
39961 39966 165
39976 39978 82
39989 40011 53
39999 40013 100
40021 40031 40
40022 40026 104
40045 40066 125
40062 40107 148
40062 40067 261
40074 40112 148
40099 40120 112
40123 40151 12
40129 40146 71
40138 40179 157
40157 40189 296
40175 40212 105
40184 40199 136
40196 40220 68
40213 40243 29
40224 40249 236
40226 40247 111
40234 40246 83
40257 40273 218
40271 40316 197
40292 40307 114
40305 40355 20
40325 40365 33
40352 40398 21
40366 40368 127
40378 40381 2
40378 40391 46
40378 40420 36
40404 40440 66
40431 40460 107
40455 40488 198
40467 40509 75
40491 40507 9
40491 40499 85
40495 40514 196
40518 40544 155
40544 40594 71
40562 40563 284
40574 40578 92
40588 40615 220
40603 40640 114
40628 40678 146
40638 40667 32
40667 40685 115
40676 40697 270
40698 40734 133
40726 40746 232
40738 40752 16
40751 40768 115
40764 40798 181
40786 40791 223
40810 40829 80
40811 40827 236
40839 40866 209
40842 40890 157
40866 40900 74
40886 40934 157
40913 40920 107
40938 40965 238
40964 41013 25
40990 40996 141
40993 41022 153
41007 41046 12
41017 41057 283
41047 41058 24
41055 41096 109
41078 41114 232
41091 41133 115
41103 41121 179
41112 41122 77
41113 41115 95
41138 41156 94
41155 41159 52
41166 41203 2
41184 41232 92
41206 41207 22
41208 41223 197
41212 41225 218
41216 41231 203
41245 41294 2
41271 41281 23
41283 41328 230
41298 41317 225
41324 41366 214
41347 41384 274
41351 41391 27
41374 41392 253
41381 41396 118
41411 41452 177
41423 41469 263
41425 41453 76
41439 41466 104
41446 41490 176
41460 41464 2
41470 41494 62
41471 41476 205
41492 41516 245
41502 41543 260
41528 41551 89
41539 41578 13
41547 41589 164
41575 41622 33
41598 41600 35
41626 41669 229
41641 41643 214
41664 41683 118
41682 41686 234
41701 41748 88
41708 41710 151
41731 41746 170
41744 41757 63
41750 41751 195
41762 41784 262
41767 41798 68
41788 41790 98
41798 41835 75
41821 41834 107
41829 41831 20
41847 41875 136
41857 41893 164
41883 41922 223
41889 41912 285
41905 41939 31
41907 41925 122
41908 41948 261
41936 41975 176
41941 41951 290
41943 41982 251
41944 41951 187
41973 41992 294
42001 42018 5
42015 42040 17
42037 42086 251
42061 42062 133
42080 42116 126
42089 42108 144
42095 42104 29
42115 42135 111
42122 42149 290
42132 42135 247
42139 42168 276
42159 42188 10
42170 42219 29
42189 42197 55
42210 42231 21
42226 42242 142
42244 42259 31
42269 42275 213
42272 42311 250
42277 42302 286
42302 42341 36
42312 42346 63
42314 42330 34
42322 42331 135
42337 42348 240
42346 42393 61
42369 42411 18
42383 42404 82
42410 42412 243
42425 42446 266
42452 42498 87
42465 42484 26
42470 42516 183
42475 42481 13
42504 42527 69
42518 42560 119
42527 42535 214
42538 42570 272
42540 42565 262
42545 42574 299
42558 42589 217
42572 42583 31
42575 42600 160
42579 42591 265
42607 42630 297
42637 42643 242
42648 42651 107
42648 42666 228
42678 42720 146
42683 42727 96
42683 42699 72
42711 42753 170
42720 42723 239
42723 42753 131
42727 42766 203
42734 42771 8
42749 42781 187
42777 42820 223
42805 42810 51
42834 42859 298
42849 42851 241
42858 42878 188
42883 42906 13
42908 42944 285
42928 42939 70
42948 42988 163
42951 42954 191
42970 43010 229
42996 43021 130
43024 43046 186
43054 43071 273
43060 43100 255
43089 43106 201
43100 43111 39
43122 43136 216
43145 43178 177
43156 43187 159
43169 43195 186
43179 43226 141
43188 43204 298
43189 43200 39
43194 43206 218
43198 43206 22
43219 43261 212
43238 43286 73
43260 43266 3
43265 43273 187
43272 43313 22
43276 43290 148
43289 43319 245
43301 43347 239
43301 43332 41
43331 43375 92
43338 43359 242
43356 43406 110
43364 43407 177
43370 43408 109
43376 43382 280
43383 43387 150
43394 43404 56
43419 43465 259
43427 43447 83
43440 43455 49
43448 43451 240
43472 43503 277
43477 43482 168
43499 43542 143
43519 43520 141
43520 43540 177
43548 43582 152
43577 43617 234
43600 43636 47
43613 43647 295
43620 43643 4
43636 43657 42
43645 43647 223
43657 43669 273
43663 43694 185
43693 43730 174
43712 43748 220
43725 43752 299
43753 43776 115
43761 43780 185
43769 43775 199
43769 43817 162
43772 43818 265
43773 43792 234
43789 43823 22
43797 43832 7
43817 43857 90
43826 43854 300
43830 43854 50
43854 43903 12
43866 43868 231
43869 43873 179
43873 43889 212
43902 43907 186
43915 43930 196
43917 43923 263
43932 43956 283
43955 43957 165
43973 43976 126
43980 44025 152
43990 44010 300
44014 44061 40
44042 44087 99
44056 44068 230
44056 44096 110
44059 44097 169
44076 44110 46
44087 44116 133
44101 44147 74
44114 44129 215
44118 44158 167
44145 44187 44
44165 44173 200
44169 44193 103
44178 44200 38
44195 44215 234
44218 44239 57
44234 44250 44
44248 44274 100
44271 44300 129
44275 44312 197
44292 44317 240
44315 44356 8
44343 44368 258
44350 44363 40
44376 44412 196
44394 44438 86
44407 44409 206
44433 44469 145
44434 44478 25
44461 44486 234
44462 44512 99
44474 44512 144
44502 44547 13
44510 44551 164
44515 44535 12
44530 44577 109
44547 44595 245
44548 44588 155
44555 44585 142
44568 44576 116
44578 44581 142
44581 44583 247
44591 44594 35
44593 44638 156
44596 44614 32
44608 44627 237
44626 44650 266
44633 44671 217
44637 44662 259
44647 44686 247
44674 44716 251
44700 44737 88
44704 44751 61
44714 44757 158
44743 44750 234
44755 44778 264
44785 44807 275
44807 44821 247
44818 44822 162
44834 44841 142
44845 44875 250
44845 44860 83
44871 44906 48
44875 44922 148
44885 44892 153
44909 44936 111
44923 44972 230
44926 44927 255
44938 44988 118
44965 45002 70
44975 45014 238
44998 45046 277
45011 45021 73
45033 45034 211
45039 45077 201
45062 45088 219
45085 45104 194
45110 45127 211
45123 45124 213
45130 45139 230
45156 45179 187
45177 45198 50
45190 45240 137
45202 45212 28
45229 45277 124
45237 45272 152
45258 45308 248
45287 45316 87
45293 45328 223
45320 45360 152
45348 45376 286
45375 45422 180
45389 45428 25
45394 45405 191
45403 45424 69
45430 45464 197
45440 45481 14
45457 45471 13
45471 45481 276
45493 45525 57
45503 45509 73
45532 45535 187
45539 45567 255
45566 45572 206
45568 45581 54
45582 45595 230
45605 45633 244
45614 45653 3
45624 45665 230
45634 45647 184
45652 45682 41
45661 45693 2
45679 45722 116
45700 45747 130
45712 45749 181
45719 45721 113
45741 45782 146
45742 45755 261
45766 45777 153
45776 45801 80
45795 45843 216
45819 45850 66
45840 45865 76
45840 45860 191
45856 45884 123
45863 45909 39
45875 45911 151
45886 45929 84
45907 45921 141
45916 45954 173
45940 45969 25
45950 45969 149
45958 45966 43
45960 46010 225
45984 46009 286
45994 46044 93
46020 46033 225
46037 46040 219
46064 46083 43
46087 46129 191
46109 46116 136
46127 46167 85
46130 46133 36
46149 46163 206
46162 46188 147
46172 46190 89
46183 46221 26
46190 46220 187
46191 46213 264
46214 46244 220
46223 46238 48
46236 46260 13
46241 46243 214
46271 46308 159
46290 46303 265
46299 46333 271
46311 46329 114
46341 46347 142
46363 46397 17
46382 46424 130
46393 46418 216
46409 46410 231
46426 46472 224
46447 46469 89
46464 46510 152
46479 46481 288
46508 46522 96
46531 46557 62
46541 46590 241
46559 46595 80
46586 46598 247
46595 46627 40
46625 46654 107
46625 46644 162
46642 46684 113
46654 46664 147
46681 46729 57
46685 46700 153
46691 46692 298
46705 46722 9
46718 46758 286
46724 46762 35
46734 46769 11
46758 46784 295
46774 46787 132
46774 46790 68
46796 46837 130
46819 46846 141
46848 46867 178
46857 46882 257
46884 46930 87
46914 46954 14
46936 46979 72
46950 46978 238
46965 46970 213
46965 47007 87
46990 47016 183
46997 47046 147
47018 47039 251
47025 47026 159
47029 47033 115
47040 47054 268
47069 47113 167
47093 47133 27
47095 47142 171
47121 47125 132
47135 47160 54
47140 47173 44
47140 47162 84
47145 47181 154
47149 47185 117
47152 47189 168
47166 47177 95
47172 47186 218
47187 47188 12
47202 47229 10
47209 47229 292
47209 47219 116
47225 47268 58
47227 47245 19
47235 47253 175
47237 47262 33
47266 47298 65
47292 47316 296
47317 47318 136
47328 47368 279
47346 47368 283
47356 47369 216
47369 47388 162
47391 47440 42
47398 47407 90
47407 47412 253
47418 47441 173
47431 47467 61
47437 47471 166
47466 47499 278
47466 47490 274
47489 47526 254
47513 47523 236
47521 47526 169
47523 47543 273
47540 47574 19
47563 47570 267
47593 47597 93
47614 47620 176
47627 47676 24
47651 47678 279
47659 47679 194
47668 47703 120
47685 47733 39
47700 47733 177
47727 47771 54
47739 47753 149
47749 47751 29
47761 47777 108
47762 47779 245
47769 47786 162
47769 47776 285
47786 47826 182
47813 47851 266
47821 47853 199
47834 47841 291
47844 47847 256
47870 47912 110
47899 47906 63
47927 47937 222
47946 47966 202
47948 47966 176
47971 47972 252
47988 47989 66
48012 48037 62
48038 48066 143
48065 48067 225
48092 48100 282
48111 48138 205
48118 48132 231
48148 48186 157
48161 48189 114
48163 48180 83
48168 48216 239
48179 48197 3
48204 48226 285
48215 48244 119
48217 48259 270
48232 48237 214
48232 48247 143
48254 48276 250
48262 48266 254
48281 48305 211
48291 48331 55
48320 48348 280
48336 48359 208
48360 48398 105
48390 48427 114
48412 48457 225
48420 48470 34
48437 48481 180
48451 48461 242
48459 48476 165
48474 48497 208
48503 48526 56
48514 48552 221
48542 48581 87
48546 48550 10
48555 48582 96
48584 48592 79
48588 48634 40
48612 48616 290
48627 48651 226
48646 48659 183
48675 48692 296
48703 48707 124
48721 48751 151
48750 48800 54
48775 48812 12
48791 48818 231
48815 48826 90
48843 48862 5
48847 48891 101
48848 48859 32
48865 48875 24
48890 48921 136
48914 48939 26
48929 48932 148
48941 48946 133
48951 48957 213
48956 49005 129
48974 48999 228
48976 49026 32
48979 49009 68
48994 49024 28
49004 49036 284
49025 49037 300
49029 49075 5
49033 49064 281
49049 49075 280
49077 49105 102
49085 49111 98
49103 49151 140
49130 49171 238
49144 49189 44
49150 49151 228
49178 49194 115
49179 49218 284
49183 49190 262
49209 49228 181
49236 49259 44
49252 49273 44
49269 49302 291
49283 49304 104
49308 49311 215
49316 49337 281
49340 49349 159
49345 49350 2
49365 49381 13
49375 49414 248
49403 49430 163
49426 49453 176
49435 49450 272
49457 49461 190
49469 49518 50
49489 49509 207
49511 49541 288
49520 49530 183
49528 49539 78
49544 49567 67
49549 49583 162
49569 49613 205
49569 49612 134
49579 49606 214
49592 49632 279
49619 49630 117
49628 49634 193
49635 49657 127
49650 49672 119
49665 49675 256
49670 49694 190
49695 49707 158
49699 49705 85
49725 49760 173
49741 49754 164
49767 49776 180
49787 49815 27
49796 49812 75
49814 49847 183
49823 49849 103
49853 49872 93
49862 49882 297
49864 49913 241
49877 49883 243
49897 49898 223
49924 49927 171
49929 49942 83
49956 49962 128
49971 50016 128
49988 50002 292
50004 50037 229
50029 50068 179
50030 50064 262
50031 50039 15
50046 50074 22
50068 50078 50
50094 50137 296
50112 50143 103
50122 50132 61
50133 50156 175
50161 50207 124
50186 50229 188
50203 50225 265
50229 50243 30
50257 50304 4
50263 50280 63
50263 50285 165
50274 50318 5
50302 50339 68
50311 50329 277
50333 50378 125
50339 50367 175
50354 50399 124
50367 50402 70
50375 50424 298
50405 50454 128
50416 50461 30
50430 50478 233
50447 50480 43
50461 50499 285
50462 50475 240
50463 50469 233
50465 50507 181
50493 50520 241
50512 50555 241
50514 50564 189
50540 50572 203
50567 50605 23
50578 50601 51
50596 50629 55
50612 50628 174
50625 50667 285
50653 50664 220
50667 50705 291
50691 50695 104
50695 50703 298
50712 50761 6
50741 50767 135
50751 50779 271
50777 50794 46
50789 50812 10
50811 50824 163
50812 50818 63
50825 50851 130
50830 50854 117
50830 50872 113
50836 50867 103
50853 50873 200
50878 50907 187
50896 50923 138
50897 50902 288
50919 50954 293
50936 50972 246
50937 50964 72
50965 50985 188
50981 50991 127
50988 51025 260
51015 51043 246
51031 51068 61
51052 51063 155
51070 51116 212
51077 51121 34
51078 51099 146
51093 51130 162
51113 51131 256
51131 51171 206
51133 51168 160
51145 51168 255
51162 51189 226
51192 51218 146
51217 51228 103
51222 51232 121
51250 51282 140
51274 51324 178
51286 51303 291
51307 51354 64
51309 51335 78
51324 51326 101
51348 51377 41
51357 51371 175
51357 51364 180
51364 51378 239
51392 51438 112
51398 51438 200
51401 51424 176
51412 51419 248
51412 51449 123
51441 51478 249
51456 51484 216
51470 51489 37
51497 51529 73
51506 51545 278
51512 51539 118
51530 51579 265
51543 51565 93
51550 51600 114
51566 51584 230
51575 51619 166
51589 51592 216
51615 51663 1
51636 51686 266
51653 51661 245
51665 51673 14
51690 51734 77
51707 51740 142
51732 51748 236
51751 51784 133
51757 51772 231
51776 51808 41
51793 51808 206
51803 51822 129
51821 51855 33
51834 51851 206
51858 51873 146
51888 51899 116
51907 51949 162
51916 51934 31
51942 51949 42
51945 51952 232
51950 51967 99
51953 51955 215
51983 52029 250
52002 52006 121
52012 52025 10
52016 52045 261
52018 52041 278
52033 52073 261
52034 52052 262
52040 52054 81
52041 52076 61
52048 52056 178
52059 52065 182
52066 52080 249
52089 52136 78
52097 52116 139
52106 52112 258
52114 52140 274
52143 52165 91
52152 52179 109
52154 52172 82
52163 52173 253
52188 52226 107
52207 52243 295
52216 52232 33
52232 52263 78
52254 52266 47
52261 52284 142
52268 52305 109
52285 52334 35
52290 52314 39
52297 52323 193
52321 52354 185
52328 52353 40
52333 52363 38
52345 52357 214
52365 52367 18
52373 52401 265
52382 52411 101
52406 52419 219
52434 52481 151
52436 52451 279
52436 52476 288
52439 52465 231
52450 52490 202
52466 52467 192
52477 52486 115
52482 52529 201
52494 52502 269
52511 52526 299
52523 52562 9
52527 52552 49
52539 52578 13
52541 52551 92
52559 52584 297
52583 52611 87
52598 52607 192
52626 52627 292
52634 52635 273
52650 52692 205
52667 52708 182
52690 52737 82
52702 52731 252
52709 52715 266
52725 52732 223
52750 52757 29
52774 52804 6
52794 52797 5
52815 52827 292
52821 52868 115
52832 52876 170
52838 52861 93
52852 52896 63
52866 52877 208
52886 52927 147
52905 52951 75
52913 52918 56
52926 52939 192
52931 52949 223
52958 52959 44
52967 52978 47
52968 52995 254
52972 52981 272
52994 53025 288
53021 53061 53
53023 53069 174
53048 53067 108
53065 53110 93
53090 53122 289
53100 53132 210
53120 53129 40
53120 53168 168
53132 53178 54
53154 53178 299
53168 53187 244
53183 53187 279
53197 53201 237
53206 53248 141
53220 53244 85
53244 53284 128
53263 53309 209
53288 53322 122
53297 53345 81
53315 53333 130
53320 53327 287
53327 53376 219
53350 53368 58
53374 53413 140
53384 53412 255
53399 53438 22
53407 53440 207
53418 53433 48
53428 53466 295
53440 53442 255
53467 53480 171
53485 53509 113
53497 53503 62
53512 53521 25
53526 53539 103
53542 53586 87
53547 53553 94
53555 53579 27
53578 53582 290
53591 53599 21
53608 53634 197
53617 53628 209
53646 53684 95
53667 53669 291
53684 53717 293
53700 53731 266
53728 53754 298
53755 53760 56
53771 53806 91
53792 53823 63
53805 53847 239
53823 53840 121
53838 53885 48
53862 53903 16
53877 53914 228
53904 53948 282
53925 53928 116
53932 53982 138
53940 53983 297
53970 54003 154
53973 54010 227
54002 54041 268
54012 54035 45
54033 54044 235
54052 54064 162
54056 54103 132
54078 54082 265
54108 54119 10
54122 54145 91
54144 54185 213
54170 54191 144
54176 54226 209
54180 54211 8
54182 54187 96
54212 54224 108
54219 54240 211
54233 54237 211
54242 54290 79
54268 54292 270
54294 54311 132
54299 54334 39
54317 54327 232
54319 54364 288
54340 54365 39
54356 54400 286
54356 54393 160
54369 54408 64
54380 54418 99
54401 54421 258
54419 54428 31
54444 54477 229
54458 54471 277
54460 54488 209
54489 54524 254
54497 54518 6
54520 54567 159
54548 54550 226
54554 54591 230
54566 54600 68
54589 54621 65
54609 54628 127
54620 54635 24
54638 54639 138
54649 54689 211
54670 54672 61
54695 54705 52
54704 54752 192
54711 54756 82
54735 54767 279
54753 54782 107
54773 54808 48
54787 54811 200
54811 54853 202
54824 54866 61
54845 54854 145
54846 54889 42
54867 54913 192
54891 54936 145
54907 54953 280
54927 54951 10
54945 54948 259
54966 55001 243
54969 55004 61
54989 54995 182
55011 55060 90
55011 55058 223
55024 55036 117
55046 55066 84
55054 55104 144
55080 55113 208
55092 55096 291
55100 55102 42
55102 55110 32
55108 55146 69
55115 55148 110
55136 55152 203
55155 55192 230
55168 55185 50
55192 55219 130
55202 55205 185
55210 55251 143
55236 55281 105
55250 55259 202
55257 55267 231
55261 55288 109
55264 55269 137
55281 55310 155
55299 55323 107
55327 55342 33
55334 55375 142
55359 55382 212
55369 55418 135
55373 55394 122
55395 55443 102
55397 55444 219
55422 55464 274
55422 55469 218
55452 55481 124
55479 55527 217
55499 55531 21
55521 55533 143
55551 55593 283
55576 55604 266
55583 55627 26
55607 55632 140
55608 55641 50
55620 55664 279
55621 55663 208
55624 55635 11
55652 55665 154
55657 55705 265
55664 55684 182
55678 55685 105
55689 55721 120
55717 55752 171
55738 55781 165
55754 55767 197
55764 55769 161
55790 55838 173
55808 55852 166
55813 55849 182
55830 55863 148
55854 55872 147
55881 55916 194
55882 55919 85
55894 55911 142
55922 55969 159
55932 55943 193
55937 55987 113
55959 56002 114
55985 55997 7
55998 56008 232
56024 56043 121
56030 56071 175
56051 56080 177
56072 56085 293
56100 56132 98
56111 56158 203
56116 56118 218
56120 56133 85
56130 56150 33
56156 56180 143
56185 56235 250
56209 56230 242
56209 56239 95
56219 56239 98
56241 56282 172
56266 56268 299
56285 56302 106
56296 56322 94
56324 56368 290
56328 56339 107
56347 56354 178
56366 56395 146
56383 56415 118
56401 56429 286
56427 56477 4
56451 56491 234
56477 56516 211
56483 56511 227
56499 56545 29
56507 56527 222
56536 56578 187
56561 56576 44
56580 56582 146
56602 56618 164
56614 56662 5
56629 56644 6
56633 56647 249
56654 56696 261
56667 56691 148
56684 56733 56
56708 56718 154
56713 56725 136
56726 56762 94
56746 56782 99
56750 56786 154
56765 56801 4
56784 56798 109
56801 56825 269
56815 56865 39
56816 56853 93
56840 56882 25
56850 56882 133
56851 56873 288
56879 56902 261
56898 56908 66
56928 56954 59
56937 56963 66
56941 56944 40
56967 57002 15
56995 57028 206
57003 57018 23
57012 57055 108
57025 57040 271
57040 57078 136
57055 57088 76
57065 57072 191
57085 57093 94
57108 57131 29
57120 57133 233
57126 57129 52
57135 57165 155
57147 57189 247
57169 57192 46
57174 57221 198
57188 57212 268
57203 57205 81
57210 57211 89
57240 57242 58
57245 57272 216
57264 57277 108
57273 57317 28
57299 57323 94
57316 57327 15
57336 57376 243
57362 57401 98
57382 57429 265
57403 57408 34
57418 57468 235
57436 57470 285
57436 57469 96
57462 57498 34
57462 57468 80
57473 57511 199
57501 57517 258
57515 57518 282
57537 57539 246
57548 57596 150
57561 57563 136
57581 57590 107
57611 57644 259
57628 57643 253
57641 57646 135
57668 57706 198
57676 57725 164
57696 57700 15
57722 57746 16
57732 57743 164
57744 57751 234
57753 57755 237
57755 57800 87
57772 57780 264
57777 57796 286
57781 57813 132
57783 57811 294
57788 57823 248
57804 57836 56
57813 57843 279
57833 57857 131
57834 57875 274
57864 57883 128
57870 57917 109
57898 57941 296
57925 57958 142
57952 57956 52
57954 57962 75
57959 58001 96
57970 57981 238
57978 58027 72
57980 58008 210
58006 58015 76
58010 58018 47
58010 58059 210
58018 58035 154
58027 58044 23
58034 58035 243
58060 58078 242
58078 58104 75
58084 58097 243
58101 58123 17
58115 58135 248
58117 58125 40
58132 58174 37
58144 58153 116
58169 58217 48
58190 58216 91
58201 58232 93
58228 58254 132
58248 58291 38
58272 58281 192
58285 58296 173
58304 58337 128
58326 58328 62
58339 58359 194
58342 58371 271
58350 58390 147
58364 58365 197
58379 58396 62
58390 58395 87
58407 58438 211
58428 58467 194
58434 58461 101
58445 58486 28
58472 58517 182
58478 58521 105
58492 58524 95
58509 58532 6
58537 58567 88
58556 58596 249
58564 58609 44
58576 58600 44
58596 58598 58
58601 58647 185
58614 58621 50
58639 58655 261
58661 58664 88
58689 58721 85
58714 58725 222
58734 58750 98
58742 58778 196
58767 58774 221
58780 58782 241
58806 58826 290
58829 58854 35
58845 58854 197
58872 58877 81
58893 58915 211
58909 58954 284
58918 58943 108
58929 58946 241
58950 58956 39
58975 59016 114
58997 59041 142
59015 59043 201
59033 59041 22
59038 59055 283
59061 59066 214
59082 59107 68
59089 59101 24
59099 59142 35
59101 59134 144
59125 59151 83
59138 59180 125
59160 59162 236
59189 59228 238
59202 59227 142
59202 59219 222
59217 59264 270
59242 59285 235
59245 59279 284
59248 59257 214
59251 59270 177
59267 59285 67
59275 59321 291
59296 59297 175
59319 59363 107
59323 59330 286
59343 59377 73
59359 59385 188
59364 59394 153
59374 59403 254
59374 59397 74
59386 59435 257
59412 59448 177
59436 59461 69
59462 59472 276
59481 59484 298
59511 59558 25
59539 59583 10
59551 59558 135
59564 59586 297
59579 59614 100
59608 59634 210
59624 59656 34
59648 59654 154
59671 59679 259
59688 59689 50
59691 59730 276
59698 59718 262
59724 59737 236
59741 59776 25
59771 59788 253
59779 59785 159
59789 59816 214
59800 59818 75
59810 59846 198
59835 59885 138
59837 59884 131
59849 59877 119
59866 59873 12
59874 59911 12
59888 59912 27
59910 59920 150
59940 59967 154
59951 59974 240
59956 59964 64
59980 60013 222
59994 60022 148
60015 60055 12
60036 60043 46
60050 60061 135
60051 60071 200
60056 60088 226
60066 60110 262
60084 60089 94
60112 60144 47
60129 60178 201
60144 60185 25
60170 60173 57
60198 60206 268
60212 60251 78
60226 60264 209
60243 60259 70
60260 60306 269
60281 60284 244
60305 60312 70
60334 60347 184
60358 60390 17
60379 60409 127
60401 60410 238
60430 60449 255
60458 60482 164
60458 60490 77
60484 60508 185
60513 60528 49
60531 60578 38
60547 60586 248
60572 60577 75
60596 60640 162
60626 60664 80
60642 60647 270
60650 60681 112
60658 60701 132
60666 60691 227
60674 60707 125
60682 60721 145
60696 60706 236
60702 60713 77
60706 60745 106
60734 60770 161
60760 60772 12
60781 60824 7
60792 60810 293
60792 60830 171
60816 60854 199
60818 60837 47
60829 60841 200
60831 60834 285
60838 60843 142
60844 60845 175
60858 60876 147
60871 60895 132
60901 60915 204
60915 60930 146
60930 60949 260
60932 60975 29
60944 60993 120
60944 60971 124
60949 60969 229
60970 60972 251
60981 60993 125
60986 61022 112
60994 61030 85
61021 61027 248
61044 61079 4
61068 61083 71
61083 61127 250
61089 61095 149
61110 61154 19
61135 61166 11
61163 61186 219
61182 61221 240
61200 61232 274
61211 61233 42
61231 61258 20
61241 61247 151
61256 61287 88
61284 61328 150
61300 61347 93
61311 61343 105
61338 61360 46
61349 61394 118
61358 61373 205
61371 61403 108
61393 61434 220
61413 61424 256
61424 61450 174
61443 61463 57
61459 61495 203
61482 61517 234
61512 61525 65
61517 61551 38
61526 61575 206
61548 61582 245
61561 61578 78
61590 61603 119
61590 61635 214
61619 61646 245
61638 61659 40
61641 61669 268
61661 61662 159
61682 61711 279
61693 61696 205
61720 61725 124
61725 61729 118
61727 61751 116
61730 61741 73
61752 61789 93
61777 61786 137
61794 61814 272
61803 61811 213
61818 61855 149
61827 61876 58
61839 61877 197
61854 61898 247
61876 61925 58
61903 61948 39
61919 61945 72
61926 61953 97
61935 61985 193
61964 61993 143
61991 62041 142
61997 62032 34
62027 62070 239
62034 62080 253
62062 62098 40
62068 62098 267
62076 62083 25
62098 62099 250
62117 62129 195
62124 62161 63
62148 62195 166
62172 62188 259
62188 62201 144
62200 62238 38
62201 62245 291
62226 62234 272
62245 62256 144
62275 62324 164
62286 62331 286
62291 62320 23
62310 62316 290
62325 62332 138
62337 62368 141
62362 62375 256
62366 62380 143
62393 62409 255
62399 62408 164
62408 62442 193
62413 62444 123
62431 62433 180
62435 62460 121
62444 62466 128
62461 62494 74
62467 62493 143
62487 62508 222
62491 62534 85
62519 62529 158
62521 62538 97
62551 62566 272
62570 62609 48
62596 62600 292
62607 62656 97
62611 62612 295
62630 62675 281
62642 62682 128
62665 62668 261
62668 62697 260
62668 62678 1
62695 62743 136
62722 62739 78
62742 62746 140
62746 62763 241
62746 62794 209
62764 62770 168
62790 62825 145
62792 62818 268
62800 62838 173
62815 62852 193
62828 62864 247
62858 62890 113
62868 62877 147
62878 62885 146
62890 62924 45
62893 62920 91
62923 62973 182
62936 62983 189
62966 62976 162
62982 63012 238
62986 63028 34
62986 63015 279
62994 63004 243
63009 63039 245
63028 63055 103
63049 63089 56
63071 63112 233
63093 63117 151
63095 63134 235
63106 63152 207
63120 63131 280
63123 63135 197
63153 63203 182
63171 63211 146
63198 63203 18
63219 63254 272
63239 63254 96
63261 63262 98
63268 63299 47
63288 63311 135
63311 63312 19
63316 63333 228
63339 63386 173
63363 63383 4
63386 63426 43
63404 63444 241
63412 63432 284
63417 63442 76
63432 63444 193
63461 63472 65
63474 63486 195
63496 63505 18
63510 63518 126
63535 63562 103
63540 63546 45
63548 63590 4
63578 63619 272
63599 63649 50
63615 63657 240
63643 63663 110
63643 63649 132
63668 63702 155
63671 63710 284
63691 63740 245
63721 63738 126
63746 63754 202
63770 63781 149
63773 63821 207
63791 63830 75
63814 63851 282
63822 63839 114
63836 63852 294
63839 63886 253
63856 63890 179
63868 63873 141
63876 63880 265
63877 63910 194
63904 63930 90
63917 63927 136
63939 63944 80
63965 64013 68
63968 63993 294
63995 64013 217
64024 64030 258
64040 64050 171
64063 64079 10
64087 64112 107
64101 64111 170
64109 64134 230
64128 64156 286
64137 64182 53
64144 64160 164
64152 64166 165
64167 64205 165
64187 64197 212
64201 64207 251
64223 64261 40
64233 64275 136
64240 64280 163
64241 64288 289
64257 64282 176
64263 64296 262
64288 64314 213
64308 64316 248
64326 64363 21
64326 64347 22
64346 64348 155
64348 64373 280
64372 64399 42
64399 64445 2
64419 64444 127
64448 64487 142
64449 64470 30
64465 64485 46
64465 64500 297
64473 64491 79
64484 64531 300
64498 64508 147
64500 64536 3
64529 64534 122
64536 64583 255
64542 64581 157
64555 64565 237
64563 64582 113
64568 64610 17
64598 64645 298
64618 64658 189
64623 64629 61
64651 64662 228
64661 64710 195
64667 64680 40
64668 64676 255
64672 64674 38
64685 64691 256
64701 64735 173
64717 64757 298
64723 64762 266
64745 64770 143
64745 64777 54
64756 64768 269
64778 64827 213
64782 64790 193
64803 64809 216
64832 64843 135
64846 64895 298
64861 64876 90
64872 64918 11
64873 64901 279
64890 64897 221
64908 64941 210
64921 64939 249
64946 64979 225
64948 64954 222
64963 64976 184
64979 64992 48
64984 65031 52
64989 64990 103
64993 65002 126
65005 65052 89
65035 65078 200
65057 65064 155
65070 65081 170
65078 65115 114
65106 65114 124
65125 65158 111
65135 65140 106
65164 65184 125
65186 65219 159
65196 65198 201
65205 65255 62
65219 65235 195
65249 65267 124
65270 65275 3
65293 65336 158
65310 65360 119
65320 65355 233
65325 65331 40
65332 65372 43
65362 65386 142
65387 65401 256
65405 65436 253
65420 65440 213
65450 65488 272
65455 65490 140
65481 65521 202
65492 65541 264
65498 65542 234
65519 65566 97
65546 65592 132
65552 65565 115
65553 65568 126
65568 65615 241
65581 65627 268
65611 65645 120
65611 65619 114
65616 65633 214
65617 65637 273
65642 65651 173
65662 65696 225
65676 65710 292
65688 65712 28
65693 65734 115
65693 65696 44
65698 65699 184
65701 65741 242
65705 65711 209
65731 65750 89
65741 65782 204
65748 65779 62
65748 65798 53
65751 65793 28
65764 65775 193
65789 65829 113
65798 65838 276
65810 65852 30
65838 65885 205
65864 65889 193
65866 65885 182
65885 65911 186
65885 65933 90
65899 65934 242
65914 65949 51
65922 65926 11
65947 65993 138
65960 66004 255
65965 65995 285
65978 65983 199
65982 66004 295
65982 66020 217
65997 66043 162
66008 66039 36
66014 66051 123
66044 66070 207
66070 66111 84
66075 66114 283
66096 66128 217
66104 66138 264
66121 66166 163
66140 66165 251
66154 66171 135
66167 66190 246
66180 66216 158
66209 66257 153
66221 66270 144
66247 66256 54
66259 66286 217
66268 66317 270
66280 66282 281
66295 66328 203
66321 66345 169
66329 66340 292
66345 66381 102
66345 66364 201
66359 66370 253
66381 66423 163
66383 66385 287
66399 66412 42
66414 66440 91
66434 66463 116
66439 66443 182
66469 66498 170
66477 66495 181
66477 66502 296
66500 66529 254
66506 66508 297
66531 66561 163
66556 66590 175
66564 66599 180
66581 66611 228
66610 66623 105
66631 66680 81
66652 66683 68
66652 66696 204
66658 66671 243
66680 66716 38
66707 66716 274
66715 66761 220
66719 66736 112
66730 66775 9
66747 66791 109
66772 66776 184
66781 66792 172
66782 66806 78
66782 66785 205
66791 66814 237
66799 66813 131
66802 66828 187
66822 66839 145
66844 66871 170
66871 66897 267
66901 66924 242
66929 66936 59
66948 66952 227
66951 66975 59
66976 67013 140
66997 67013 261
67008 67056 280
67026 67034 213
67047 67049 237
67048 67083 52
67074 67124 251
67099 67111 221
67123 67133 253
67127 67162 171
67134 67159 259
67142 67183 38
67164 67193 220
67189 67215 61
67204 67212 282
67208 67218 296
67238 67242 154
67241 67244 82
67244 67249 56
67266 67286 39
67293 67295 286
67310 67328 95
67332 67335 273
67353 67357 235
67372 67384 285
67401 67441 242
67428 67469 114
67454 67484 36
67460 67465 50
67486 67493 243
67509 67559 161
67533 67542 76
67542 67578 275
67549 67577 27
67551 67578 84
67556 67579 81
67580 67596 242
67600 67606 42
67612 67619 17
67627 67657 223
67627 67641 18
67656 67666 77
67656 67694 31
67657 67682 130
67676 67684 249
67700 67701 281
67717 67757 62
67723 67771 71
67739 67745 158
67761 67768 15
67781 67806 83
67807 67817 200
67822 67833 11
67846 67895 283
67873 67909 263
67896 67925 81
67924 67952 164
67928 67949 14
67948 67984 125
67951 67980 145
67952 67966 23
67957 67990 179
67965 68002 74
67980 68002 34
68001 68031 145
68030 68069 83
68056 68077 274
68071 68092 156
68080 68119 211
68092 68103 5
68105 68135 163
68129 68143 159
68135 68149 135
68160 68196 47
68165 68210 226
68187 68199 135
68217 68223 300
68233 68249 22
68237 68244 92
68266 68286 57
68285 68289 223
68298 68308 283
68327 68374 267
68353 68365 151
68383 68414 25
68406 68432 75
68420 68464 240
68444 68447 98
68453 68470 291
68464 68506 255
68476 68500 82
68478 68525 116
68505 68550 33
68511 68536 9
68515 68551 211
68534 68546 40
68542 68548 53
68549 68556 164
68554 68581 261
68556 68582 248
68574 68598 39
68583 68619 7
68605 68613 234
68616 68651 146
68619 68635 295
68634 68660 200
68650 68665 279
68667 68682 106
68677 68700 249
68700 68747 41
68724 68771 104
68731 68748 136
68761 68781 19
68785 68793 178
68809 68853 212
68813 68830 26
68834 68855 266
68835 68839 45
68835 68855 142
68852 68875 247
68862 68865 42
68867 68886 238
68878 68898 213
68906 68955 56
68930 68935 247
68957 68998 158
68972 68976 46
68989 69013 296
68990 68991 64
69016 69019 242
69036 69057 127
69062 69110 237
69069 69102 108
69085 69092 268
69105 69143 17
69121 69163 208
69123 69167 206
69148 69177 27
69158 69189 69
69186 69225 39
69211 69223 279
69241 69256 124
69261 69274 31
69290 69316 276
69294 69325 243
69319 69335 187
69348 69360 211
69367 69370 263
69390 69425 267
69398 69406 54
69409 69457 56
69434 69459 27
69446 69457 22
69453 69469 58
69472 69519 207
69488 69516 34
69512 69540 26
69530 69564 202
69558 69566 187
69580 69618 227
69580 69610 177
69606 69618 68
69626 69647 59
69644 69694 63
69663 69696 54
69663 69698 67
69682 69710 202
69711 69726 11
69732 69758 151
69749 69769 149
69754 69766 172
69783 69832 281
69792 69804 252
69796 69828 118
69812 69826 260
69831 69879 234
69856 69865 60
69862 69882 160
69862 69908 178
69867 69906 96
69893 69938 197
69905 69932 71
69921 69953 64
69938 69960 77
69945 69964 254
69947 69980 5
69972 70007 279
69978 70009 282
69987 69998 88
69988 70035 19
69996 70020 165
70015 70027 275
70018 70024 182
70019 70055 232
70028 70078 6
70056 70103 38
70063 70103 20
70081 70116 192
70104 70125 189
70117 70118 281
70145 70175 79
70171 70198 194
70188 70218 66
70214 70258 200
70221 70270 242
70244 70255 274
70253 70297 7
70283 70286 227
70312 70347 158
70319 70359 206
70336 70383 239
70354 70390 42
70380 70390 35
70405 70445 288
70433 70440 235
70453 70461 66
70469 70500 86
70493 70534 82
70507 70508 147
70511 70524 195
70528 70539 174
70551 70552 191
70557 70561 94
70566 70588 53
70584 70602 246
70612 70619 217
70612 70618 207
70635 70652 154
70658 70700 267
70669 70676 187
70679 70723 203
70704 70732 221
70720 70738 151
70732 70733 80
70742 70767 177
70755 70776 205
70758 70799 201
70768 70815 245
70774 70798 101
70793 70820 174
70821 70857 12
70825 70842 13
70852 70877 84
70872 70883 161
70902 70948 84
70923 70962 205
70937 70946 39
70965 70988 226
70968 70974 95
70995 71045 84
71010 71026 168
71030 71072 104
71039 71079 254
71056 71097 157
71058 71100 282
71079 71108 122
71109 71119 294
71132 71169 260
71140 71176 40
71161 71162 110
71171 71217 51
71191 71231 251
71210 71235 30
71227 71269 57
71239 71266 118
71243 71288 41
71266 71300 78
71283 71320 19
71302 71327 28
71330 71349 253
71330 71336 200
71356 71381 226
71382 71417 79
71384 71426 274
71397 71400 6
71410 71417 291
71423 71432 178
71452 71479 1
71452 71472 159
71452 71482 299
71453 71482 245
71453 71464 291
71460 71506 34
71464 71494 184
71485 71488 118
71490 71498 146
71509 71527 184
71510 71542 261
71531 71569 92
71552 71564 233
71577 71596 4
71597 71622 48
71614 71642 294
71630 71633 97
71648 71677 119
71653 71678 274
71674 71722 115
71690 71720 162
71703 71745 233
71724 71749 119
71754 71774 61
71766 71805 275
71771 71810 110
71771 71776 40
71784 71829 207
71804 71813 19
71805 71854 195
71814 71856 127
71832 71858 262
71862 71900 113
71868 71908 275
71889 71898 41
71896 71906 10
71897 71910 240
71910 71921 43
71912 71918 60
71913 71930 86
71941 71984 194
71941 71950 176
71968 72017 211
71994 72017 97
72024 72066 255
72041 72047 70
72045 72059 26
72061 72105 256
72076 72115 218
72082 72094 184
72092 72093 121
72113 72153 155
72122 72156 60
72145 72157 102
72166 72211 251
72183 72203 252
72200 72232 42
72221 72265 25
72246 72295 176
72248 72265 186
72267 72282 114
72294 72320 12
72308 72327 126
72319 72332 172
72323 72351 287
72323 72336 136
72329 72346 27
72343 72381 176
72349 72352 235
72369 72396 123
72397 72431 22
72420 72430 179
72429 72436 15
72439 72462 84
72469 72479 98
72473 72479 300
72497 72526 136
72513 72514 224
72519 72566 15
72525 72561 119
72532 72555 279
72534 72567 63
72556 72598 291
72580 72625 159
72607 72629 178
72633 72653 154
72656 72690 10
72672 72675 259
72675 72699 113
72698 72725 28
72722 72731 231
72742 72759 210
72742 72756 96
72752 72793 267
72782 72825 237
72802 72819 111
72811 72819 253
72814 72820 260
72823 72848 256
72836 72849 81
72847 72885 66
72874 72901 68
72881 72903 270
72909 72920 119
72929 72971 238
72934 72956 160
72954 72994 80
72961 72983 147
72973 73005 232
72996 72997 181
73014 73059 27
73028 73069 266
73039 73083 115
73044 73056 204
73058 73084 11
73081 73102 214
73103 73104 141
73104 73105 2
73110 73113 148
73125 73143 98
73137 73147 63
73143 73162 292
73147 73172 207
73170 73178 119
73178 73205 139
73205 73212 96
73222 73239 100
73231 73255 79
73237 73239 105
73264 73274 85
73286 73320 199
73315 73365 230
73343 73385 12
73346 73376 177
73369 73374 36
73369 73399 1
73391 73408 145
73415 73428 211
73443 73493 86
73472 73486 125
73499 73547 103
73515 73562 211
73544 73577 51
73551 73593 155
73570 73573 88
73575 73604 279
73581 73586 252
73585 73586 142
73604 73621 100
73611 73646 299
73640 73653 114
73662 73706 63
73684 73722 79
73705 73708 203
73728 73734 72
73739 73785 198
73747 73778 271
73777 73785 175
73789 73812 204
73811 73854 47
73826 73862 262
73847 73854 61
73856 73881 25
73881 73883 54
73883 73931 200
73892 73942 246
73898 73944 294
73921 73967 177
73938 73986 162
73959 73973 113
73987 73996 284
74010 74026 226
74034 74070 294
74051 74090 257
74071 74084 234
74084 74095 164
74091 74101 37
74108 74150 137
74117 74167 170
74119 74143 137
74147 74167 12
74175 74222 132
74190 74229 245
74191 74228 180
74196 74238 188
74220 74254 133
74246 74283 34
74259 74263 209
74271 74272 152
74276 74291 64
74284 74295 245
74296 74307 242
74306 74319 278
74329 74366 133
74345 74376 8
74348 74376 186
74377 74425 111
74406 74454 288
74414 74447 178
74418 74438 198
74429 74466 95
74458 74476 243
74486 74498 215
74507 74535 180
74528 74577 113
74533 74547 245
74544 74571 256
74556 74581 29
74559 74597 10
74571 74618 180
74590 74619 156
74597 74633 243
74604 74621 26
74627 74676 146
74650 74684 44
74678 74718 129
74707 74753 1
74713 74715 168
74743 74756 3
74753 74800 252
74779 74803 89
74795 74828 180
74796 74805 245
74813 74826 287
74817 74839 17
74825 74858 162
74855 74860 228
74855 74902 255
74862 74891 216
74878 74885 107
74885 74910 158
74912 74917 239
74912 74938 2
74922 74935 100
74944 74968 92
74971 74997 133
74985 75032 22
75002 75005 1
75015 75049 205
75024 75032 192
75043 75088 73
75068 75085 287
75084 75099 9
75088 75114 211
75100 75126 12
75105 75149 8
75109 75118 14
75138 75175 27
75144 75171 282
75160 75203 200
75162 75177 5
75183 75210 6
75206 75250 251
75210 75230 250
75231 75274 191
75259 75273 169
75268 75286 39
75291 75334 137
75316 75363 165
75332 75364 195
75338 75373 177
75338 75341 22
75338 75347 243
75367 75401 95
75384 75402 227
75401 75408 293
75406 75413 79
75435 75456 111
75436 75450 205
75462 75502 196
75487 75524 253
75509 75555 126
75526 75562 170
75556 75568 7
75585 75619 260
75599 75603 282
75625 75638 273
75645 75649 201
75645 75681 286
75667 75702 32
75668 75708 121
75681 75725 291
75705 75718 89
75725 75729 125
75751 75771 248
75773 75815 130
75780 75824 25
75793 75795 213
75821 75854 250
75848 75893 207
75869 75883 66
75875 75882 232
75895 75897 167
75919 75943 53
75920 75944 263
75924 75956 122
75944 75948 157
75964 75975 242
75966 75982 199
75980 76020 188
75984 76022 111
76002 76046 95
76023 76053 255
76029 76074 281
76053 76090 115
76055 76071 277
76072 76087 259
76072 76091 42
