5000
28 60 122
39 84 242
58 69 181
78 90 151
96 112 58
117 159 271
142 161 71
146 183 269
151 168 193
151 184 90
175 196 54
179 219 179
208 225 147
223 260 193
241 266 262
242 284 261
247 286 106
273 308 253
292 308 269
302 308 275
317 364 41
340 375 285
356 388 168
385 429 160
402 452 292
424 427 253
439 456 278
454 493 278
479 517 293
489 503 21
499 515 137
519 553 158
541 552 217
569 616 290
571 600 112
573 610 230
579 583 61
591 613 213
591 608 176
620 626 223
644 669 61
669 700 49
674 697 151
684 731 61
685 735 283
686 693 14
696 720 248
700 738 174
707 721 54
736 745 36
753 757 239
779 785 36
784 785 162
794 833 227
822 825 169
849 867 13
865 872 135
881 898 203
894 901 186
894 905 298
902 907 184
915 931 171
942 962 271
965 981 97
966 984 17
993 1031 278
1010 1040 171
1016 1053 254
1021 1043 140
1049 1061 189
1052 1061 85
1077 1108 166
1086 1112 139
1101 1121 148
1122 1161 104
1136 1164 300
1150 1163 100
1177 1212 37
1207 1232 285
1212 1261 183
1231 1242 92
1241 1257 29
1269 1309 24
1276 1285 71
1297 1316 115
1324 1336 149
1344 1350 158
1353 1396 216
1380 1385 99
1381 1414 214
1393 1440 137
1412 1424 48
1416 1418 165
1420 1444 137
1449 1453 32
1465 1505 181
1487 1515 29
1512 1522 25
1515 1549 157
1532 1549 12
1535 1542 256
1535 1563 264
1562 1602 92
1570 1601 148
1577 1605 41
1577 1617 249
1603 1607 265
1615 1664 94
1633 1636 151
1662 1704 87
1680 1727 92
1689 1734 227
1707 1755 255
1729 1769 261
1751 1796 213
1768 1813 140
1772 1810 210
1788 1812 3
1816 1824 135
1825 1868 270
1855 1865 282
1861 1897 178
1876 1892 281
1887 1889 241
1912 1921 285
1933 1974 254
1960 1997 49
1985 2027 14
1985 2016 221
1995 2017 13
2012 2020 282
2031 2048 21
2034 2037 259
2036 2077 255
2059 2106 23
2084 2126 217
2105 2129 186
2121 2135 289
2125 2143 189
2134 2140 236
2149 2184 254
2161 2175 8
2164 2187 261
2191 2229 146
2220 2225 239
2237 2253 94
2252 2301 258
2280 2330 181
2307 2320 143
2318 2321 232
2330 2376 4
2356 2364 154
2385 2428 278
2400 2408 29
2427 2460 96
2436 2446 264
2440 2468 150
2452 2490 246
2465 2493 79
2486 2497 111
2507 2528 32
2537 2587 29
2547 2581 257
2568 2589 57
2595 2642 182
2607 2657 159
2628 2653 63
2628 2667 36
2644 2650 143
2656 2693 49
2686 2735 181
2690 2715 10
2696 2712 70
2698 2702 231
2705 2713 152
2710 2741 101
2710 2711 194
2714 2737 78
2734 2772 19
2740 2743 247
2766 2813 205
2771 2774 152
2795 2817 193
2795 2834 283
2821 2832 160
2838 2844 238
2840 2890 110
2855 2861 275
2874 2908 221
2897 2906 121
2904 2920 280
2912 2921 89
2922 2950 129
2922 2944 274
2939 2964 71
2942 2979 56
2964 2998 182
2972 3022 182
2988 3003 134
2999 3048 208
3016 3061 156
3019 3022 170
3049 3059 115
3053 3059 198
3062 3093 33
3071 3105 191
3100 3121 109
3104 3153 33
3132 3173 154
3151 3183 144
3152 3181 14
3165 3198 284
3182 3193 177
3200 3232 222
3224 3274 271
3239 3249 68
3258 3265 16
3277 3319 137
3300 3347 282
3308 3324 121
3330 3375 141
3353 3401 85
3360 3399 74
3378 3408 124
3386 3417 45
3397 3404 27
3417 3463 248
3433 3455 34
3463 3468 113
3469 3506 54
3489 3493 296
3498 3547 132
3514 3564 293
3529 3568 195
3553 3579 102
3553 3602 35
3558 3570 258
3587 3591 221
3593 3607 39
3610 3616 233
3624 3665 159
3635 3668 163
3643 3657 144
3655 3671 5
3674 3706 28
3695 3708 114
3715 3736 107
3720 3724 94
3728 3754 124
3736 3741 227
3759 3803 219
3789 3825 59
3809 3825 3
3814 3832 264
3844 3876 76
3861 3864 144
3882 3909 32
3899 3925 112
3911 3957 232
3913 3955 251
3938 3940 70
3968 3975 298
3969 4014 98
3993 4030 2
3993 4029 294
4014 4020 249
4033 4061 260
4035 4079 25
4060 4084 99
4071 4091 180
4093 4124 147
4103 4143 209
4115 4140 265
4124 4160 232
4154 4178 109
4162 4165 286
4163 4193 170
4173 4178 99
4176 4216 123
4204 4236 84
4225 4240 178
4240 4241 182
4242 4243 228
4255 4296 65
4272 4309 69
4285 4335 221
4303 4345 8
4320 4357 147
4347 4352 32
4371 4412 65
4397 4403 27
4416 4437 268
4441 4467 258
4445 4465 90
4455 4504 109
4482 4517 16
4483 4492 257
4491 4508 179
4507 4516 16
4518 4562 89
4520 4521 172
4547 4556 38
4564 4583 6
4571 4572 14
4600 4637 120
4614 4640 293
4639 4647 251
4656 4697 171
4686 4728 281
4700 4738 54
4706 4718 279
4721 4726 283
4740 4742 11
4759 4796 112
4784 4819 85
4789 4817 31
4811 4822 233
4812 4815 54
4841 4858 8
4848 4880 183
4866 4890 212
4868 4872 264
4893 4928 21
4896 4933 226
4920 4923 107
4931 4936 212
4932 4975 31
4957 5004 259
4982 5024 249
5005 5019 63
5025 5059 51
5055 5077 281
5058 5065 41
5080 5129 209
5081 5093 120
5086 5136 205
5093 5101 277
5099 5134 83
5099 5119 77
5100 5117 292
5113 5118 263
5133 5177 23
5160 5163 11
5169 5186 4
5198 5234 145
5215 5227 256
5222 5246 99
5243 5252 233
5266 5268 169
5280 5309 54
5310 5347 70
5326 5327 16
5346 5372 149
5355 5380 52
5367 5402 182
5383 5414 77
5392 5436 26
5394 5428 114
5404 5432 12
5405 5412 70
5410 5455 164
5427 5470 78
5427 5460 99
5439 5476 208
5440 5460 53
5443 5490 236
5443 5492 226
5460 5484 92
5487 5536 178
5493 5512 209
5509 5523 164
5530 5551 133
5559 5577 64
5582 5614 253
5584 5605 73
5586 5604 169
5600 5624 60
5604 5620 50
5611 5642 221
5640 5675 37
5668 5704 298
5686 5696 124
5695 5702 60
5721 5756 54
5729 5756 107
5738 5756 251
5760 5770 158
5781 5794 5
5800 5835 93
5827 5870 63
5843 5889 268
5848 5891 156
5851 5895 40
5881 5893 258
5886 5902 142
5887 5895 39
5911 5951 222
5921 5940 61
5924 5946 3
5932 5974 6
5947 5950 114
5976 6002 279
6003 6026 23
6009 6019 106
6022 6024 284
6045 6078 196
6055 6079 295
6058 6091 206
6062 6092 67
6066 6092 128
6080 6106 38
6099 6148 230
6124 6168 69
6149 6175 49
6177 6203 284
6197 6224 59
6220 6260 4
6227 6265 296
6240 6272 250
6265 6276 64
6285 6293 83
6299 6323 27
6319 6331 21
6320 6352 121
6345 6381 282
6362 6375 118
6364 6368 47
6385 6405 82
6385 6398 182
6404 6445 119
6406 6430 1
6409 6411 74
6437 6476 170
6465 6477 189
6483 6488 85
6508 6556 143
6526 6558 120
6526 6560 300
6532 6551 122
6555 6596 165
6584 6610 276
6592 6642 270
6598 6605 164
6614 6630 174
6635 6662 82
6649 6681 113
6678 6706 207
6701 6708 296
6711 6732 178
6725 6761 98
6750 6784 131
6756 6758 182
6764 6791 153
6786 6788 196
6794 6802 65
6796 6839 148
6805 6840 49
6813 6825 255
6835 6870 42
6837 6866 73
6854 6885 99
6862 6864 121
6879 6887 193
6893 6899 229
6900 6942 213
6914 6941 145
6921 6955 196
6929 6930 206
6941 6972 293
6946 6996 181
6948 6993 109
6978 7007 200
7003 7031 50
7008 7030 3
7028 7055 184
7058 7096 88
7078 7124 258
7103 7147 215
7114 7157 56
7137 7178 62
7165 7177 149
7186 7227 288
7198 7239 287
7219 7240 174
7242 7278 33
7248 7275 82
7277 7315 148
7287 7331 149
7306 7345 247
7317 7341 155
7322 7370 97
7332 7369 36
7333 7340 6
7344 7383 268
7371 7418 16
7372 7402 238
7385 7419 210
7405 7409 104
7422 7426 49
7431 7470 95
7454 7491 123
7484 7515 62
7495 7541 211
7515 7560 236
7538 7586 23
7567 7608 202
7596 7638 200
7618 7658 232
7622 7659 195
7643 7681 111
7663 7670 39
7665 7702 256
7682 7696 254
7699 7720 118
7725 7728 113
7732 7782 223
7737 7771 208
7746 7777 246
7747 7794 76
7771 7802 61
7778 7804 299
7800 7807 44
7825 7838 222
7850 7854 76
7859 7881 150
7876 7886 165
7906 7956 261
7934 7982 203
7934 7964 52
7952 7995 211
7955 7977 228
7958 8006 282
7969 7984 139
7987 7996 107
7997 8010 32
8024 8059 157
8044 8062 282
8065 8094 293
8079 8128 128
8091 8118 225
8109 8136 216
8118 8142 97
8142 8161 130
8167 8197 11
8173 8203 232
8181 8199 37
8198 8228 154
8198 8227 155
8221 8231 203
8241 8282 265
8260 8306 4
8284 8327 27
8304 8342 47
8322 8347 142
8340 8382 208
8367 8413 79
8383 8433 20
8390 8413 43
8401 8422 220
8401 8448 298
8402 8430 91
8428 8471 220
8456 8486 29
8479 8492 151
8505 8520 298
8515 8563 285
8537 8584 79
8559 8560 96
8559 8589 88
8586 8613 222
8612 8627 20
8632 8676 37
8639 8679 289
8652 8680 69
8669 8674 78
8698 8741 10
8707 8754 72
8727 8745 164
8745 8749 114
8755 8770 125
8765 8804 105
8773 8809 85
8797 8826 255
8812 8819 200
8823 8862 152
8843 8876 91
8867 8899 156
8889 8910 139
8913 8950 202
8925 8969 280
8938 8953 121
8955 8963 217
8975 8994 247
9002 9021 274
9032 9045 184
9044 9084 268
9053 9067 230
9078 9108 265
9103 9134 100
9120 9155 177
9136 9171 43
9153 9193 81
9173 9184 151
9179 9218 261
9196 9203 143
9226 9256 287
9252 9272 105
9254 9299 47
9270 9271 207
9296 9297 78
9302 9324 63
9321 9368 77
9334 9364 125
9348 9370 106
9361 9371 229
9382 9411 208
9406 9429 47
9410 9434 65
9434 9463 266
9453 9503 239
9467 9482 279
9480 9527 233
9492 9507 297
9511 9525 20
9524 9532 147
9551 9553 94
9561 9597 223
9590 9606 82
9601 9628 173
9617 9664 138
9626 9641 13
9639 9645 292
9655 9696 231
9659 9672 32
9687 9733 128
9703 9732 46
9711 9727 115
9740 9750 171
9755 9757 185
9776 9814 272
9792 9821 87
9817 9860 169
9818 9835 4
9843 9870 215
9861 9906 116
9868 9874 259
9879 9906 134
9891 9895 251
9911 9961 44
9936 9963 206
9959 9997 101
9988 10003 55
10014 10054 209
10030 10035 49
10038 10053 85
10056 10081 154
10078 10122 104
10088 10128 152
10108 10118 224
10119 10122 191
10122 10143 60
10137 10182 169
10154 10202 162
10158 10162 267
10184 10222 62
10211 10213 141
10213 10234 233
10216 10260 74
10222 10259 256
10244 10266 21
10264 10272 51
10265 10286 38
10293 10315 37
10322 10347 68
10341 10385 86
10365 10366 91
10369 10407 143
10377 10392 151
10382 10386 82
10386 10425 226
10411 10433 40
10422 10432 65
10436 10468 284
10466 10497 229
10495 10512 1
10500 10510 186
10518 10560 82
10523 10538 98
10548 10556 4
10548 10568 87
10570 10574 105
10573 10585 66
10602 10635 80
10608 10634 262
10610 10622 3
10638 10660 126
10640 10644 133
10651 10673 263
10673 10707 216
10684 10688 261
10704 10714 192
10727 10754 206
10754 10764 273
10782 10831 61
10812 10836 27
10825 10856 256
10849 10868 7
10871 10892 203
10893 10910 185
10899 10913 18
10899 10938 157
10907 10920 168
10934 10950 39
10952 10977 277
10979 11016 17
10982 11032 282
11001 11029 207
11004 11052 255
11024 11047 112
11037 11079 213
11044 11093 238
11062 11068 53
11082 11099 261
11103 11131 179
11116 11155 71
11142 11191 292
11149 11180 126
11162 11209 178
11173 11206 284
11198 11245 159
11207 11221 206
11222 11266 171
11248 11297 109
11270 11303 99
11275 11321 245
11294 11308 43
11316 11360 242
11322 11370 128
11323 11359 74
11323 11328 298
11353 11376 122
11367 11378 116
11378 11410 118
11384 11419 129
11402 11414 136
11411 11458 264
11421 11424 156
11434 11447 271
11459 11496 240
11468 11506 205
11491 11533 236
11519 11557 265
11529 11557 43
11553 11596 85
11570 11584 258
11572 11615 239
11594 11631 280
11610 11654 206
11629 11642 225
11631 11661 84
11646 11690 41
11656 11675 253
11679 11725 261
11707 11745 174
11732 11773 217
11738 11776 254
11768 11817 173
11783 11789 155
11797 11804 238
11826 11875 294
11855 11888 165
11870 11908 237
11871 11915 132
11883 11930 276
11908 11956 85
11908 11925 298
11938 11960 296
11952 11983 202
11959 12002 217
11984 12013 196
11995 11999 233
12006 12009 197
12027 12036 110
12035 12056 253
12044 12070 241
12068 12105 121
12092 12100 171
12116 12142 151
12127 12129 140
12128 12133 177
12144 12153 290
12146 12150 195
12146 12154 102
12154 12156 65
12177 12191 10
12179 12229 194
12202 12238 9
12209 12241 221
12236 12248 165
12255 12290 80
12261 12269 145
12290 12318 141
12296 12344 249
12320 12324 282
12345 12380 104
12349 12377 125
12354 12363 86
12367 12410 24
12375 12390 54
12376 12413 183
12396 12419 33
12399 12430 199
12411 12422 281
12417 12465 290
12417 12431 251
12423 12460 133
12426 12468 36
12428 12471 1
12443 12472 56
12451 12496 110
12463 12491 192
12480 12494 154
12480 12527 158
12491 12535 300
12509 12557 284
12529 12538 163
12541 12562 224
12546 12556 148
12566 12571 72
12595 12623 102
12622 12650 220
12626 12656 109
12628 12642 138
12638 12665 19
12660 12708 147
12669 12711 172
12672 12689 161
12676 12719 293
12690 12737 75
12709 12713 102
12723 12738 8
12727 12775 216
12757 12768 236
12787 12791 101
12787 12807 296
12791 12831 275
12821 12863 29
12831 12877 74
12835 12859 145
12842 12888 217
12852 12886 196
12864 12876 161
12867 12868 55
12879 12883 19
12900 12909 189
12908 12934 75
12931 12940 18
12952 12978 267
12971 12998 198
12993 12995 8
13006 13022 183
13014 13023 210
13029 13040 147
13035 13055 232
13052 13072 294
13062 13090 237
13089 13101 39
13112 13128 133
13136 13173 291
13148 13160 8
13158 13176 256
13170 13196 288
13177 13222 216
13194 13223 166
13214 13232 15
13229 13277 222
13243 13271 89
13243 13275 205
13246 13290 44
13253 13279 130
13262 13282 196
13263 13308 239
13271 13312 6
13273 13288 124
13274 13285 261
13296 13307 219
13297 13316 169
13306 13340 200
13314 13360 296
13342 13360 291
13369 13378 152
13370 13394 46
13381 13425 120
13385 13420 45
13392 13396 52
13392 13441 93
13409 13446 161
13434 13441 287
13463 13468 7
13467 13503 12
13483 13486 113
13501 13530 71
13501 13515 179
13524 13567 9
13546 13585 69
13560 13570 245
13575 13593 206
13590 13625 170
13611 13654 87
13615 13657 39
13622 13668 267
13627 13650 209
13628 13676 174
13642 13669 175
13657 13693 50
13670 13680 191
13681 13693 129
13687 13716 296
13696 13732 77
13706 13707 122
13721 13768 243
13736 13742 96
13748 13789 219
13760 13803 74
13784 13820 114
13794 13808 280
13800 13831 203
13805 13819 65
13806 13839 204
13834 13882 98
13863 13890 216
13887 13926 155
13914 13963 94
13930 13938 159
13941 13957 64
13963 13983 262
13975 14024 78
13997 14042 22
14001 14015 201
14028 14065 64
14036 14082 5
14055 14060 217
14085 14113 71
14101 14105 26
14124 14153 29
14142 14180 152
14157 14205 241
14164 14185 115
14176 14182 194
14202 14237 131
14229 14240 13
14243 14268 152
14272 14282 147
14301 14347 245
14313 14359 297
14335 14379 113
14358 14404 179
14379 14383 86
14381 14400 160
14408 14454 69
14413 14437 126
14429 14464 4
14458 14461 279
14487 14490 264
14499 14548 13
14521 14568 254
14527 14544 113
14550 14562 135
14579 14616 61
14579 14582 136
14596 14612 201
14611 14656 104
14615 14622 253
14634 14637 114
14641 14667 24
14646 14668 208
14659 14684 215
14667 14701 53
14670 14692 129
14683 14703 127
14693 14716 135
14696 14741 225
14723 14757 287
14747 14788 48
14749 14774 269
14764 14768 278
14788 14833 125
14806 14836 30
14831 14852 215
14857 14887 156
14879 14883 12
14888 14938 150
14901 14944 96
14919 14938 188
14923 14935 104
14952 14965 244
14974 14992 29
14983 15030 185
14998 15041 261
14999 15020 156
15002 15024 221
15007 15033 168
15022 15065 172
15036 15058 87
15043 15086 9
15065 15110 113
15070 15117 289
15092 15115 28
15121 15160 62
15151 15191 181
15159 15192 211
15182 15218 124
15201 15241 151
15228 15255 136
15234 15260 159
15249 15261 183
15262 15297 59
15285 15308 210
15295 15307 63
15314 15364 280
15340 15380 261
15345 15384 18
15352 15390 34
15381 15398 225
15391 15418 251
15396 15434 99
15404 15405 110
15427 15450 258
15455 15471 24
15479 15492 147
15492 15540 281
15502 15533 295
15514 15540 30
15531 15535 198
15536 15542 182
15549 15573 172
15557 15585 90
15577 15614 93
15587 15619 14
15599 15643 282
15624 15670 58
15642 15691 94
15647 15672 13
15654 15674 129
15658 15691 98
15678 15724 189
15700 15741 173
15713 15749 299
15726 15746 92
15755 15783 58
15770 15819 138
15770 15780 218
15796 15836 117
15810 15816 166
15818 15845 22
15842 15845 124
15869 15912 24
15871 15889 253
15893 15918 7
15904 15941 192
15918 15940 59
15930 15937 293
15959 15981 229
15984 16005 95
16000 16028 3
16009 16013 282
16012 16015 131
16032 16054 126
16056 16087 60
16057 16105 211
16079 16086 44
16082 16112 177
16106 16113 289
16109 16135 129
16132 16139 252
16155 16200 36
16170 16204 293
16172 16179 202
16188 16231 164
16197 16205 53
16226 16259 284
16252 16293 296
16262 16286 108
16285 16303 33
16298 16328 131
16325 16345 131
16341 16376 77
16360 16370 57
16390 16393 197
16409 16455 111
16434 16470 207
16458 16466 11
16462 16495 81
16475 16505 146
16488 16492 17
16511 16536 153
16512 16553 232
16524 16551 82
16537 16543 298
16539 16552 201
16558 16568 136
16568 16600 231
16575 16592 187
16605 16645 112
16618 16650 58
16619 16668 173
16640 16678 270
16664 16701 31
16673 16695 73
16682 16709 171
16694 16706 200
16713 16726 58
16722 16756 133
16738 16769 186
16767 16798 102
16787 16827 38
16814 16845 194
16834 16877 261
16844 16894 60
16853 16899 222
16882 16897 185
16910 16923 239
16933 16979 295
16936 16982 204
16960 17001 80
16967 17017 155
16995 17044 79
17006 17047 69
17036 17038 65
17051 17067 90
17061 17094 137
17090 17105 203
17096 17143 191
17097 17122 187
17107 17154 260
17135 17174 218
17163 17193 207
17173 17223 4
17188 17211 125
17193 17224 296
17193 17220 209
17195 17210 66
17204 17252 178
17231 17275 219
17257 17285 90
17259 17296 139
17267 17300 33
17277 17300 299
17280 17285 172
17300 17320 243
17305 17331 102
17323 17370 139
17346 17360 77
17375 17408 216
17380 17390 65
17405 17453 87
17430 17439 188
17451 17468 114
17468 17508 84
17488 17519 294
17492 17501 26
17510 17525 78
17537 17551 130
17549 17558 168
17570 17584 91
17600 17641 223
17615 17643 80
17618 17645 243
17631 17656 68
17649 17667 128
17660 17704 162
17680 17694 35
17680 17712 156
17694 17714 192
17715 17758 229
17734 17752 68
17761 17804 282
17769 17801 104
17798 17829 262
17808 17830 277
17809 17816 74
17830 17840 61
17837 17866 154
17855 17894 124
17874 17905 105
17877 17904 241
17905 17949 283
17914 17926 151
17916 17959 41
17939 17965 136
17947 17958 48
17948 17997 192
17949 17957 178
17967 17972 108
17967 17981 277
17988 18016 128
17999 18011 220
18003 18012 146
18004 18035 280
18032 18077 90
18033 18045 184
18044 18060 42
18055 18091 29
18074 18088 3
18079 18111 100
18091 18096 282
18108 18148 61
18123 18146 36
18127 18149 247
18146 18150 267
18152 18164 41
18167 18168 110
18172 18179 252
18185 18230 101
18195 18243 98
18203 18245 291
18208 18238 287
18222 18226 151
18236 18286 109
18239 18245 266
18268 18315 207
18279 18311 270
18280 18321 78
18295 18342 209
18315 18337 261
18323 18361 245
18323 18328 296
18333 18374 40
18352 18382 67
18366 18411 98
18372 18412 90
18388 18402 39
18401 18440 298
18408 18444 37
18427 18444 292
18433 18460 175
18456 18487 93
18458 18473 93
18467 18516 78
18491 18508 248
18507 18522 199
18510 18532 242
18514 18538 24
18537 18576 299
18545 18546 209
18559 18587 246
18572 18591 247
18579 18612 201
18602 18627 106
18620 18624 164
18631 18646 142
18642 18650 9
18647 18694 19
18657 18658 195
18659 18675 107
18682 18694 241
18702 18749 174
18727 18748 103
18732 18754 149
18759 18789 245
18782 18801 133
18787 18797 147
18806 18812 30
18816 18835 170
18832 18837 153
18853 18875 171
18863 18883 213
18890 18910 36
18896 18911 147
18925 18966 233
18952 18958 210
18978 19019 189
19008 19036 156
19037 19071 212
19040 19064 26
19048 19067 227
19078 19102 233
19079 19097 236
19090 19116 80
19098 19116 181
19123 19139 244
19145 19148 254
19165 19193 66
19171 19211 30
19178 19223 214
19196 19228 117
19223 19235 154
19250 19281 163
19252 19261 118
19271 19298 226
19280 19327 31
19305 19336 289
19306 19353 102
19314 19327 230
19338 19351 182
19349 19374 71
19359 19381 49
19377 19418 216
19384 19405 173
19409 19420 152
19417 19451 54
19436 19461 228
19440 19478 249
19467 19478 31
19469 19474 64
19497 19533 58
19506 19538 244
19510 19541 110
19539 19579 90
19548 19584 279
19575 19578 33
19604 19642 141
19623 19654 147
19645 19681 233
19655 19701 177
19662 19711 122
19674 19691 6
19688 19737 216
19718 19768 105
19737 19774 65
19742 19771 148
19749 19777 5
19771 19773 240
19779 19808 211
19792 19812 159
19804 19843 16
19811 19843 111
19835 19848 225
19864 19914 61
19874 19909 177
19885 19918 236
19886 19903 67
19897 19920 264
19902 19929 155
19917 19943 51
19928 19973 258
19930 19941 286
19949 19978 285
19967 19983 238
19978 19980 69
19979 19998 197
19981 20001 252
20011 20057 290
20021 20068 194
20038 20071 107
20067 20116 273
20089 20117 186
20111 20156 174
20124 20153 112
20141 20179 162
20147 20152 25
20172 20198 23
20176 20186 283
20178 20198 71
20195 20209 101
20203 20213 251
20227 20265 143
20230 20257 191
20230 20235 278
20260 20263 98
20285 20308 147
20295 20317 27
20304 20340 147
20311 20357 82
20312 20315 36
20320 20334 285
20324 20357 91
20340 20354 78
20356 20387 116
20384 20393 67
20400 20437 262
20425 20470 212
20436 20454 221
20463 20465 124
20489 20518 35
20499 20529 126
20527 20563 166
20544 20578 60
20554 20555 82
20568 20605 208
20588 20613 70
20605 20625 194
20634 20636 273
20642 20650 142
20644 20651 101
20658 20663 90
20688 20720 6
20696 20701 263
20722 20749 63
20730 20776 81
20745 20770 103
20761 20795 289
20783 20831 48
20788 20837 105
20800 20838 118
20813 20860 28
20828 20859 134
20857 20867 84
20860 20875 36
20873 20894 255
20892 20901 287
20921 20939 300
20935 20962 143
20945 20961 82
20965 20989 195
20977 20987 136
20984 21027 234
20996 21035 160
21005 21045 128
21032 21056 25
21038 21080 106
21046 21064 114
21056 21077 81
21064 21072 31
21065 21094 265
21067 21099 3
21076 21115 108
21105 21137 37
21106 21121 295
21115 21151 246
21126 21141 269
21151 21166 258
21165 21200 235
21176 21223 230
21201 21232 56
21210 21249 290
21229 21251 296
21233 21254 172
21245 21276 232
21256 21281 161
21281 21316 170
21282 21290 38
21289 21338 51
21293 21294 50
21296 21330 63
21326 21361 205
21338 21340 102
21341 21365 190
21371 21388 94
21378 21399 151
21395 21435 217
21410 21446 9
21422 21451 95
21450 21467 64
21465 21497 143
21485 21511 251
21511 21553 198
21515 21547 144
21543 21592 22
21551 21566 274
21564 21577 228
21588 21627 133
21596 21627 293
21598 21633 200
21622 21656 244
21641 21649 128
21649 21680 206
21671 21702 178
21677 21687 76
21697 21746 112
21724 21734 131
21749 21775 11
21762 21799 6
21782 21815 47
21784 21808 57
21799 21842 130
21812 21839 12
21827 21837 209
21837 21876 1
21853 21866 73
21878 21920 99
21887 21921 164
21909 21944 62
21930 21941 253
21954 21994 260
21979 22020 267
21991 22007 180
22016 22027 104
22018 22040 258
22024 22045 36
22045 22054 115
22053 22085 63
22064 22086 50
22071 22074 134
22097 22114 75
22122 22151 132
22134 22164 195
22146 22186 247
22154 22185 93
22171 22220 6
22185 22235 45
22187 22233 269
22199 22216 281
22226 22227 167
22252 22269 293
22278 22286 83
22291 22301 237
22294 22338 59
22302 22314 197
22312 22314 59
22313 22321 48
22329 22341 32
22352 22374 117
22358 22398 81
22373 22392 287
22382 22386 299
22388 22438 24
22412 22440 65
22438 22474 300
22468 22479 103
22487 22535 46
22514 22523 194
22541 22576 89
22566 22595 33
22567 22579 233
22591 22603 254
22614 22648 64
22621 22667 7
22641 22671 97
22661 22709 157
22682 22726 291
22704 22726 290
22717 22743 44
22724 22757 229
22743 22753 135
22766 22806 177
22791 22818 285
22791 22823 218
22820 22843 47
22832 22853 251
22838 22870 20
22844 22846 153
22848 22896 125
22873 22884 91
22890 22920 246
22920 22947 157
22942 22963 164
22948 22949 261
22971 22980 213
22971 22978 195
22974 23005 163
22985 23018 111
22988 23003 24
23001 23018 300
23012 23028 238
23021 23070 237
23032 23077 197
23043 23062 106
23061 23106 20
23064 23072 146
23067 23077 267
23081 23107 138
23094 23115 163
23113 23160 288
23127 23174 51
23136 23185 93
23145 23165 31
23152 23201 172
23170 23171 159
23180 23188 177
23209 23247 147
23229 23259 249
23241 23284 33
23246 23291 7
23258 23260 126
23280 23283 75
23280 23310 197
23296 23316 135
23314 23316 75
23332 23361 269
23350 23371 165
23357 23372 282
23360 23388 220
23369 23388 244
23388 23437 287
23402 23420 63
23409 23450 174
23413 23457 93
23432 23437 125
23452 23455 48
23468 23499 173
23481 23523 52
23493 23524 166
23505 23552 79
23534 23572 262
23556 23594 149
23577 23593 98
23586 23606 57
23602 23629 176
23626 23633 16
23636 23679 126
23656 23685 73
23658 23692 56
23664 23678 153
23685 23720 77
23686 23718 98
23696 23738 198
23724 23761 158
23751 23793 245
23764 23781 291
23769 23802 267
23770 23808 11
23798 23825 193
23810 23855 187
23820 23867 15
23821 23854 125
23850 23875 286
23879 23886 140
23900 23903 32
23911 23917 269
23917 23932 270
23924 23935 31
23944 23988 241
23951 23974 194
23956 23966 100
23967 23969 221
23974 24007 293
24003 24047 52
24017 24021 196
24028 24073 169
24034 24038 189
24058 24088 139
24065 24088 209
24078 24126 65
24090 24140 1
24104 24115 117
24118 24121 85
24144 24178 4
24147 24164 201
24171 24218 120
24183 24226 228
24200 24217 51
24217 24229 159
24239 24274 242
24266 24293 271
24283 24323 123
24294 24303 210
24319 24333 145
24327 24369 84
24331 24347 237
24360 24369 284
24385 24428 184
24397 24433 124
24426 24452 17
24443 24447 59
24445 24487 108
24445 24462 143
24460 24462 64
24488 24519 234
24494 24506 174
24495 24540 20
24508 24525 280
24521 24541 103
24525 24571 196
24548 24558 85
24555 24582 175
24557 24581 255
24560 24600 140
24579 24589 88
24583 24626 81
24600 24607 213
24608 24629 99
24614 24645 218
24622 24647 91
24640 24678 233
24647 24658 111
24673 24717 264
24679 24715 287
24686 24693 177
24705 24751 118
24726 24771 100
24731 24742 44
24736 24758 153
24763 24765 35
24792 24838 131
24797 24799 255
24819 24832 224
24822 24853 113
24844 24870 199
24866 24889 11
24874 24900 173
24886 24905 280
24911 24931 81
24928 24941 78
24944 24969 24
24964 24978 178
24975 24985 119
24991 25018 226
25005 25029 212
25005 25050 75
25031 25049 232
25041 25069 85
25045 25085 105
25045 25054 254
25062 25101 88
25072 25094 136
25081 25108 115
25082 25102 202
25084 25105 26
25092 25130 205
25121 25128 85
25133 25154 248
25140 25167 107
25144 25188 21
25171 25201 291
25184 25212 66
25195 25216 31
25215 25247 287
25243 25274 86
25252 25283 163
25257 25299 147
25275 25300 289
25287 25309 45
25316 25344 111
25329 25358 106
25331 25373 71
25339 25377 159
25356 25384 66
25384 25400 294
25389 25420 247
25390 25394 264
25394 25406 232
25401 25430 63
25409 25418 258
25415 25425 17
25435 25476 88
25453 25492 228
25477 25519 248
25477 25498 62
25494 25530 32
25495 25509 74
25500 25544 92
25502 25534 120
25512 25556 43
25541 25584 298
25567 25617 13
25569 25594 258
25586 25633 298
25586 25607 238
25612 25654 33
25632 25658 211
25644 25682 108
25649 25688 97
25659 25691 99
25687 25721 179
25717 25759 210
25744 25794 155
25751 25758 30
25757 25801 187
25770 25817 218
25782 25816 272
25807 25812 161
25827 25837 46
25832 25833 276
25845 25872 42
25845 25873 78
25867 25875 95
25897 25922 128
25906 25954 196
25910 25936 165
25930 25980 198
25948 25989 148
25978 26020 174
26001 26026 280
26027 26041 271
26049 26064 170
26071 26077 107
26096 26139 6
26125 26128 284
26147 26154 9
26153 26181 183
26156 26159 245
26162 26188 278
26167 26211 51
26195 26232 117
26220 26225 23
26230 26267 128
26239 26243 179
26243 26262 136
26268 26310 190
26298 26337 120
26326 26330 210
26341 26376 63
26353 26358 171
26368 26410 24
26395 26407 69
26403 26441 131
26423 26433 283
26424 26463 129
26454 26497 57
26483 26514 172
26504 26531 48
26516 26527 188
26535 26580 264
26550 26582 87
26565 26615 39
26570 26588 38
26598 26609 21
26617 26622 297
26643 26682 8
26669 26694 81
26674 26678 294
26702 26727 261
26707 26717 253
26713 26761 157
26723 26744 92
26751 26772 45
26754 26777 226
26764 26812 168
26786 26793 24
26810 26818 47
26829 26875 216
26834 26882 217
26855 26897 231
26873 26904 211
26879 26883 211
26906 26911 290
26920 26933 81
26933 26937 121
26937 26949 259
26957 26974 104
26968 26972 279
26971 26988 288
26999 27000 112
27019 27029 276
27033 27080 190
27055 27061 148
27058 27076 60
27084 27086 189
27090 27098 23
27100 27142 91
27108 27115 147
27132 27181 168
27160 27190 209
27163 27201 171
27181 27187 114
27205 27228 235
27206 27225 135
27226 27265 91
27256 27258 212
27282 27332 178
27285 27320 256
27300 27324 253
27301 27343 237
27322 27372 24
27348 27357 52
27376 27399 238
27383 27405 100
27393 27429 49
27421 27422 91
27449 27498 273
27474 27479 167
27485 27486 230
27511 27559 36
27512 27520 125
27517 27526 216
27539 27540 160
27567 27614 230
27587 27629 31
27609 27639 92
27636 27642 234
27649 27667 198
27670 27713 179
27694 27738 205
27716 27753 216
27727 27777 149
27750 27770 175
27772 27785 16
27787 27790 206
27792 27837 126
27797 27799 108
27823 27835 81
27837 27860 218
27851 27890 99
27853 27881 55
27859 27869 123
27885 27900 198
27896 27925 27
27922 27959 89
27940 27983 58
27945 27957 69
27966 27993 198
27983 28006 297
27990 28016 53
28013 28063 38
28039 28088 180
28055 28102 203
28061 28066 13
28084 28100 180
28098 28106 107
28102 28123 107
28120 28151 169
28139 28179 78
28169 28184 295
28192 28227 280
28200 28227 168
28205 28235 63
28227 28247 67
28229 28251 71
28236 28278 59
28240 28281 286
28257 28282 262
28270 28293 213
28279 28323 156
28304 28332 299
28320 28324 109
28339 28375 107
28364 28414 63
28379 28413 214
28393 28409 286
28394 28415 23
28418 28419 65
28436 28474 290
28438 28477 41
28448 28458 168
28473 28514 89
28499 28526 299
28523 28526 50
28529 28553 198
28548 28561 160
28553 28588 273
28579 28618 123
28583 28614 56
28613 28648 245
28626 28671 96
28637 28671 14
28657 28661 213
28681 28726 261
28701 28708 70
28713 28726 3
28723 28726 226
28732 28762 102
28743 28773 86
28757 28798 269
28779 28815 92
28789 28791 189
28799 28830 34
28801 28830 93
28823 28856 173
28843 28864 233
28846 28849 202
28876 28884 25
28906 28912 171
28910 28917 25
28920 28939 237
28940 28961 16
28951 28984 54
28975 28999 224
28997 29044 261
29023 29060 138
29030 29060 149
29030 29070 78
29045 29072 163
29065 29114 7
29075 29103 233
29098 29138 300
29100 29138 158
29124 29169 283
29124 29158 139
29151 29186 178
29175 29192 206
29175 29199 19
29196 29197 285
29211 29220 247
29211 29212 294
29225 29245 135
29225 29267 1
29239 29284 277
29244 29288 12
29245 29293 178
29248 29281 234
29255 29289 223
29268 29273 247
29282 29303 263
29310 29334 49
29317 29324 183
29327 29343 200
29348 29373 265
29372 29375 70
29393 29430 26
29413 29416 253
29419 29455 58
29427 29476 63
29453 29477 232
29483 29512 141
29511 29544 94
29540 29581 200
29543 29544 75
29548 29574 25
29578 29604 5
29581 29627 156
29597 29621 107
29621 29657 106
29647 29688 272
29671 29690 170
29681 29712 289
29689 29717 86
29703 29724 201
29715 29720 135
29733 29769 79
29735 29774 265
29763 29767 79
29793 29805 230
29814 29856 191
29820 29831 214
29822 29841 183
29832 29840 209
29844 29890 299
29853 29885 218
29877 29924 175
29882 29886 138
29910 29955 7
29932 29966 270
29961 29994 29
29965 30004 255
29987 30016 26
29999 30036 133
30028 30029 199
30051 30071 215
30076 30112 141
30093 30143 215
30122 30145 216
30132 30149 28
30133 30182 54
30158 30183 267
30161 30193 141
30167 30215 88
30181 30195 166
30196 30221 148
30220 30241 213
30229 30258 96
30246 30276 204
30264 30309 146
30271 30282 114
30289 30302 37
30292 30312 207
30296 30307 219
30303 30312 142
30318 30341 47
30323 30336 173
30340 30366 210
30343 30379 58
30359 30385 130
30383 30388 238
30403 30446 102
30409 30449 152
30439 30472 128
30463 30510 178
30469 30481 162
30482 30491 203
30500 30548 87
30500 30506 132
30525 30554 142
30552 30567 281
30581 30619 262
30591 30596 173
30610 30638 155
30614 30626 296
30643 30685 10
30672 30711 59
30695 30727 235
30705 30754 189
30732 30766 297
30744 30749 48
30768 30795 249
30770 30802 76
30780 30788 279
30790 30822 14
30794 30824 65
30794 30803 20
30816 30861 250
30826 30860 227
30836 30846 179
30863 30894 136
30887 30917 137
30888 30896 232
30900 30921 102
30923 30968 162
30947 30963 167
30959 31000 215
30969 30987 19
30993 31032 210
31014 31034 167
31029 31059 56
31056 31092 246
31076 31081 21
31105 31128 44
31111 31158 271
31137 31148 218
31137 31185 187
31141 31160 290
31145 31178 84
31175 31192 270
31187 31188 168
31190 31230 52
31204 31230 184
31207 31209 191
31231 31272 10
31251 31291 245
31278 31325 227
31279 31322 185
31301 31321 85
31329 31361 174
31340 31380 89
31358 31372 72
31373 31422 131
31376 31407 284
31390 31397 232
31413 31460 220
31442 31473 202
31446 31484 180
31451 31460 276
31452 31486 44
31460 31480 230
31471 31507 99
31486 31519 151
31514 31564 292
31517 31546 51
31521 31570 106
31522 31530 142
31551 31564 150
31554 31590 127
31578 31608 198
31601 31639 16
31627 31632 206
31633 31643 162
31651 31692 83
31657 31662 35
31672 31707 246
31676 31687 254
31679 31716 291
31681 31692 214
31696 31712 55
31698 31710 181
31703 31716 53
31723 31762 214
31727 31748 63
31732 31774 67
31745 31791 184
31766 31800 41
31781 31822 95
31804 31831 260
31825 31873 256
31846 31852 214
31871 31895 248
31884 31920 150
31913 31959 244
31915 31944 174
31926 31927 13
31942 31969 95
31968 31994 48
31984 32029 188
32000 32026 216
32028 32050 20
32036 32048 71
32048 32058 257
32066 32096 40
32073 32122 278
32086 32107 215
32109 32151 93
32126 32148 136
32152 32197 108
32153 32164 62
32154 32182 225
32155 32203 235
32156 32159 157
32176 32194 286
32199 32217 74
32201 32212 179
32227 32256 2
32235 32243 131
32255 32261 193
32276 32289 53
32286 32305 167
32303 32336 294
32328 32346 18
32356 32404 124
32382 32413 199
32400 32441 110
32402 32406 131
32432 32468 31
32451 32467 205
32475 32498 143
32476 32491 111
32484 32527 145
32488 32507 194
32490 32516 28
32508 32556 57
32531 32563 82
32539 32566 244
32557 32593 94
32574 32620 36
32585 32622 156
32590 32613 257
32602 32640 130
32619 32666 169
32621 32639 41
32649 32676 18
32660 32699 58
32681 32704 185
32710 32737 88
32723 32726 121
32749 32772 109
32771 32797 222
32799 32829 265
32820 32857 80
32834 32863 58
32836 32839 249
32852 32901 138
32878 32918 211
32903 32912 51
32923 32925 117
32945 32962 268
32946 32947 228
32973 32984 249
32993 33018 4
33007 33045 296
33014 33017 34
33031 33080 67
33044 33091 190
33064 33106 288
33079 33104 123
33101 33124 245
33104 33111 58
33116 33166 27
33144 33148 282
33160 33172 57
33178 33226 81
33188 33230 225
33213 33253 122
33239 33250 200
33267 33308 208
33296 33325 172
33298 33330 213
33311 33327 61
33319 33362 121
33320 33332 218
33349 33365 144
33352 33396 214
33371 33387 176
33390 33426 11
33415 33435 201
33424 33436 188
33430 33448 17
33450 33466 14
33461 33496 174
33466 33480 146
33496 33538 185
33510 33524 89
33533 33550 117
33534 33546 88
33534 33583 150
33539 33561 138
33544 33562 285
33559 33599 51
33569 33581 230
33575 33600 160
33584 33612 45
33601 33647 45
33603 33644 56
33622 33628 176
33631 33647 238
33634 33636 292
33655 33659 55
33668 33709 135
33694 33705 68
33722 33734 210
33733 33752 152
33757 33767 283
33771 33808 268
33785 33832 267
33799 33814 221
33822 33840 126
33851 33853 101
33869 33902 274
33895 33915 83
33896 33932 2
33898 33910 43
33899 33939 87
33922 33971 268
33937 33948 120
33944 33982 179
33960 33964 78
33985 34020 215
33997 34008 187
34022 34037 10
34034 34083 244
34057 34094 34
34059 34074 15
34068 34077 291
34068 34093 271
34089 34103 197
34118 34122 216
34127 34176 158
34139 34163 228
34154 34186 211
34182 34211 242
34187 34237 41
34188 34198 263
34210 34229 38
34233 34248 265
34259 34290 53
34284 34322 4
34310 34340 161
34332 34346 171
34343 34368 253
34355 34397 218
34363 34398 287
34384 34405 300
34384 34419 16
34395 34424 234
34405 34448 16
34432 34467 201
34448 34456 50
34464 34482 78
34470 34511 31
34492 34500 40
34501 34515 140
34511 34545 263
34525 34531 193
34527 34530 252
34528 34546 248
34532 34561 56
34533 34563 6
34556 34586 253
34564 34602 49
34584 34613 244
34591 34639 250
34613 34650 158
34625 34648 206
34626 34654 20
34637 34685 249
34644 34682 138
34651 34688 237
34660 34704 120
34676 34702 107
34701 34706 3
34726 34751 99
34743 34757 222
34745 34785 219
34775 34819 77
34803 34807 291
34820 34847 142
34839 34881 180
34861 34875 10
34880 34892 225
34896 34915 97
34916 34964 272
34936 34940 128
34961 35006 240
34977 35001 79
35003 35004 110
35013 35044 203
35037 35077 235
35062 35107 151
35072 35110 104
35098 35129 20
35109 35158 192
35135 35175 7
35139 35189 209
35167 35217 156
35182 35221 153
35212 35216 127
35235 35282 282
35240 35249 113
35251 35264 199
35260 35267 44
35283 35305 209
35296 35314 180
35297 35322 112
35298 35302 20
35327 35365 76
35349 35357 174
35378 35415 291
35396 35424 143
35413 35440 214
35442 35480 202
35442 35481 135
35450 35474 59
35480 35528 264
35500 35513 110
35511 35538 119
35537 35539 167
35540 35574 191
35541 35573 107
35566 35611 11
35594 35595 243
35622 35658 26
35622 35667 178
35632 35660 62
35662 35698 144
35686 35730 262
35696 35705 13
35700 35745 209
35702 35732 30
35732 35745 228
35760 35784 270
35781 35819 10
35798 35804 164
35809 35816 255
35810 35826 47
35814 35829 195
35843 35871 169
35859 35881 204
35889 35925 15
35913 35940 119
35924 35966 7
35949 35987 207
35965 35976 281
35987 36007 271
35993 35999 132
36003 36025 297
36011 36028 57
36028 36062 222
36044 36092 152
36044 36072 260
36059 36072 295
36084 36092 230
36111 36153 169
36125 36146 73
36132 36133 188
36157 36170 160
36178 36214 257
36178 36184 144
36188 36213 284
36212 36226 58
36216 36252 198
36228 36233 235
36228 36244 88
36236 36276 115
36243 36287 235
36263 36272 107
36282 36312 215
36294 36301 138
36302 36343 163
36314 36351 43
36334 36380 43
36342 36357 249
36362 36397 78
36377 36417 236
36384 36407 236
36410 36414 78
36419 36455 262
36439 36480 259
36448 36475 141
36477 36485 119
36503 36546 3
36503 36525 292
36528 36546 246
36536 36579 165
36540 36562 229
36554 36580 213
36577 36585 54
36584 36634 188
36611 36632 232
36617 36650 277
36639 36649 116
36662 36665 49
36668 36677 99
36689 36699 150
36704 36734 168
36724 36741 72
36727 36763 213
36734 36742 205
36756 36769 173
36764 36765 156
36782 36799 243
36802 36848 268
36817 36848 161
36825 36835 95
36829 36849 152
36846 36868 55
36856 36895 241
36870 36907 139
36876 36917 49
36899 36917 10
36917 36952 108
36921 36966 56
36948 36963 215
36950 36969 205
36950 36975 206
36977 36982 243
36980 36995 93
36992 37020 103
37003 37024 155
37033 37075 238
37054 37070 169
37065 37101 63
37079 37105 181
37103 37131 76
37116 37159 11
37120 37152 109
37121 37170 136
37133 37174 148
37143 37177 202
37143 37179 288
37149 37183 161
37166 37198 128
37176 37217 292
37193 37206 23
37216 37243 158
37240 37247 232
37259 37277 120
37280 37310 258
37283 37296 73
37296 37329 42
37318 37322 105
37323 37333 190
37323 37363 279
37323 37360 74
37324 37331 87
37346 37352 275
37362 37395 30
37371 37387 260
37390 37402 289
37414 37441 288
37426 37439 97
37452 37454 161
37477 37494 40
37497 37517 200
37511 37532 115
37511 37525 297
37526 37537 127
37538 37559 91
37550 37580 260
37579 37601 285
37592 37610 81
37601 37617 254
37620 37631 258
37640 37681 291
37652 37682 28
37676 37704 290
37699 37700 134
37707 37730 218
37728 37777 12
37746 37763 297
37769 37790 287
37775 37790 199
37793 37801 25
37821 37846 79
37835 37855 255
37837 37856 29
37844 37875 298
37845 37853 118
37846 37865 278
37865 37899 168
37874 37894 84
37884 37923 33
37908 37939 202
37920 37958 232
37935 37947 119
37950 37977 164
37955 38005 93
37964 37987 102
37972 38008 157
37995 38005 50
38000 38031 259
38005 38009 106
38010 38018 32
38035 38080 17
38058 38087 173
38073 38100 290
38091 38112 271
38111 38136 69
38120 38125 86
38142 38188 37
38154 38174 163
38171 38191 36
38179 38206 202
38195 38209 133
38219 38244 60
38231 38273 251
38253 38286 125
38253 38294 56
38257 38281 1
38260 38301 71
38267 38286 149
38270 38296 139
38287 38293 50
38311 38324 240
38329 38330 250
38353 38395 200
38380 38395 6
38399 38411 295
38410 38454 13
38424 38442 261
38427 38454 92
38452 38457 169
38460 38503 272
38477 38517 67
38500 38501 204
38503 38531 62
38514 38542 155
38515 38564 53
38534 38563 45
38554 38585 222
38562 38591 26
38575 38609 83
38587 38604 257
38591 38634 252
38597 38612 263
38614 38653 201
38637 38682 157
38638 38650 175
38639 38681 107
38645 38675 16
38656 38685 247
38667 38698 175
38696 38728 261
38711 38715 45
38720 38734 194
38739 38787 186
38752 38753 122
38780 38814 173
38807 38851 299
38832 38857 155
38861 38875 40
38891 38923 232
38892 38923 290
38897 38904 298
38910 38915 220
38910 38927 104
38917 38928 300
38941 38971 68
38956 38987 147
38976 38980 50
38984 39020 251
38991 39007 118
39014 39035 190
39037 39082 170
39059 39080 254
39075 39079 271
39089 39103 253
39107 39114 151
39117 39138 155
39127 39169 159
39134 39151 189
39151 39194 96
39158 39167 158
39158 39197 176
39183 39229 143
39194 39205 285
39200 39234 71
39204 39242 181
39223 39238 184
39227 39246 143
39237 39238 281
39238 39263 236
39253 39274 147
39255 39270 141
39274 39315 157
39303 39311 270
39306 39309 5
39317 39323 191
39328 39363 109
39346 39357 230
39359 39389 233
39366 39381 111
39390 39424 199
39406 39443 230
39435 39456 139
39438 39480 112
39465 39478 158
39482 39513 157
39490 39534 236
39502 39547 25
39523 39539 255
39546 39584 52
39568 39585 285
39583 39620 220
39606 39615 104
39627 39647 147
39639 39689 7
39664 39713 194
39674 39677 289
39683 39724 189
39703 39724 198
39715 39752 135
39736 39785 136
39745 39768 115
39757 39788 53
39770 39783 123
39778 39791 238
39802 39850 254
39821 39829 27
39835 39842 28
39855 39891 153
39880 39903 255
39900 39918 165
39900 39926 83
39912 39926 194
39923 39941 274
39952 39956 21
39960 40008 237
39971 39976 133
39994 40032 52
39996 40024 111
40017 40034 48
40020 40044 229
40028 40033 298
40039 40058 117
40042 40077 242
40049 40064 112
40068 40071 76
40079 40127 14
40086 40119 192
40087 40088 52
40117 40140 275
40123 40173 143
40149 40199 197
40179 40216 210
40179 40191 38
40207 40227 84
40223 40247 15
40230 40270 242
40234 40236 130
40258 40263 112
40274 40308 79
40292 40297 184
40299 40336 9
40310 40312 54
40327 40336 1
40341 40351 90
40363 40368 69
40373 40397 13
40381 40391 4
40393 40414 241
40411 40435 215
40421 40445 171
40424 40438 56
40447 40484 165
40461 40495 46
40478 40504 62
40488 40500 138
40512 40532 229
40541 40551 48
40568 40569 144
40577 40586 190
40581 40627 126
40600 40647 77
40605 40648 35
40606 40607 58
40625 40642 193
40631 40638 168
40659 40669 176
40679 40683 168
40682 40723 279
40710 40714 193
40716 40723 223
40733 40777 211
40740 40786 20
40754 40788 39
40776 40799 7
40795 40807 258
40808 40849 183
40814 40839 56
40829 40844 190
40840 40865 64
40846 40859 73
40874 40890 156
40877 40896 147
40887 40896 191
40912 40953 291
40913 40954 280
40931 40952 26
40957 40994 221
40981 40984 105
41008 41052 2
41008 41009 102
41037 41041 270
41064 41076 12
41080 41130 293
41081 41124 202
41089 41095 47
41097 41113 22
41119 41161 193
41128 41171 132
41135 41157 41
41143 41181 49
41152 41153 289
41174 41200 229
41180 41195 60
41200 41219 176
41224 41234 140
41227 41228 83
41234 41255 252
41255 41292 64
41262 41297 231
41277 41296 274
41291 41318 274
41292 41328 138
41319 41328 77
41327 41374 5
41350 41384 178
41353 41354 22
41355 41356 204
41367 41406 243
41379 41402 100
41397 41424 161
41419 41441 284
41433 41458 66
41457 41463 71
41459 41494 98
41469 41500 88
41496 41545 286
41498 41511 158
41507 41529 191
41528 41546 18
41553 41565 223
41567 41569 201
41572 41620 175
41593 41615 69
41623 41670 225
41646 41675 264
41676 41701 100
41705 41731 103
41721 41724 57
41747 41761 3
41769 41782 25
41796 41818 272
41796 41806 100
41799 41804 258
41817 41829 95
41822 41860 134
41834 41852 67
41856 41859 49
41878 41896 161
41885 41896 20
41912 41914 210
41917 41966 251
41944 41955 26
41970 41976 249
41977 41988 224
41995 42012 168
42007 42020 198
42037 42074 78
42049 42094 29
42059 42091 77
42082 42108 31
42108 42143 7
42131 42139 193
42150 42194 3
42174 42202 131
42191 42216 56
42191 42214 63
42191 42211 290
42220 42244 22
42238 42279 56
42241 42282 130
42256 42270 225
42259 42278 236
42259 42291 156
42289 42291 157
42295 42317 275
42305 42351 287
42325 42374 104
42331 42374 172
42349 42394 210
42354 42367 183
42381 42412 298
42388 42402 109
42400 42438 97
42412 42442 271
42429 42469 46
42459 42499 251
42478 42527 282
42498 42506 277
42526 42562 117
42531 42545 264
42549 42576 38
42570 42591 264
42591 42625 294
42620 42645 112
42620 42641 240
42633 42669 228
42659 42683 76
42674 42688 172
42703 42739 280
42715 42730 166
42728 42750 109
42753 42773 99
42782 42804 255
42799 42820 58
42807 42842 82
42814 42822 4
42830 42855 69
42857 42888 235
42862 42886 75
42885 42915 64
42899 42921 45
42924 42937 184
42952 42968 255
42976 43022 145
42984 43010 296
43005 43051 235
43013 43030 170
43029 43072 126
43033 43073 198
43044 43051 177
43064 43072 5
43093 43116 140
43114 43141 38
43144 43169 14
43163 43211 105
43176 43182 35
43179 43205 111
43189 43204 135
43218 43266 201
43232 43243 70
43233 43241 143
43260 43278 90
43262 43278 232
43286 43310 86
43312 43321 198
43324 43338 97
43346 43376 232
43358 43378 102
43364 43393 53
43379 43392 92
43380 43390 265
43387 43420 57
43400 43401 294
43407 43440 240
43407 43408 194
43417 43421 177
43440 43466 280
43469 43503 114
43493 43505 178
43504 43512 138
43517 43531 192
43540 43570 111
43561 43600 204
43572 43612 250
43581 43612 280
43598 43609 160
43602 43629 297
43618 43628 223
43631 43641 232
43638 43641 298
43655 43698 215
43674 43678 64
43683 43705 129
43695 43736 158
43709 43732 197
43732 43779 131
43759 43803 130
43770 43773 258
43771 43806 87
43771 43777 90
43775 43803 111
43789 43822 152
43794 43824 219
43815 43841 146
43844 43890 29
43845 43871 92
43860 43862 141
43887 43898 242
43913 43921 45
43924 43965 133
43943 43973 15
43961 43983 77
43980 44004 257
43997 44038 262
44026 44052 27
44026 44029 258
44049 44063 28
44054 44080 91
44067 44095 231
44069 44099 229
44098 44147 232
44118 44164 255
44127 44135 232
44141 44167 218
44160 44169 219
44160 44182 185
44184 44223 210
44202 44239 289
44225 44236 35
44231 44277 132
44232 44270 110
44255 44291 209
44260 44300 246
44285 44296 2
44299 44345 181
44325 44331 152
44326 44335 227
44326 44366 100
44347 44397 121
44354 44364 234
44373 44377 52
44392 44441 45
44401 44437 242
44412 44413 176
44422 44431 142
44445 44483 170
44447 44456 16
44472 44515 21
44484 44498 213
44492 44537 182
44509 44531 232
44517 44552 260
44523 44539 4
44549 44595 157
44551 44576 76
44554 44575 30
44559 44601 120
44589 44609 266
44594 44635 203
44616 44630 218
44639 44688 188
44666 44678 84
44676 44677 167
44681 44694 97
44694 44715 240
44710 44720 200
44735 44777 165
44765 44784 89
44775 44812 69
44776 44806 162
44777 44789 294
44780 44796 137
44807 44811 168
44837 44848 194
44844 44888 294
44865 44911 128
44885 44921 103
44914 44936 270
44933 44964 66
44940 44978 216
44958 44973 272
44984 45026 221
44988 45026 119
44997 45020 168
45012 45039 101
45036 45060 10
45045 45059 208
45065 45104 294
45091 45115 16
45101 45140 84
45124 45126 289
45139 45159 123
45165 45194 184
45187 45197 136
45216 45263 271
45241 45275 196
45244 45273 94
45261 45293 157
45265 45309 177
45287 45315 35
45308 45329 150
45329 45333 133
45337 45351 59
45365 45394 146
45386 45426 267
45392 45402 56
45408 45413 92
45418 45426 14
45425 45431 156
45454 45461 275
45455 45474 23
45472 45510 46
45490 45514 38
45501 45510 243
45531 45545 107
45538 45586 148
45566 45574 173
45588 45631 284
45595 45610 88
45617 45636 111
45644 45681 118
45645 45658 25
45667 45701 289
45686 45692 147
45695 45710 18
45715 45745 133
45736 45751 115
45765 45782 67
45794 45843 258
45801 45814 196
45810 45847 191
45813 45850 104
45816 45838 233
45834 45838 5
45841 45851 133
45859 45871 272
45863 45881 56
45872 45892 224
45887 45927 279
45916 45920 192
45922 45941 186
45939 45971 212
45952 45980 293
45955 45965 248
45985 46020 67
46014 46023 131
46036 46067 108
46043 46055 278
46067 46076 17
46067 46114 284
46086 46105 165
46111 46116 138
46132 46180 119
46150 46156 87
46179 46199 153
46179 46219 152
46184 46198 138
46195 46245 20
46206 46216 83
46225 46237 209
46250 46267 104
46255 46257 132
46271 46308 81
46282 46317 225
46291 46315 125
46316 46348 208
46339 46376 69
46357 46397 123
46368 46406 180
46385 46404 142
46398 46401 4
46414 46459 56
46435 46478 43
46464 46510 52
46468 46487 57
46489 46512 174
46505 46519 271
46514 46526 108
46534 46578 136
46546 46583 285
46563 46601 231
46574 46599 47
46597 46605 168
46599 46632 120
46627 46668 65
46629 46633 155
46636 46638 73
46637 46685 6
46637 46653 240
46659 46675 100
46669 46713 133
46691 46726 206
46717 46763 82
46731 46744 38
46731 46734 84
46759 46774 69
46771 46799 221
46797 46826 248
46813 46859 250
46814 46831 202
46837 46856 137
46859 46866 81
46889 46901 173
46903 46951 179
46929 46948 235
46932 46940 149
46953 46999 212
46966 46992 232
46990 47024 100
47016 47043 210
47034 47074 230
47058 47088 1
47071 47103 295
47087 47104 105
47117 47159 18
47140 47151 151
47148 47198 30
47160 47198 275
47167 47186 232
47188 47221 232
47205 47224 184
47235 47266 198
47242 47248 23
47266 47309 284
47296 47319 167
47316 47363 272
47343 47374 91
47364 47370 209
47383 47431 202
47385 47419 146
47387 47408 70
47407 47409 77
47425 47433 172
47428 47478 183
47445 47479 47
47454 47458 109
47482 47491 9
47498 47536 40
47528 47565 69
47549 47566 64
47553 47581 178
47573 47617 283
47579 47602 242
47594 47628 168
47618 47639 287
47628 47634 148
47655 47690 33
47681 47726 194
47698 47729 112
47728 47759 116
47753 47802 117
47758 47802 78
47760 47788 58
47775 47783 154
47800 47846 254
47814 47844 259
47829 47854 220
47852 47884 291
47865 47875 77
47892 47900 213
47905 47931 9
47919 47957 184
47940 47955 182
47944 47972 246
47951 47999 115
47964 47966 34
47979 47995 149
47987 48027 227
47992 48029 299
47993 48024 125
48019 48031 55
48042 48043 211
48051 48085 68
48075 48095 143
48080 48121 152
48098 48113 47
48101 48108 138
48121 48164 256
48128 48145 11
48141 48181 299
48169 48199 35
48184 48210 87
48188 48229 100
48189 48202 157
48206 48246 207
48228 48244 47
48237 48259 160
48258 48279 161
48258 48306 210
48278 48311 140
48286 48319 214
48290 48313 213
48296 48344 46
48318 48366 91
48320 48366 192
48345 48395 249
48349 48389 25
48377 48403 170
48390 48403 228
48413 48454 219
48440 48445 261
48462 48481 268
48468 48509 235
48475 48519 153
48489 48524 192
48492 48501 37
48506 48531 112
48520 48564 118
48526 48567 17
48537 48568 21
48544 48587 237
48566 48569 39
48591 48614 116
48596 48632 262
48599 48639 172
48605 48613 102
48615 48642 273
48645 48661 245
48666 48716 81
48677 48719 214
48700 48728 149
48704 48711 213
48714 48759 77
48735 48740 224
48757 48791 56
48766 48777 242
48771 48777 221
48782 48803 11
48784 48814 270
48806 48842 99
48817 48857 147
48830 48867 131
48840 48870 175
48859 48898 47
48883 48895 105
48902 48945 262
48923 48973 51
48946 48951 92
48961 48991 2
48971 48978 270
48981 48999 84
49006 49046 251
49017 49032 96
49027 49049 171
49032 49044 293
49055 49088 284
49065 49113 206
49075 49111 91
49089 49090 6
49113 49115 86
49139 49171 175
49169 49218 102
49185 49229 11
49209 49217 217
49223 49237 55
49246 49253 268
49247 49266 294
49270 49303 46
49284 49315 131
49311 49345 173
49321 49348 52
49337 49354 56
49363 49366 45
49365 49386 247
49386 49435 170
49398 49406 102
49416 49462 84
49438 49460 3
49459 49481 200
49484 49507 233
49509 49549 295
49514 49541 148
49515 49524 248
49521 49556 289
49551 49569 125
49562 49601 80
49563 49583 294
49580 49606 80
49590 49631 287
49603 49623 198
49619 49651 255
49627 49640 37
49629 49638 58
49645 49688 179
49659 49680 34
49670 49711 142
49686 49728 49
49709 49724 5
49721 49725 46
49746 49781 77
49774 49781 13
49782 49784 258
49787 49837 203
49811 49828 215
49828 49872 95
49849 49852 268
49861 49879 206
49879 49915 50
49883 49916 1
49900 49920 299
49913 49926 238
49937 49940 212
49959 49986 10
49970 49979 135
49998 50016 54
50028 50033 124
50046 50067 226
50070 50099 271
50086 50105 79
50098 50118 240
50112 50145 36
50122 50165 261
50150 50168 45
50160 50169 231
50188 50209 74
50189 50197 151
50200 50208 87
50207 50237 290
50207 50251 283
50214 50254 293
50240 50284 200
50261 50309 257
50288 50321 265
50312 50335 41
50316 50319 285
50316 50338 35
50328 50331 169
50330 50362 267
50341 50345 280
50353 50373 31
50368 50400 139
50378 50399 66
50385 50395 88
50386 50426 190
50409 50444 74
50419 50456 281
50447 50458 265
50469 50486 59
50492 50505 64
50520 50530 230
50528 50574 132
50543 50568 166
50551 50552 180
50580 50614 213
50590 50606 187
50611 50620 116
50613 50628 178
50627 50676 213
50635 50647 239
50651 50678 88
50681 50712 54
50685 50721 145
50706 50719 233
50731 50752 50
50754 50793 11
50772 50799 250
50784 50788 182
50814 50831 287
50830 50877 221
50855 50865 137
50876 50905 29
50880 50889 157
50892 50928 254
50916 50922 52
50917 50924 96
50917 50952 264
50923 50961 101
50930 50941 250
50960 51002 42
50978 50991 194
51007 51013 1
51027 51053 158
51057 51106 202
51069 51080 162
51091 51122 27
51107 51155 82
51108 51129 23
51127 51173 64
51142 51171 26
51161 51179 110
51167 51184 117
51190 51219 101
51200 51244 208
51220 51222 5
51226 51238 11
51253 51286 16
51281 51325 169
51285 51320 268
51312 51357 188
51327 51375 215
51339 51345 206
51349 51361 120
51355 51365 221
51384 51390 211
51388 51398 209
51404 51407 156
51405 51455 153
51416 51464 102
51423 51428 122
51438 51441 8
51446 51485 110
51472 51489 134
51486 51500 31
51506 51542 124
51513 51548 299
51543 51557 147
51554 51556 73
51572 51580 112
51589 51603 279
51599 51632 61
51620 51642 233
51643 51671 128
51659 51696 151
51677 51693 60
51698 51741 187
51716 51763 169
51725 51732 110
51735 51782 111
51743 51763 186
51757 51769 199
51776 51781 270
51788 51798 97
51797 51799 266
51822 51834 151
51825 51841 265
51852 51888 46
51853 51875 98
51858 51863 144
51885 51912 132
51912 51924 233
51918 51957 230
51941 51979 5
51941 51963 203
51971 51973 132
51998 52044 71
52022 52066 134
52030 52077 292
52036 52080 111
52039 52059 88
52066 52071 58
52070 52106 261
52096 52113 117
52101 52139 111
52115 52121 239
52139 52175 247
52148 52186 189
52177 52183 222
52190 52231 157
52194 52199 127
52204 52250 106
52227 52241 188
52238 52285 56
52248 52297 262
52261 52283 244
52278 52288 235
52290 52332 129
52310 52335 172
52335 52367 156
52355 52357 276
52368 52395 175
52380 52415 64
52389 52393 118
52396 52436 136
52404 52432 140
52429 52433 290
52454 52499 254
52470 52504 267
52492 52501 90
52510 52531 115
52539 52561 71
52560 52608 70
52565 52569 222
52590 52625 77
52614 52627 96
52633 52680 205
52651 52656 231
52680 52684 156
52702 52711 293
52712 52749 178
52732 52736 237
52762 52783 111
52787 52802 147
52811 52849 4
52817 52851 72
52820 52821 38
52835 52877 207
52860 52861 131
52881 52893 239
52899 52939 103
52926 52927 228
52930 52940 280
52945 52988 280
52970 52975 218
52999 53002 115
53011 53053 230
53026 53071 113
53046 53053 271
53064 53072 172
53069 53106 198
53079 53110 224
53103 53115 77
53104 53109 229
53118 53146 294
53138 53172 178
53160 53204 274
53162 53168 212
53184 53230 230
53209 53213 109
53218 53226 48
53237 53264 130
53262 53280 54
53278 53285 21
53293 53302 173
53297 53337 257
53306 53338 139
53316 53339 200
53325 53327 202
53340 53384 37
53365 53393 261
53392 53394 291
53413 53446 118
53430 53475 105
53444 53451 238
53448 53452 239
53478 53483 189
53493 53540 246
53520 53549 68
53537 53540 280
53553 53561 259
53555 53563 277
53571 53591 151
53572 53584 66
53600 53646 126
53618 53652 110
53637 53653 272
53649 53653 202
53665 53712 185
53680 53726 228
53707 53744 124
53726 53728 187
53754 53770 152
53775 53778 74
53785 53804 179
53789 53816 32
53801 53841 168
53813 53847 102
53843 53891 76
53861 53865 142
53868 53873 94
53879 53926 279
53906 53936 100
53906 53907 237
53920 53948 136
53925 53968 161
53936 53942 130
53956 53985 294
53976 54016 115
53977 53986 23
53985 53999 188
53987 54035 119
54011 54048 251
54037 54040 110
54044 54090 12
54070 54110 183
54094 54125 136
54116 54158 45
54118 54137 20
54134 54173 183
54150 54181 127
54156 54185 197
54176 54210 205
54188 54207 9
54205 54226 159
54230 54265 165
54238 54241 199
54260 54289 99
54276 54296 14
54280 54314 202
54292 54296 190
54305 54344 151
54323 54324 29
54336 54370 1
54340 54372 24
54344 54368 157
54359 54377 85
54363 54393 214
54383 54394 272
54405 54407 80
54417 54441 152
54421 54467 183
54425 54442 176
54431 54433 254
54434 54477 94
54444 54455 31
54466 54505 122
54480 54511 292
54501 54549 235
54524 54550 267
54550 54570 300
54575 54616 63
54590 54629 184
54594 54598 206
54622 54659 229
54622 54642 243
54639 54659 288
54640 54679 39
54649 54688 128
54658 54691 137
54677 54702 264
54681 54700 206
54692 54704 4
54697 54702 238
54727 54743 20
54744 54783 294
54750 54797 28
54760 54788 74
54786 54815 10
54810 54824 176
54840 54872 15
54843 54888 229
54870 54919 196
54879 54921 16
54904 54922 94
54904 54918 185
54923 54942 101
54930 54942 1
54955 54986 219
54966 54968 223
54972 54985 222
54990 54993 269
55000 55026 285
55013 55061 245
55039 55064 71
55058 55076 49
55062 55071 26
55078 55085 221
55079 55082 291
55103 55145 163
55130 55143 91
55140 55184 46
55142 55161 223
55155 55193 266
55169 55206 79
55195 55219 275
55215 55235 2
55215 55243 89
55241 55266 222
55256 55290 228
55274 55323 41
55289 55309 285
55292 55316 171
55308 55346 221
55314 55346 155
55317 55348 273
55333 55339 261
55357 55390 103
55375 55403 48
55401 55447 271
55429 55461 86
55449 55475 249
55453 55468 83
55463 55488 139
55485 55519 225
55498 55547 279
55516 55551 9
55526 55548 18
55532 55560 189
55555 55583 86
55566 55570 15
55568 55613 209
55570 55615 281
55571 55600 78
55597 55609 122
55621 55639 17
55631 55675 117
55647 55684 55
55657 55677 250
55687 55711 77
55701 55730 171
55717 55730 62
55738 55756 13
55749 55762 60
55779 55805 300
55791 55797 91
55795 55799 223
55805 55811 256
55809 55846 159
55819 55868 144
55819 55852 89
55835 55838 275
55841 55883 71
55862 55884 187
55886 55930 82
55891 55904 32
55904 55925 52
55917 55955 291
55946 55994 20
55958 55983 16
55960 55968 288
55964 55967 11
55989 55996 165
56015 56035 292
56029 56052 225
56039 56047 147
56044 56053 263
56073 56088 65
56103 56111 172
56126 56127 197
56154 56177 13
56174 56180 67
56177 56213 27
56197 56226 79
56220 56255 137
56221 56265 56
56231 56278 276
56239 56243 103
56245 56270 106
56252 56288 73
56274 56303 105
56295 56328 16
56312 56314 217
56334 56382 91
56359 56377 264
56374 56378 159
56382 56419 233
56403 56443 154
56414 56424 287
56430 56437 102
56443 56455 209
56473 56477 136
56481 56488 264
56511 56514 168
56516 56532 107
56516 56562 107
56517 56530 173
56537 56575 140
56555 56583 194
56582 56583 124
56585 56633 10
56595 56636 6
56614 56620 225
56633 56639 121
56655 56694 269
56683 56705 57
56688 56723 27
56716 56717 97
56724 56741 97
56738 56751 126
56761 56774 105
56780 56793 148
56780 56789 224
56783 56795 21
56792 56842 31
56809 56856 235
56833 56858 36
56845 56882 235
56851 56868 281
56869 56912 47
56894 56939 156
56898 56900 172
56927 56929 263
56934 56958 90
56949 56981 111
56971 57001 199
56976 56991 70
57004 57040 129
57013 57057 197
57024 57074 34
57053 57069 181
57070 57115 229
57071 57090 173
57076 57125 246
57098 57100 129
57124 57151 142
57146 57165 226
57173 57215 69
57190 57217 286
57218 57235 125
57240 57269 117
57250 57273 4
57251 57256 142
57252 57289 52
57263 57270 63
57290 57335 159
57313 57357 101
57328 57356 259
57329 57378 72
57357 57405 89
57371 57411 213
57382 57388 67
57404 57431 203
57433 57449 158
57440 57468 180
57457 57466 149
57480 57526 140
57490 57519 106
57497 57524 199
57506 57535 296
57510 57537 116
57539 57547 210
57551 57587 235
57572 57595 174
57590 57602 178
57613 57614 103
57619 57652 226
57626 57658 28
57643 57672 176
57669 57703 59
57696 57744 264
57713 57715 48
57733 57765 75
57742 57771 121
57763 57806 135
57774 57810 111
57783 57798 254
57804 57829 69
57805 57844 198
57812 57833 284
57835 57851 92
57844 57871 297
57855 57880 2
57862 57910 30
57879 57883 43
57883 57892 46
57903 57933 200
57906 57935 213
57916 57940 104
57941 57948 152
57970 57997 223
57989 58004 130
57995 58025 99
57997 58012 258
58026 58033 79
58034 58043 149
58056 58078 26
58080 58099 175
58088 58128 116
58110 58119 231
58124 58170 233
58147 58160 222
58165 58171 35
58186 58233 44
58197 58215 35
58203 58225 236
58224 58250 148
58233 58246 174
58253 58287 130
58275 58305 180
58295 58317 251
58315 58332 184
58317 58320 22
58337 58358 276
58364 58396 247
58369 58404 26
58379 58405 215
58409 58411 51
58417 58460 64
58420 58462 53
58450 58494 7
58472 58473 293
58474 58490 37
58489 58509 295
58496 58534 32
58523 58539 273
58539 58551 32
58562 58576 210
58562 58588 51
58574 58584 243
58601 58607 279
58606 58637 41
58619 58629 225
58636 58643 52
58637 58642 251
58639 58677 185
58649 58697 90
58660 58683 167
58673 58687 84
58694 58712 33
58716 58747 255
58723 58762 218
58738 58788 167
58743 58745 173
58744 58764 172
58752 58756 132
58759 58799 158
58772 58808 28
58794 58837 104
58810 58816 40
58811 58816 100
58833 58878 147
58845 58870 83
58868 58880 153
58868 58899 238
58877 58900 20
58891 58904 154
58910 58951 252
58919 58963 200
58923 58940 32
58924 58931 148
58936 58967 72
58951 58991 157
58951 58954 53
58975 58976 143
58997 59044 296
59001 59039 80
59013 59057 247
59013 59044 32
59028 59053 132
59057 59102 133
59058 59101 83
59064 59096 185
59081 59114 164
59099 59106 65
59111 59135 201
59121 59140 20
59145 59168 78
59147 59192 236
59176 59226 52
59193 59225 226
59196 59240 64
59222 59224 293
59242 59251 13
59268 59273 52
59291 59322 282
59296 59301 142
59296 59319 157
59299 59315 136
59307 59341 13
59328 59345 109
59328 59339 112
59351 59367 93
59361 59365 94
59385 59418 240
59399 59436 136
59399 59433 174
59412 59440 201
59421 59442 45
59448 59449 148
59475 59476 125
59488 59534 241
59503 59512 235
59524 59567 102
59544 59590 211
59554 59560 6
59568 59608 172
59588 59599 95
59593 59600 211
59593 59630 200
59618 59644 121
59631 59647 291
59637 59666 256
59651 59682 121
59667 59715 184
59693 59716 73
59699 59717 221
59718 59723 286
59747 59763 173
59754 59778 105
59778 59786 239
59784 59830 291
59805 59834 97
59822 59858 287
59852 59886 7
59855 59867 10
59884 59895 265
59906 59918 196
59909 59934 23
59936 59940 244
59956 59983 111
59977 59991 35
60000 60015 64
60011 60014 156
60035 60042 244
60053 60088 101
60061 60100 236
60074 60077 206
60102 60131 286
60127 60132 201
60146 60165 241
60165 60187 220
60182 60225 282
60206 60256 296
60216 60257 13
60224 60244 133
60229 60257 67
60249 60289 242
60279 60328 271
60287 60330 30
60292 60342 275
60309 60327 129
60333 60353 234
60354 60404 99
60382 60411 240
60400 60442 291
60421 60454 179
60439 60482 133
60449 60460 111
60450 60466 155
60457 60482 217
60485 60511 289
60498 60509 132
60528 60561 244
60550 60596 288
60554 60558 206
60568 60610 280
60590 60629 35
60604 60616 127
60634 60649 49
60661 60672 216
60666 60708 1
60691 60693 21
60714 60741 64
60728 60732 158
60756 60766 153
60765 60789 140
60792 60834 96
60817 60866 127
60832 60849 20
60833 60843 33
60860 60882 271
60883 60902 139
60889 60914 194
60909 60920 28
60909 60948 132
60921 60954 19
60949 60998 122
60978 61018 115
61000 61021 27
61003 61021 280
61021 61026 166
61037 61040 239
61055 61078 252
61074 61089 28
61101 61148 186
61110 61151 247
61120 61149 218
61130 61158 224
61141 61175 157
61149 61162 255
61151 61174 204
61179 61182 71
61179 61203 131
61181 61191 185
61199 61234 103
61201 61209 109
61219 61229 19
61240 61290 198
61268 61297 15
61282 61306 293
61312 61348 29
61338 61340 148
61367 61391 21
61384 61430 237
61405 61449 139
61431 61470 182
61448 61460 108
61460 61492 298
61475 61514 172
61488 61519 221
61512 61534 77
61520 61563 229
61523 61524 145
61541 61573 239
61554 61572 299
61570 61602 207
61581 61631 129
61604 61650 97
61624 61650 100
61650 61669 164
61653 61699 292
61675 61723 54
61690 61729 195
61712 61762 165
61720 61756 25
61746 61783 152
61771 61772 47
61801 61836 71
61813 61837 42
61826 61846 281
61848 61880 227
61863 61904 140
61874 61903 271
61876 61890 175
61901 61949 20
61904 61934 94
61919 61969 293
61925 61955 33
61927 61953 205
61942 61982 47
61955 61960 58
61985 62023 110
62004 62005 107
62027 62052 100
62030 62059 28
62056 62059 246
62068 62101 196
62077 62127 199
62084 62118 151
62113 62161 7
62139 62187 285
62141 62152 35
62142 62148 268
62159 62196 29
62172 62189 54
62201 62234 243
62210 62246 241
62239 62266 7
62243 62263 127
62265 62303 199
62273 62321 74
62273 62274 108
62303 62307 246
62325 62368 19
62342 62367 173
62364 62388 208
62384 62431 157
62412 62456 33
62426 62455 257
62426 62457 53
62452 62502 248
62462 62497 25
62484 62517 257
62491 62531 40
62500 62516 112
62509 62555 217
62539 62541 226
62557 62600 268
62559 62602 259
62574 62613 178
62587 62590 203
62605 62645 160
62615 62648 277
62643 62649 117
62646 62670 286
62651 62691 47
62669 62691 212
62679 62704 18
62707 62730 235
62714 62737 197
62743 62793 170
62766 62793 219
62790 62810 75
62808 62818 143
62837 62848 203
62848 62853 258
62851 62871 56
62868 62903 20
62886 62914 43
62904 62954 208
62907 62931 195
62907 62924 29
62915 62929 228
62916 62928 294
62945 62974 132
62946 62971 31
62948 62986 12
62951 62971 20
62959 62976 103
62972 62989 159
62985 63010 150
62999 63032 8
63016 63023 197
63032 63059 126
63062 63083 264
63080 63100 105
63083 63096 86
63094 63097 237
63112 63126 28
63117 63149 290
63143 63154 179
63167 63214 132
63168 63203 66
63183 63201 192
63200 63235 111
63211 63249 121
63224 63226 284
63232 63250 21
63256 63287 236
63269 63286 285
63276 63302 114
63305 63325 230
63323 63336 99
63325 63339 224
63338 63346 252
63346 63359 245
63371 63396 125
63398 63407 266
63406 63411 47
63421 63423 41
63436 63460 33
63455 63473 149
63474 63502 174
63476 63525 13
63487 63499 147
63501 63534 51
63506 63523 124
63536 63560 161
63561 63565 120
63583 63627 18
63588 63623 30
63616 63644 152
63634 63645 230
63641 63658 39
63659 63676 115
63687 63731 27
63701 63724 139
63721 63744 171
63728 63751 97
63752 63800 129
63759 63768 133
63768 63782 247
63774 63782 185
63780 63788 147
63804 63819 234
63834 63853 213
63856 63871 242
63868 63896 26
63889 63904 199
63919 63964 119
63945 63954 99
63957 63999 217
63962 63965 108
63991 64012 191
64012 64045 293
64038 64088 8
64039 64079 93
64041 64059 63
64054 64058 221
64070 64090 104
64070 64116 89
64097 64141 37
64120 64134 234
64134 64150 11
64147 64192 11
64159 64206 146
64170 64189 165
64192 64231 189
64210 64256 173
64236 64259 76
64258 64308 103
64286 64334 58
64294 64331 118
64323 64364 27
64341 64379 254
64346 64365 183
64362 64399 132
64392 64423 214
64419 64436 246
64426 64430 283
64443 64447 156
64469 64512 18
64471 64487 10
64490 64522 262
64504 64533 45
64517 64563 192
64521 64528 72
64543 64564 300
64564 64599 203
64575 64592 235
64590 64636 132
64602 64626 149
64625 64655 231
64653 64699 265
64654 64689 107
64659 64677 5
64684 64717 105
64690 64717 200
64710 64744 269
64716 64724 53
64729 64730 139
64744 64784 161
64763 64812 80
64790 64801 150
64810 64840 54
64830 64876 141
64838 64883 100
64865 64912 223
64873 64906 267
64884 64901 247
64903 64910 244
64927 64947 16
64932 64951 239
64947 64949 83
64977 64994 274
65003 65038 185
65027 65062 281
65033 65045 33
65045 65069 272
65073 65087 230
65102 65149 134
65117 65136 205
65128 65154 178
65144 65174 202
65163 65195 292
65182 65198 200
65201 65223 44
65203 65242 218
65232 65278 57
65252 65273 79
65264 65275 93
65290 65306 130
65320 65355 68
65338 65356 204
65347 65352 32
65376 65380 2
65401 65409 185
65430 65435 255
65456 65473 240
65483 65500 291
65511 65552 20
65511 65558 214
65540 65543 291
65568 65591 131
65590 65639 237
65620 65634 284
65620 65638 258
65629 65631 245
65658 65700 34
65659 65680 110
65668 65702 25
65682 65732 91
65690 65712 198
65716 65758 197
65733 65741 103
65758 65765 299
65787 65822 203
65815 65841 1
65834 65882 177
65863 65882 277
65865 65876 135
65871 65885 111
65896 65916 24
65901 65922 64
65923 65953 231
65927 65949 51
65944 65970 25
65963 66001 106
65982 66032 39
65995 66033 77
66019 66064 167
66032 66055 133
66033 66065 85
66055 66071 56
66063 66083 279
66081 66122 233
66083 66119 68
66106 66113 33
66106 66156 137
66131 66155 97
66155 66191 185
66176 66179 298
66179 66221 98
66181 66217 87
66195 66198 259
66202 66236 135
66209 66242 88
66215 66259 14
66240 66249 224
66248 66289 96
66262 66306 120
66276 66308 82
66304 66349 39
66310 66333 12
66338 66375 52
66357 66366 174
66387 66418 179
66395 66420 229
66403 66424 266
66418 66436 67
66426 66434 19
66449 66464 253
66473 66507 212
66503 66511 60
66528 66531 24
66535 66566 180
66552 66577 116
66572 66616 288
66588 66595 50
66615 66637 244
66645 66676 217
66657 66669 159
66662 66676 198
66681 66694 137
66701 66708 136
66720 66727 212
66745 66775 283
66773 66810 86
66793 66805 156
66820 66854 136
66839 66844 275
66859 66905 217
66864 66878 151
66865 66913 267
66876 66912 275
66904 66921 145
66925 66940 83
66927 66950 82
66945 66960 271
66974 66979 154
66993 66999 211
67019 67057 233
67047 67076 23
67062 67087 199
67076 67124 8
67087 67097 266
67102 67126 141
67132 67146 252
67144 67181 245
67169 67181 16
67194 67214 105
67214 67243 65
67233 67253 55
67246 67247 11
67249 67297 173
67250 67295 34
67279 67309 50
67294 67319 199
67307 67357 223
67309 67357 272
67324 67355 26
67344 67392 129
67362 67367 43
67391 67440 62
67417 67432 6
67429 67476 284
67443 67488 25
67464 67482 106
67489 67514 4
67508 67515 268
67534 67538 55
67536 67568 133
67551 67556 256
67562 67612 98
67573 67593 171
67599 67644 103
67626 67641 39
67637 67658 198
67652 67667 47
67654 67683 41
67684 67708 30
67687 67724 7
67690 67730 285
67714 67750 167
67735 67783 255
67758 67804 193
67763 67799 55
67770 67808 254
67793 67821 134
67821 67826 47
67845 67887 184
67855 67870 116
67874 67901 100
67889 67909 46
67889 67927 192
67910 67935 50
67936 67954 245
67960 67991 19
67989 68018 106
67992 67997 43
68019 68028 25
68036 68063 67
68063 68105 209
68076 68115 142
68088 68101 289
68101 68109 38
68114 68115 74
68126 68172 170
68152 68166 243
68154 68190 286
68162 68210 109
68188 68219 33
68192 68223 166
68199 68220 19
68219 68263 225
68243 68259 114
68246 68259 150
68274 68280 90
68303 68312 261
68314 68339 26
68315 68348 296
68334 68373 29
68341 68374 133
68364 68411 89
68388 68392 111
68406 68451 30
68413 68423 12
68425 68472 82
68433 68483 205
68454 68488 40
68470 68487 121
68475 68499 246
68499 68520 53
68521 68532 54
68522 68540 47
68529 68548 57
68541 68564 208
68563 68585 58
68587 68633 224
68595 68625 187
68605 68637 220
68618 68630 46
68635 68677 22
68661 68702 177
68683 68723 87
68694 68702 31
68718 68745 215
68733 68767 114
68741 68744 18
68766 68782 9
68790 68814 209
68798 68846 266
68800 68805 103
68802 68818 149
68825 68845 13
68844 68851 105
68852 68869 165
68855 68895 298
68880 68887 12
68891 68926 157
68909 68913 203
68927 68962 191
68955 68959 137
68984 68986 104
68999 69033 251
69011 69021 188
69023 69053 131
69026 69055 277
69033 69036 79
69037 69083 62
69050 69080 288
69067 69103 37
69088 69108 235
69090 69126 209
69093 69131 261
69097 69134 23
69104 69128 69
69132 69163 275
69157 69167 255
69169 69209 76
69198 69233 102
69198 69239 104
69226 69275 82
69240 69286 261
69249 69269 122
69256 69300 5
69263 69270 201
69286 69304 178
69290 69336 119
69301 69313 229
69331 69348 115
69349 69366 281
69365 69395 179
69379 69418 70
69402 69412 198
69404 69425 104
69407 69456 82
69422 69427 114
69443 69444 187
69466 69490 7
69472 69478 12
69472 69494 197
69488 69524 33
69506 69541 300
69536 69555 124
69547 69557 36
69557 69566 101
69587 69600 298
69613 69630 171
69613 69618 300
69643 69652 289
69650 69682 22
69679 69688 65
69695 69715 202
69696 69701 145
69709 69758 245
69723 69759 58
69742 69775 66
69751 69790 145
69770 69810 113
69786 69813 210
69799 69845 156
69809 69827 208
69839 69843 12
69840 69871 184
69852 69855 85
69862 69879 110
69879 69889 133
69879 69900 171
69901 69949 141
69919 69953 218
69934 69972 129
69946 69956 244
69973 69984 213
69996 70038 32
69998 70012 292
70019 70044 209
70049 70085 18
70074 70075 14
70077 70108 6
70104 70129 18
70117 70132 154
70118 70154 239
70133 70164 86
70136 70142 156
70156 70204 88
70185 70195 99
70205 70248 238
70205 70237 253
70216 70233 294
70236 70270 282
70237 70286 266
70240 70258 222
70270 70297 222
70284 70302 142
70308 70315 47
70333 70381 297
70345 70378 133
70359 70364 126
70368 70402 225
70370 70403 41
70385 70397 141
70402 70451 296
70406 70427 38
70427 70429 299
70455 70457 275
70469 70518 197
70490 70520 246
70494 70509 226
70502 70522 274
70511 70530 4
70529 70571 195
70557 70586 207
70576 70584 27
70598 70630 127
70608 70643 28
70611 70661 233
70633 70659 149
70633 70667 160
70654 70659 276
70669 70708 125
70695 70735 263
70707 70719 170
70715 70757 21
70731 70735 137
70752 70794 255
70765 70792 281
70778 70792 56
70790 70814 252
70815 70821 193
70832 70851 96
70858 70860 205
70872 70874 291
70874 70914 184
70887 70897 26
70906 70908 294
70916 70958 12
70946 70981 3
70968 71009 209
70991 70994 54
71012 71018 77
71017 71026 14
71028 71039 237
71043 71051 131
71045 71053 280
71056 71071 269
71081 71091 134
71086 71130 185
71108 71109 132
71135 71184 209
71164 71183 236
71190 71206 200
71194 71214 93
71224 71247 90
71249 71253 278
71261 71263 141
71263 71306 142
71289 71321 34
71295 71337 122
71321 71346 279
71322 71337 127
71347 71360 284
71364 71410 191
71386 71391 148
71415 71425 226
71422 71445 207
71430 71472 129
71443 71486 222
71462 71503 84
71476 71504 167
71483 71503 207
71485 71515 233
71504 71546 141
71525 71552 19
71530 71579 89
71544 71569 232
71568 71597 157
71587 71614 30
71587 71630 29
71596 71642 60
71601 71635 67
71627 71652 11
71645 71682 36
71655 71675 21
71667 71698 128
71672 71682 40
71685 71721 153
71699 71745 296
71714 71739 23
71727 71737 117
71738 71783 97
71763 71802 52
71768 71815 9
71783 71790 204
71810 71832 117
71833 71840 70
71858 71867 170
71885 71892 18
71889 71935 249
71898 71944 145
71926 71962 257
71929 71966 250
71950 71987 32
71971 72012 190
72000 72024 30
72024 72033 54
72046 72055 122
72050 72070 4
72051 72092 226
72070 72071 140
72084 72128 80
72110 72121 284
72125 72157 119
72136 72183 110
72159 72199 230
72177 72200 227
72188 72194 55
72197 72216 207
72217 72247 148
72238 72260 25
72251 72263 51
72270 72277 127
72279 72305 219
72298 72335 24
72311 72342 267
72321 72326 129
72337 72358 96
72367 72417 17
72391 72418 112
72392 72403 171
72393 72419 243
72401 72403 123
72404 72427 79
72421 72468 44
72432 72459 141
72455 72476 242
72458 72503 134
72476 72497 139
72489 72507 221
72490 72494 121
72518 72541 104
72547 72575 242
72559 72566 35
72570 72614 128
72592 72613 275
72617 72647 89
72637 72643 63
72658 72684 6
72659 72681 205
72677 72718 253
72677 72724 69
72688 72695 266
72695 72737 183
72714 72763 252
72736 72763 299
72757 72805 16
72787 72817 107
72809 72848 75
72820 72856 280
72834 72871 144
72857 72858 209
72873 72891 166
72896 72924 117
72906 72922 71
72931 72932 155
72951 72961 198
72962 72997 150
72984 73019 133
72995 73028 127
73013 73062 236
73027 73044 147
73045 73085 295
73074 73116 284
73104 73152 171
73109 73146 181
73111 73158 240
73125 73155 295
73137 73160 173
73166 73188 215
73166 73170 133
73173 73195 298
73199 73224 107
73200 73247 200
73208 73256 37
73211 73225 110
73216 73226 203
73238 73275 6
73250 73261 259
73266 73293 278
73284 73309 8
73311 73349 283
73333 73361 60
73355 73366 220
73374 73404 199
73389 73423 20
73414 73415 233
73437 73444 26
73467 73498 268
73489 73506 213
73506 73512 169
73533 73583 93
73557 73600 105
73566 73611 146
73583 73631 255
73593 73619 104
73614 73661 109
73623 73634 164
73632 73641 86
73652 73658 227
73666 73679 120
73680 73713 207
73699 73747 47
73712 73745 48
73714 73749 283
73725 73769 108
73732 73750 88
73746 73791 113
73763 73767 178
73778 73812 82
73799 73836 254
73806 73820 289
73825 73870 87
73836 73873 208
73859 73863 180
73887 73917 257
73917 73958 176
73936 73949 158
73938 73975 189
73941 73946 265
73947 73992 134
73973 73992 276
73993 74027 111
74014 74059 34
74022 74058 235
74048 74068 273
74072 74081 43
74091 74121 2
74110 74129 6
74137 74176 180
74155 74157 81
74179 74180 104
74190 74214 183
74206 74230 183
74213 74236 168
74222 74224 288
74235 74272 27
74240 74263 284
74240 74288 122
74240 74250 226
74250 74269 106
74268 74297 71
74268 74310 59
74276 74307 125
74282 74321 115
74305 74331 44
74307 74310 213
74325 74373 170
74331 74378 108
74359 74362 21
74366 74410 273
74370 74385 74
74371 74393 227
74374 74393 182
74383 74385 246
74410 74431 30
74431 74477 194
74438 74483 268
74443 74481 135
74444 74479 87
74469 74482 184
74492 74511 47
74519 74542 79
74539 74548 287
74545 74556 283
74569 74583 89
74586 74629 80
74598 74601 209
74612 74616 192
74622 74635 54
74630 74667 88
74639 74653 141
74667 74716 17
74686 74708 218
74704 74710 260
74720 74723 137
74720 74761 136
74732 74781 150
74761 74805 185
74782 74827 164
74808 74823 116
74829 74864 249
74847 74858 137
74868 74908 223
74885 74905 230
74901 74945 247
74913 74955 287
74913 74928 241
74915 74916 274
74919 74953 45
74940 74966 16
74967 74995 173
74968 74991 173
74997 75012 151
75019 75052 142
75021 75028 252
75027 75077 281
75052 75076 51
75068 75103 33
75095 75136 300
75107 75130 194
75137 75174 39
75145 75181 271
75153 75184 212
75169 75204 126
75188 75192 169
75202 75238 24
75207 75241 55
75236 75242 207
75265 75299 279
75288 75297 162
75303 75350 228
75313 75324 152
75330 75378 58
75358 75403 91
75375 75407 53
75391 75398 32
75407 75412 222
75414 75427 141
75437 75477 152
75439 75460 253
75460 75461 165
75467 75469 150
